26

C          2.64086       -0.60124        1.40283
N          2.50206       -0.07909        0.05003
C          3.09992       -0.91418       -1.02258
C          4.62795       -1.18728       -0.85901
N          4.77617       -2.55306       -0.37734
C          3.57587       -3.34860       -0.58766
C          2.52336       -2.34068       -0.99147
O          1.36337       -2.65531       -1.24946
C          5.97054       -3.11335       -0.02589
N          6.15348       -4.34745        0.31103
O          7.50569       -4.54242        0.61423
C          2.81489       -0.33784       -2.40273
C          2.14452        0.78480       -2.70712
H          2.13011        0.07531        2.09623
H          3.68633       -0.66062        1.71855
H          2.17134       -1.58232        1.51800
H          2.92073        0.84876        0.01212
H          5.08877       -0.48087       -0.15784
H          5.16532       -1.07569       -1.80930
H          3.27000       -3.84699        0.33631
H          3.71678       -4.06683       -1.40067
H          6.80903       -2.39267       -0.04739
H          7.52241       -5.47826        0.88894
H          3.17875       -0.93307       -3.24141
H          1.70660        1.42537       -1.94897
H          1.98885        1.07186       -3.74292
