27

C          1.58707        1.79826       -5.89901
C          1.40084        2.72997       -4.71477
O          0.12655        3.38919       -4.80125
C          1.50567        1.98267       -3.38621
O          2.62512        1.09502       -3.33892
C          3.87842        1.62021       -3.04501
C          4.05250        2.92587       -2.76092
C          4.12873        3.06835       -1.26011
N          4.11656        1.68292       -0.71695
C          4.54953        0.87742       -1.90974
C          4.22028       -0.62518       -1.85618
N          3.52068       -1.08627       -0.77664
O          4.56252       -1.41852       -2.73429
H          1.33604        2.30589       -6.83614
H          0.92982        0.92476       -5.81627
H          2.61913        1.44190       -5.96366
H          2.16316        3.51550       -4.76166
H         -0.55103        2.70253       -4.91152
H          0.60690        1.35709       -3.25693
H          1.47283        2.66661       -2.52351
H          4.92119        3.39987       -3.22853
H          3.26051        3.63641       -0.90628
H          5.03876        3.59621       -0.96103
H          3.13214        1.44768       -0.57229
H          5.64331        0.94490       -1.99306
H          3.57060       -0.57605        0.09418
H          3.42647       -2.09457       -0.73555
