27

C          1.01898       -0.80419       -0.07943
C          2.49880       -0.36032        0.04235
C          3.25406       -1.13407       -1.05840
O          4.67421       -0.98837       -1.02052
C          5.21866       -1.33677        0.25075
C          4.74392       -0.31097        1.27069
C          5.02315        1.12223        0.77566
N          3.93109        1.72809        0.00880
C          2.59204        1.20286        0.34993
C          2.52784        0.81237        1.86444
C          3.22603       -0.50293        1.44079
C          1.52949        2.07411       -0.11424
N          0.65633        2.75312       -0.47436
H          0.64274       -0.54303       -1.07835
H          0.35697       -0.32505        0.64650
H          0.91385       -1.88684        0.03868
H          2.91858       -0.81474       -2.04941
H          3.03899       -2.20868       -0.97568
H          6.31013       -1.31253        0.16257
H          4.92947       -2.35828        0.52668
H          5.25682       -0.47132        2.22616
H          5.93759        1.15216        0.16770
H          5.23058        1.76870        1.63586
H          4.14410        1.67759       -0.98895
H          1.51957        0.64298        2.26906
H          3.04717        1.44740        2.58922
H          2.96930       -1.39130        2.02753
