21

N          3.42954       -0.45217       -1.49041
C          4.26332        0.50292       -1.24433
N          3.85478        1.74851       -0.80425
C          4.66209        2.60652       -0.09811
N          5.02612        3.77362       -0.54166
C          6.38672        3.94764       -0.31728
C          7.16233        3.52779       -1.34831
C          7.49275        2.07456       -1.42154
C          7.79408        1.25990       -2.63928
C          6.37883        1.31905       -2.16995
N          5.60970        0.28215       -1.45400
H          2.48860       -0.11738       -1.26436
H          3.42890        2.26474       -1.56680
H          5.22720        2.04898        0.67656
H          6.70445        3.65037        0.68843
H          6.88334        3.93132       -2.32602
H          7.88060        1.65902       -0.49466
H          8.04889        1.78069       -3.55705
H          8.33479        0.32899       -2.51124
H          5.74192        1.85904       -2.87145
H          5.73781       -0.66773       -1.79331
