30

C          2.63972        0.11884       -1.51075
N          2.39617       -0.23147       -0.11198
C          3.12417        0.65428        0.79273
C          2.63744        1.98020        1.30134
C          1.23643        2.56361        1.26920
C          0.11406        1.55771        0.95216
C          0.05739        0.55138        2.11498
C         -0.57479        1.19482        3.39419
C          0.79387        1.89735        3.53889
O          0.97751        3.02883        2.62224
C          1.39977        0.53891        2.94247
C          2.76050        0.77369        2.25047
C          3.90575        0.68348        3.22387
H          2.17315       -0.62396       -2.16478
H          3.71071        0.14294       -1.74173
H          2.20641        1.09530       -1.74851
H          2.70944       -1.19242        0.03345
H          4.19701        0.64135        0.58127
H          3.36976        2.77253        1.41374
H          1.19490        3.41781        0.58709
H          0.26586        1.05651       -0.00498
H         -0.84909        2.07883        0.88008
H         -0.36840       -0.41931        1.84855
H         -0.80762        0.49511        4.20601
H         -1.43579        1.85189        3.24286
H          1.09610        2.15896        4.55594
H          1.44975       -0.28812        3.66728
H          3.92040       -0.31231        3.68047
H          3.79707        1.42468        4.02010
H          4.87686        0.83879        2.74354
