26

C          1.47632        1.67619        0.36178
C          2.90590        1.58869        0.97306
N          3.75011        1.55506       -0.24149
C          2.89984        0.20553        1.78109
C          4.29158       -0.29889        2.25222
N          5.02407        0.77236        2.95378
C          4.82320        1.98422        2.38770
N          5.79138        2.59879        1.79090
C          3.32350        2.46239        2.22810
C          2.24006        1.90868        3.17255
O          2.15787        0.49343        2.99612
C          3.40759        3.85392        2.69064
C          3.68592        4.64202        3.58478
H          1.35587        0.88541       -0.40129
H          1.27752        2.62839       -0.13487
H          0.66864        1.46401        1.06886
H          3.56548        0.71961       -0.79802
H          4.74568        1.55674       -0.00795
H          2.37884       -0.59986        1.25479
H          4.88382       -0.64149        1.39694
H          4.17853       -1.13004        2.95588
H          4.66147        0.78237        3.91048
H          6.63544        2.04099        1.93453
H          1.26596        2.33725        2.87675
H          2.34599        2.16338        4.23067
H          4.02764        4.94331        4.55206
