22

C          1.10924        0.07734       -0.07070
N          2.56474        0.11411       -0.05101
C          3.36417       -1.07279        0.20240
C          4.27913       -0.83228        1.40801
O          3.79017       -0.01169        2.39825
C          3.99076        1.37538        2.16530
C          3.75988        1.96153        0.97014
C          3.29538        1.28661       -0.29039
O          3.60175        1.69025       -1.38662
C          4.56466        2.19973        3.30614
C          5.05694        2.90685        4.28475
N          5.44561       -1.40711        1.47048
N          6.18672       -1.13844        2.54518
H          0.72726       -0.92896        0.11957
H          0.72464        0.43113       -1.03282
H          0.72374        0.74779        0.70660
H          3.99144       -1.26421       -0.68052
H          2.74097       -1.96178        0.35510
H          3.97724        3.01984        0.84305
H          5.45938        3.48489        5.08414
H          7.12535       -1.51711        2.60482
H          5.84493       -0.56139        3.30653
