26

C          1.24449       -0.16634        0.93446
C          2.58270        0.19693        0.32515
N          2.91412       -0.32084       -0.82191
N          3.43428        1.04101        1.00159
O          2.77360        2.01204        1.86208
C          3.61382        3.22192        1.85921
C          4.74909        3.47205        3.01178
N          5.34274        2.32234        2.39242
C          6.53740        1.65067        2.07897
C          6.02090        0.88698        0.78571
O          6.99964        1.03918       -0.25458
C          4.66097        1.57273        0.36296
C          4.86253        2.85947        1.07501
H          0.69123       -0.85367        0.28792
H          0.64102        0.73330        1.07782
H          1.40670       -0.65303        1.90075
H          2.17247       -0.92969       -1.17477
H          3.05425        4.10116        1.53262
H          4.41784        3.35662        4.04103
H          5.31105        4.41481        2.90749
H          6.81304        0.92585        2.85395
H          7.38990        2.30138        1.87018
H          5.88152       -0.18297        0.96756
H          7.17056        1.98769       -0.38234
H          4.55200        1.70514       -0.71767
H          5.45572        3.66248        0.62316
