23

C          1.08489        0.10401       -0.02125
N          2.53926        0.07660       -0.11874
C          3.12123        1.07229       -1.10508
C          2.67551        0.09150       -2.24190
C          3.10846       -0.91736       -1.11195
C          4.56985       -0.66234       -0.98035
C          4.64529        0.84783       -0.97386
C          5.55369       -1.56806       -0.87188
O          5.33437       -2.94902       -0.70515
C          4.93996       -3.63553       -1.81251
O          4.63768       -3.18422       -2.90582
C          6.91389       -1.13932       -0.76794
N          8.01472       -0.78722       -0.69435
H          0.80157        0.84288        0.73666
H          0.71365       -0.86600        0.32567
H          0.53257        0.37119       -0.92564
H          2.73472        2.09232       -1.08824
H          3.27917        0.10631       -3.15754
H          1.62832        0.09776       -2.55354
H          2.71931       -1.93552       -1.10819
H          5.19095        1.25464       -1.82954
H          5.03134        1.24211       -0.02975
H          4.92863       -4.70957       -1.56145
