30

C          2.93342       -0.98941        1.26213
C          2.56578       -0.06074        0.10887
O          2.95851        1.26866        0.49869
C          3.13044       -0.42622       -1.32621
C          2.56007       -1.80812       -1.74788
C          2.57466        0.62061       -2.31748
C          2.32139        0.48435       -3.62787
N          4.64641       -0.36641       -1.39701
C          5.31316        0.90894       -1.68472
C          5.41282       -1.44597       -0.93748
O          4.95871       -2.46812       -0.43887
N          6.79709       -1.28730       -1.04093
N          7.62185       -2.39741       -0.69597
H          2.50825       -0.60636        2.19775
H          4.01415       -1.02153        1.42593
H          2.55617       -2.00406        1.11472
H          1.46799       -0.04076        0.04917
H          3.91258        1.23206        0.67540
H          1.46388       -1.78090       -1.79456
H          2.80108       -2.61261       -1.05079
H          2.93625       -2.12276       -2.72735
H          2.36461        1.60167       -1.88414
H          2.49923       -0.43917       -4.16520
H          1.94019        1.32518       -4.20085
H          4.63672        1.71696       -1.95896
H          6.00972        0.76903       -2.51757
H          5.87257        1.22365       -0.79818
H          7.13811       -0.72048       -1.80914
H          6.97943       -3.18849       -0.53407
H          8.01756       -2.21390        0.22891
