27

C          4.17967        1.07692       -0.43886
N          3.90167       -0.32685       -0.10399
C          2.94630       -0.88580       -1.08172
C          2.53051       -2.29319       -0.74589
C          2.68968       -3.34641       -1.56663
C          2.26803       -4.74707       -1.22881
C          1.31795       -5.24987       -2.28594
N          1.61697       -6.28300       -3.00771
N          0.58670       -6.58469       -3.89304
C          0.85478       -7.66330       -4.54898
N          5.11038       -1.05305       -0.07887
C          5.79350       -1.24384        1.09638
O          6.83730       -1.87679        1.17607
H          3.26035        1.67185       -0.41279
H          4.63381        1.17751       -1.43184
H          4.86379        1.51885        0.29462
H          3.36107       -0.83714       -2.09718
H          2.03354       -0.27623       -1.07779
H          2.06577       -2.42870        0.22881
H          3.16597       -3.20896       -2.53638
H          1.75018       -4.79222       -0.26560
H          3.14811       -5.39654       -1.18340
H          0.35717       -4.71531       -2.39923
H          0.13883       -8.04599       -5.29237
H          1.78277       -8.24275       -4.40388
H          5.46542       -1.52424       -0.90554
H          5.32119       -0.75506        1.96474
