26

C          3.21472        0.60386       -1.39043
C          2.69344       -0.05911       -0.11920
C          3.08932       -1.51757       -0.00209
C          2.22590       -2.55715        0.08171
C          0.72586       -2.43985        0.05028
O          0.35682       -1.88616       -1.20941
C          0.03432       -3.78478        0.19204
C          0.06686       -4.56302        1.53539
N         -1.34711       -4.93456        1.27564
C         -1.48492       -3.68422        0.49293
C          4.58255       -1.79823        0.04154
N          5.82131       -2.03106        0.07773
H          2.84768        1.63376       -1.45315
H          2.88139        0.06984       -2.28618
H          4.30913        0.64472       -1.40183
H          1.60690        0.06812       -0.08934
H          3.08243        0.48279        0.75157
H          2.63377       -3.56206        0.18781
H          0.39583       -1.75399        0.84018
H          0.71324       -2.46088       -1.90782
H          0.24491       -4.44602       -0.66227
H          0.20048       -3.95158        2.43466
H          0.75092       -5.41564        1.57468
H         -1.94578       -4.99960        2.09827
H         -1.78536       -2.82343        1.10530
H         -2.15030       -3.74944       -0.37174
