31

C          1.12181       -0.38944       -0.78166
C          2.47965        0.11026       -0.33908
C          2.71443        1.60193       -0.52020
C          4.23911        1.69935       -0.31906
N          4.70012        3.06148       -0.63402
C          4.65236        1.35219        1.12928
C          4.83564       -0.07601        1.64165
N          4.76813       -1.26431        1.10507
N          4.37970       -1.50010       -0.16326
C          5.07978       -2.54956       -0.90375
C          3.73280       -0.52597       -1.02846
C          4.72137        0.64529       -1.33502
N          6.16903        0.38299       -1.25702
H          0.32934        0.23302       -0.34988
H          0.96033       -1.41265       -0.43313
H          1.00819       -0.37151       -1.87181
H          2.48542       -0.08393        0.74280
H          2.14241        2.20914        0.18831
H          2.42684        1.91481       -1.53369
H          4.03310        3.75842       -0.31262
H          4.79893        3.17493       -1.64219
H          3.94323        1.82828        1.82640
H          5.61805        1.82571        1.34746
H          5.12647       -0.10865        2.70757
H          6.06146       -2.75479       -0.45983
H          5.27093       -2.27482       -1.94934
H          4.49975       -3.47843       -0.90891
H          3.41819       -0.99128       -1.97219
H          4.52613        0.99311       -2.35845
H          6.32616       -0.18174       -0.40862
H          6.44084       -0.24054       -2.01477
