25

C          1.08151       -0.19856        0.11554
C          2.59974       -0.05290        0.10894
O          3.12431       -1.23634       -0.51707
C          4.47999       -1.38775       -0.45168
O          4.97586       -2.27647        0.23403
N          5.17406       -0.70425       -1.43943
O          5.36086        0.70354       -1.39777
C          4.62090        1.36270       -0.37291
C          3.13640        1.17981       -0.59606
C          2.30014        2.42137       -0.87138
N          2.58752        1.48780       -1.94340
C          5.26325       -1.21484       -2.72007
C          5.78351       -0.57289       -3.77476
H          0.79270       -1.12288        0.62872
H          0.68031       -0.27168       -0.90108
H          0.59612        0.63781        0.62651
H          2.92795       -0.04350        1.15693
H          4.88895        2.42398       -0.42646
H          4.94765        1.01937        0.61682
H          2.78057        3.38976       -0.94558
H          1.26695        2.46487       -0.55252
H          3.35060        1.79078       -2.55563
H          4.87587       -2.22444       -2.84042
H          6.19599        0.42706       -3.69590
H          5.81485       -1.04849       -4.74899
