25

C          5.30823        5.22135        0.16388
C          5.62530        3.73523        0.27935
N          6.87046        3.47131        0.36139
C          7.43057        2.16715        0.64716
C          8.74510        2.11537       -0.06482
C          8.66215        1.23950       -1.05941
O          7.45634        0.57635       -1.18372
C          6.81205        0.87691        0.08365
C          5.34066        0.67241       -0.04320
C          4.36057        1.57374        0.10569
C          2.91803        1.09981        0.02165
O          2.10339        1.94606        0.83381
N          4.51882        2.92566        0.31575
H          6.22456        5.81904        0.13649
H          4.71871        5.52715        1.03409
H          4.73021        5.41079       -0.74454
H          7.57522        2.06993        1.72878
H          9.58821        2.75170        0.15580
H          9.39433        1.00597       -1.81435
H          7.13812        0.06663        0.75721
H          5.06967       -0.35993       -0.25394
H          2.79526        0.06671        0.36643
H          2.55403        1.17657       -1.00682
H          2.19738        1.61756        1.74578
H          3.61509        3.40359        0.29796
