28

C          0.95197       -0.13297        0.43369
C          2.25191        0.01879        0.14457
C          3.01001       -1.00542       -0.66649
C          2.88492       -0.65368       -2.16905
N          3.55592       -1.58385       -3.08747
N          3.43652       -1.17099       -4.45416
C          2.35108       -0.60033       -5.05639
C          2.71992       -0.41850       -6.37010
N          3.98312       -0.90972       -6.59500
C          4.38274       -1.36147       -5.42490
C          4.45927       -1.22554       -0.11466
C          4.24177       -2.74470       -0.22279
C          2.72596       -2.48978       -0.24845
H          0.42118        0.62521        1.00103
H          0.38530       -1.00548        0.12396
H          2.78167        0.91519        0.45688
H          3.28782        0.35530       -2.32959
H          1.81476       -0.62982       -2.40772
H          3.17478       -2.51997       -2.96914
H          1.44316       -0.35195       -4.53653
H          2.14134        0.03246       -7.16272
H          5.33360       -1.83190       -5.21962
H          4.61089       -0.89409        0.92042
H          5.27694       -0.82634       -0.72258
H          4.59811       -3.33067        0.62920
H          4.63919       -3.19141       -1.13985
H          2.26740       -2.61893        0.73966
H          2.15906       -3.09238       -0.96397
