30

C          2.97239       -0.28807       -0.99861
N          2.40735       -0.01962        0.32511
C          3.12570        1.05397        1.04451
C          4.62786        0.64406        1.28901
C          4.95085        1.25493        2.64463
C          5.88393        0.83471        3.50990
C          3.87368        2.27167        2.97546
C          2.69327        1.31198        2.51975
O          2.61641        0.10713        3.30328
C          3.39384        3.65047        2.49753
C          3.78144        4.78576        3.10554
C          2.58014        3.64292        1.21385
C          2.91278        2.42971        0.29953
H          2.46261       -1.14041       -1.45590
H          4.04032       -0.52973       -0.96590
H          2.83192        0.56354       -1.67138
H          2.46379       -0.86517        0.90108
H          5.28505        1.03347        0.50355
H          4.74731       -0.44519        1.35135
H          6.55585        0.01953        3.26457
H          5.97015        1.27970        4.49816
H          4.60459        2.70926        2.23973
H          1.69641        1.75806        2.59622
H          2.61528        0.37646        4.23285
H          4.45249        4.76185        3.95880
H          3.50511        5.76462        2.71961
H          2.70740        4.57323        0.65019
H          1.51535        3.60070        1.49003
H          3.78550        2.65866       -0.32232
H          2.05930        2.34791       -0.38897
