32

C          0.51896       -0.58584        0.42272
C          1.94646       -0.10380        0.21382
C          2.82904       -0.93741       -0.72423
C          3.03626       -2.40428       -0.37658
C          2.19607       -2.04262       -1.56506
C          3.99027       -0.11519       -1.33003
C          4.96247        0.47865       -0.28845
C          5.64651       -0.57094        0.58314
C          6.67244       -1.55187       -0.03641
C          7.46016       -1.31684        1.25860
N          6.78973        0.00465        1.36393
C          4.78973       -0.78039       -2.43713
O          5.35090       -0.15002       -3.32869
H         -0.00750        0.09084        1.10390
H          0.48909       -1.58810        0.86014
H         -0.03882       -0.60055       -0.51897
H          2.44038       -0.04523        1.19105
H          1.88940        0.92108       -0.17288
H          2.53510       -2.80809        0.49804
H          3.98540       -2.89048       -0.56335
H          1.13483       -2.25594       -1.50168
H          2.58161       -2.26127       -2.55503
H          3.50982        0.73827       -1.83158
H          4.41645        1.17594        0.36008
H          5.71565        1.08169       -0.81369
H          4.92661       -1.06716        1.24878
H          7.18337       -1.18428       -0.93393
H          6.32895       -2.57424       -0.20671
H          8.54761       -1.28291        1.15297
H          7.20365       -2.00060        2.07656
H          7.29795        0.73868        0.86567
H          4.94086       -1.86460       -2.35828
