28

C          0.53203       -0.05714        0.50966
C          1.93952       -0.33453       -0.03079
C          2.81438        0.95728       -0.02304
C          4.24306        0.57204       -0.36694
C          4.38479       -0.61438       -1.34695
C          5.05895       -1.61347       -0.45078
O          6.37171       -1.04197       -0.04267
C          6.56467        0.33308       -0.22886
C          5.56753        1.22294       -0.43293
C          4.10365       -1.94469        0.76909
O          4.26953       -3.32190        1.15458
C          2.54924       -1.67460        0.57888
H          0.19677        0.94903        0.23222
H          0.47994       -0.14926        1.59663
H         -0.18295       -0.76473        0.07103
H          1.74481       -0.54204       -1.09174
H          2.77762        1.40018        0.98578
H          2.41922        1.71039       -0.71037
H          4.40952        0.26615        0.67111
H          5.00492       -0.35902       -2.21444
H          3.47412       -1.01556       -1.78655
H          5.29826       -2.53273       -0.99724
H          7.62232        0.58334       -0.19098
H          5.71873        2.27743       -0.62102
H          4.43592       -1.39896        1.65967
H          3.80143       -3.87962        0.51241
H          2.08971       -1.84610        1.56304
H          2.15120       -2.49728       -0.03598
