31

C          2.09092       -1.73004       -0.11553
C          2.44112       -0.25108       -0.04810
C          3.05713        0.18622        1.28295
C          4.38196       -0.45622        1.58662
C          5.20809        0.38234        2.21803
C          4.58297        1.73150        2.43183
C          4.16272        1.90747        3.88945
C          3.36282        1.71842        1.44852
N          3.76242        2.48788        0.24949
C          2.71549        2.82144       -0.72944
C          1.48749        3.53548       -0.15586
O          1.86940        4.76725        0.44869
H          1.56783       -1.94253       -1.05332
H          1.43515       -2.02041        0.71224
H          2.98632       -2.35783       -0.08899
H          1.51399        0.31082       -0.21109
H          3.12749       -0.03736       -0.87524
H          2.35943       -0.10353        2.08279
H          4.61279       -1.49512        1.38961
H          6.19280        0.11685        2.57795
H          5.30211        2.52008        2.17666
H          3.41586        1.16544        4.19374
H          3.73186        2.90231        4.04501
H          5.02475        1.80945        4.55857
H          2.51917        2.22064        1.93285
H          4.52148        1.98972       -0.22100
H          2.40647        1.95598       -1.31309
H          3.19078        3.50436       -1.44743
H          0.96916        2.92605        0.58925
H          0.77313        3.75326       -0.95574
H          2.75053        4.60210        0.83729
