31

C          0.94481       -0.10383       -0.64055
C          2.25994        0.16817        0.09106
C          2.43480        1.65310        0.21162
O          3.26849        2.14065        1.26932
C          1.85405        2.36833        1.39744
C          1.20533        1.65075        2.55565
C          1.54827        2.36780        3.88602
N          1.08453        3.75647        3.93707
C          1.63768        0.17544        2.66981
C          0.55178       -0.93664        2.54760
C          1.56981       -1.80887        1.77874
N          2.31368       -2.63141        2.73702
C          2.37412       -0.51321        1.46891
H          0.94505        0.37977       -1.62497
H          0.08565        0.29711       -0.09178
H          0.78165       -1.17145       -0.80821
H          3.07040       -0.21780       -0.54265
H          2.48716        2.16422       -0.74024
H          1.45892        3.36137        1.22569
H          0.11946        1.69493        2.40727
H          2.63477        2.35774        4.04741
H          1.09672        1.82452        4.72277
H          1.59695        4.30270        3.24395
H          1.35461        4.15579        4.83629
H          2.22032        0.03017        3.59295
H         -0.31454       -0.65548        1.93752
H          0.16867       -1.33728        3.49137
H          1.17942       -2.38294        0.93727
H          2.65313       -2.14583        3.56583
H          3.12852       -3.09455        2.33423
H          3.45256       -0.60997        1.68036
