24

N          3.17336       -0.62646       -8.21564
C          2.78366        0.47142       -7.31497
C          1.26851        0.90975       -7.49617
C          1.04291        2.06798       -6.44306
O          2.40717        2.24223       -5.99120
C          2.22320        1.12321       -5.07723
C          2.25188       -0.15852       -6.01368
C          0.87374       -0.39372       -6.79765
C         -0.35942       -0.48255       -5.96521
C         -1.40309        0.49337       -5.48186
N         -0.14802        0.33664       -4.79286
C          0.74474        1.47789       -5.02928
H          3.06017       -0.45712       -9.20828
H          2.88351       -1.57660       -7.99944
H          3.59215        1.21461       -7.31285
H          0.91269        1.08847       -8.51143
H          0.54295        2.98429       -6.75600
H          2.84168        1.16439       -4.18229
H          2.75842       -1.03001       -5.60382
H          0.87414       -1.25351       -7.49377
H         -0.61928       -1.52864       -5.82882
H         -2.25852        0.09874       -4.94756
H         -1.59926        1.44327       -5.96425
H          0.54086        2.27981       -4.30328
