23

C          0.96470        0.07022        0.06183
C          2.48470        0.07022        0.06183
C          3.78856        0.07022        0.06183
C          5.30856        0.07022        0.06183
C          6.39917        0.69447        1.06633
N          5.87332        0.25295        2.43404
N          5.27937        1.11011        3.19005
C          4.63951        1.95963        2.43503
C          4.72009        1.91169        0.85019
C          5.61882        3.51524        1.02276
C          6.60028        2.48500        0.75229
C          5.69944        4.68509        0.05561
C          5.76859        5.68858       -0.77400
H          0.59212        1.09805        0.08618
H          0.59173       -0.46431        0.93988
H          0.59143       -0.42253       -0.84018
H          5.62814        0.33677       -0.95513
H          7.36699        0.25758        0.90030
H          5.25122       -0.53699        2.23447
H          4.20004        2.85596        2.94985
H          3.74939        2.22513        0.47113
H          7.18481        2.61070       -0.17691
H          5.82731        6.51146       -1.44773
