30

C          1.79498        1.31618       -0.11733
C          2.53591       -0.00849        0.08151
N          1.78745       -0.89349        0.97537
C          2.87938       -0.71227       -1.22884
C          1.77560       -1.02623       -2.21784
N          0.53164       -1.49847       -1.60915
C          4.18020       -0.97149       -1.48622
C          4.82801       -1.55128       -2.66973
C          5.71582       -2.76779       -2.46003
C          5.80543       -3.50043       -1.15757
C          4.45024       -2.88864       -3.25475
O          4.61188       -3.02024       -4.67835
H          1.66969        1.83279        0.84198
H          0.79784        1.17747       -0.54809
H          2.36059        1.98329       -0.77733
H          3.46380        0.23932        0.61293
H          0.90878       -1.10578        0.49151
H          1.51708       -0.37555        1.80861
H          2.08756       -1.79540       -2.92917
H          1.56067       -0.12808       -2.80490
H          0.71886       -2.41114       -1.19300
H         -0.14052       -1.67478       -2.35662
H          4.89893       -0.67877       -0.72004
H          5.18614       -0.79842       -3.36719
H          6.65832       -2.80291       -2.99229
H          4.89505       -3.40996       -0.55712
H          6.64274       -3.11702       -0.56803
H          5.97366       -4.56596       -1.34155
H          3.63785       -3.44998       -2.80488
H          5.36220       -2.50045       -5.01646
