33

C          0.81740        0.21420       -0.11071
C          2.33873        0.11792       -0.14585
C          2.93720        0.75940        1.10600
C          4.48037        0.69289        1.21091
N          5.06223        1.37480        0.06487
C          6.25426        1.05820       -0.50053
N          6.79087        1.66086       -1.50093
C          4.95724        1.27799        2.57778
C          4.40056        0.47344        3.76040
N          4.80435        0.91074        5.09317
C          6.37322        1.83719        2.69309
C          5.20260        2.78023        2.69835
N          4.92930        3.51991        3.93342
H          0.38162       -0.24501       -1.00265
H          0.49278        1.25932       -0.07223
H          0.41066       -0.29911        0.76789
H          2.70741        0.61027       -1.05156
H          2.63065       -0.93807       -0.20010
H          2.49042        0.23367        1.95611
H          2.60927        1.80428        1.18015
H          4.78221       -0.35998        1.17913
H          4.52410        2.12644       -0.34706
H          6.77772        0.21252       -0.02265
H          6.19437        2.42876       -1.80915
H          4.67485       -0.58042        3.63753
H          3.31053        0.53280        3.75541
H          5.78748        0.68506        5.23163
H          4.29581        0.35785        5.78595
H          7.02853        1.87176        1.83616
H          6.93063        1.70790        3.61187
H          5.08760        3.38786        1.80358
H          4.96110        2.85377        4.71946
H          3.96980        3.86090        3.94323
