27

C          1.10537        0.27081       -0.21958
C          2.54161       -0.01149        0.04638
C          3.45913       -0.74258       -0.91525
C          2.83814       -1.30834       -2.12033
C          2.42811       -2.58438       -2.21651
N          3.65849        0.67781       -0.57153
N          3.37862        1.46917       -1.62742
C          4.03442        2.58262       -1.46584
C          4.33921        3.61111       -2.57594
C          3.30790        4.70080       -2.95298
C          3.55924        4.33690       -4.42628
O          3.23943        4.84366       -5.48312
C          4.43230        3.13380       -4.04814
H          0.49416       -0.39105        0.40761
H          0.79773        0.10296       -1.25418
H          0.85483        1.29974        0.05373
H          2.68976       -0.22382        1.09999
H          4.24770       -1.36496       -0.50422
H          2.66729       -0.64744       -2.96201
H          2.56501       -3.28121       -1.39599
H          1.93986       -2.95586       -3.11227
H          4.52030        2.81054       -0.49581
H          5.28943        4.10273       -2.30040
H          3.61638        5.71999       -2.69947
H          2.27947        4.52986       -2.63230
H          5.44311        3.16535       -4.46714
H          3.96479        2.17393       -4.27654
