25

C         -0.07082        0.31953       -1.83556
C         -0.75538       -0.63657       -0.82164
C         -2.16896       -0.12639       -0.26842
C         -2.44302       -0.68418        1.13979
N         -3.86798       -0.33055        1.13085
C         -3.91911        0.40770       -0.19201
C         -4.53823        2.02281        0.04722
C         -3.28934        2.12090        0.40871
C         -1.83341        2.23525        0.83013
O         -1.62781        2.20686        2.24145
C         -1.38233        1.01728        2.79167
C         -1.68620       -0.21861        2.34041
H         -0.78966        0.92270       -2.39702
H          0.60523        1.02733       -1.32159
H          0.56546       -0.22732       -2.53818
H         -0.03821       -0.65655        0.02473
H         -0.79129       -1.65863       -1.19407
H         -1.68374        0.79581       -0.42756
H         -2.30937       -1.78449        1.13024
H         -4.48658       -1.13388        1.16882
H         -4.49465       -0.09341       -0.97629
H         -1.81081        3.33698        0.70346
H         -0.90771        2.12559        0.25135
H         -0.89685        1.13487        3.75490
H         -1.35908       -1.01410        2.99200
