27

C          0.92022       -0.16891       -0.17344
C          2.43045        0.03294        0.03963
N          3.15331       -1.15953       -0.41940
N          3.73896       -0.99246       -1.68715
C          4.19658       -2.03428       -2.44535
C          4.83574       -1.51144       -3.54656
C          4.73852       -0.10218       -3.44855
C          4.03736        0.20237       -2.29214
C          3.64946        1.43973       -1.68147
C          4.07835        2.77564       -2.26512
C          2.88895        1.37027       -0.55355
C          2.44135        2.59409        0.12782
C          2.13705        2.72934        1.42465
H          0.58211       -1.11127        0.27376
H          0.65870       -0.18616       -1.23711
H          0.33897        0.62860        0.30295
H          2.61014        0.04684        1.11988
H          2.53376       -1.96502       -0.40189
H          4.06051       -3.05817       -2.12777
H          5.33004       -2.07848       -4.32477
H          5.15076        0.61317       -4.14831
H          4.75208        2.65359       -3.11834
H          4.61826        3.37239       -1.52275
H          3.20952        3.33630       -2.62673
H          2.35755        3.49125       -0.48472
H          2.21728        1.92373        2.14439
H          1.82331        3.69530        1.81099
