30

C          0.96518        0.09585        0.02430
C          2.45109        0.05182        0.01126
C          3.22645       -1.04039       -0.02947
C          4.68279       -0.70386        0.00008
N          5.21184       -1.05353        1.32230
C          4.69265        0.83721       -0.33423
N          5.74842        1.59722        0.38997
C          4.88824        1.03477       -1.87693
N          4.92991        2.45737       -2.24069
C          5.18117        2.65035       -3.65935
C          5.20226        4.08551       -3.96265
C          5.21134        5.26271       -4.21017
C          3.27215        1.30987        0.09267
H          0.53310       -0.90834       -0.04226
H          0.59280        0.67666       -0.82558
H          0.60337        0.55820        0.94761
H          2.86005       -2.05835       -0.04928
H          5.22828       -1.27466       -0.75760
H          4.70010       -0.52554        2.02752
H          6.18210       -0.75720        1.38053
H          6.66208        1.32039        0.03585
H          5.72378        1.32967        1.37336
H          4.08076        0.53850       -2.42750
H          5.83255        0.55899       -2.17382
H          5.64508        2.91913       -1.67590
H          4.38577        2.17441       -4.24517
H          6.13363        2.19710       -3.95404
H          5.20878        6.30622       -4.41975
H          2.87661        2.09211       -0.56297
H          3.25279        1.68408        1.12362
