30

C          1.17250       -1.19277       -1.51766
C          2.67816       -1.08771       -1.33782
C          3.96972       -0.99760       -1.18355
C          5.47538       -0.89254       -1.00371
N          5.93912        0.46026       -1.31838
C          5.32254        1.49378       -0.49779
C          7.44022        0.46895       -1.27741
C          8.12056       -0.43015       -2.32084
C          8.16997        1.04585       -2.51346
N          9.45856        1.73501       -2.37341
C          8.09509        0.64853        0.13553
C          7.89233       -0.17067        1.38735
N          9.06994       -0.36969        0.57263
H          0.94349       -1.68255       -2.46818
H          0.72607       -0.19450       -1.51511
H          0.73924       -1.77839       -0.70209
H          5.92222       -1.65570       -1.64848
H          5.67907       -1.17320        0.03209
H          4.23331        1.49907       -0.60423
H          5.65330        2.48371       -0.82673
H          5.55145        1.38160        0.56420
H          7.50336       -0.99359       -3.01115
H          9.02417       -0.95888       -2.04856
H          7.57234        1.40327       -3.34851
H         10.00462        1.31832       -1.61632
H          9.31868        2.71067       -2.11454
H          8.33639        1.68542        0.36631
H          7.19633       -1.00144        1.43245
H          8.08632        0.29654        2.34711
H          8.94386       -1.22040        0.00969
