24

C          2.34085        1.39753        0.84072
N          2.41836        0.08727        0.20363
C          2.80059       -0.98615        1.16982
C          1.70687       -1.18306        2.10195
C          0.76724       -1.30486        2.83789
C          4.37031       -0.97574        1.39531
O          4.48274       -1.37316       -0.04082
C          3.27993       -2.19566        0.35206
C          3.85473       -3.21549        1.28822
C          4.23541       -2.05758        2.42601
C          5.19867       -3.11308        2.96689
C          3.84700       -4.03767        2.57189
O          3.16978       -4.91346        3.04427
H          1.95751        2.12187        0.11459
H          3.32201        1.74630        1.17519
H          1.65134        1.41257        1.69018
H          3.08995        0.13901       -0.56840
H         -0.08662       -1.38519        3.47232
H          4.85375       -0.03256        1.65097
H          2.70881       -2.53563       -0.51427
H          4.66846       -3.67698        0.69321
H          3.57687       -1.79696        3.26760
H          5.43349       -3.04218        4.02939
H          6.10477       -3.30959        2.38826
