25

C          1.00159       -0.05376       -0.08308
C          2.52908       -0.06695       -0.07322
C          3.09119       -1.32944       -0.77509
N          3.84514       -0.79698       -1.88332
C          4.54114       -1.31040       -2.91225
C          4.98499       -0.18861       -3.58936
N          4.54765        0.97735       -2.98492
C          3.87891        0.55779       -1.93798
C          3.11842        1.18290       -0.82368
N          3.94740        1.97322        0.10294
N          4.54891        3.08507       -0.53521
C          5.92652        3.12101       -0.64314
O          6.69748        2.33195       -0.10925
H          0.60643       -0.92638        0.44766
H          0.60723       -0.06992       -1.10445
H          0.62124        0.84389        0.41573
H          2.84299       -0.08109        0.97931
H          2.31786       -1.99509       -1.16909
H          3.78227       -1.88102       -0.13118
H          4.67625       -2.36838       -3.08739
H          5.59443       -0.15707       -4.48388
H          2.31340        1.81078       -1.22389
H          4.72232        1.38247        0.43574
H          3.98279        3.72883       -1.08101
H          6.26555        3.96596       -1.26435
