29

C          1.38152       -0.26797       -0.14528
N          2.76980        0.11420       -0.42091
C          2.98917        1.59779       -0.43530
C          1.99334        2.68898       -0.61647
C          2.77237        2.25998       -1.83016
N          3.73928        3.18004       -2.42247
C          2.55615        0.91105       -2.54903
C          1.17948        0.71558       -3.21238
C          2.41107        0.64234       -4.05523
C          2.75936       -0.73309       -4.61929
C          3.68824       -1.50641       -3.69352
C          3.24992       -1.55945       -2.40157
C          3.24651       -0.19537       -1.76164
H          1.15606       -0.08992        0.91228
H          1.20647       -1.33466       -0.32930
H          0.63033        0.28497       -0.71789
H          3.90644        1.86591        0.08786
H          2.24567        3.63655       -0.14476
H          0.93562        2.47637       -0.56653
H          3.75029        4.06874       -1.92099
H          3.44513        3.40532       -3.36873
H          0.54467        1.58624       -3.33020
H          0.62932       -0.19317       -3.00843
H          2.62468        1.45156       -4.74336
H          3.23180       -0.61741       -5.60167
H          1.85198       -1.32302       -4.77986
H          4.69362       -1.09020       -3.83966
H          2.33336       -2.10857       -2.21245
H          4.32136        0.05348       -1.72925
