28

C          2.39365       -1.61325        1.17348
N          1.23957       -1.15029        1.92691
C          1.20980        0.05122        2.40804
N          0.08038        0.33410        3.14529
C          0.15976        0.36358        4.61081
C          1.44507        0.86860        5.31435
N          2.55886        1.40210        4.51607
C          2.34399        1.95029        3.25793
C          1.72251        3.33943        3.21004
C          2.79441        4.41864        3.14358
N          3.67361        4.43007        2.10501
N          2.85990        5.37303        4.01861
C          2.24270        1.14097        2.18612
H          2.22163       -2.64832        0.86203
H          3.29686       -1.61700        1.79363
H          2.55737       -1.01950        0.26966
H         -0.59403       -0.38840        2.89388
H         -0.05151       -0.64649        4.98173
H         -0.67996        0.97823        4.95542
H          1.85004        0.04868        5.91798
H          1.15067        1.64284        6.03377
H          3.10243        2.05719        5.08152
H          1.08532        3.50271        4.08724
H          1.08733        3.45854        2.32759
H          3.51334        3.78751        1.33944
H          3.95947        5.36306        1.82846
H          2.14654        5.25130        4.74332
H          3.15882        0.63120        1.90033
