28

C          2.01561       -1.12652       -0.73411
N          2.23452       -0.41401        0.51105
C          3.04901       -1.11269        1.52252
C          4.41003       -1.49554        0.98227
O          5.29794       -2.24420        1.81696
C          4.47140       -3.00784        0.93900
C          3.23290       -3.59930        1.56487
C          2.39739       -2.42120        2.09927
C          2.87114       -1.92403        3.51530
O          2.05525       -2.30955        4.64012
C          2.78994       -0.46658        2.94747
C          1.44470        0.17903        3.20106
C          1.33138        1.31411        3.89759
H          1.65183       -0.41165       -1.48122
H          1.25964       -1.90722       -0.62164
H          2.92682       -1.56364       -1.15150
H          1.37313        0.02824        0.81981
H          4.80723       -0.88037        0.19138
H          4.89906       -3.53680        0.10415
H          3.49071       -4.29992        2.36750
H          2.66016       -4.14821        0.80957
H          1.31268       -2.53768        2.00418
H          3.90610       -2.19158        3.76268
H          1.19074       -1.87806        4.51109
H          3.61803        0.17388        3.27535
H          0.54739       -0.31155        2.82911
H          2.19296        1.83220        4.30174
H          0.35308        1.75006        4.08133
