24

C          1.91478        0.41038       -1.01035
C          3.14880       -0.19914       -0.32168
O          2.46796       -1.27691        0.32290
C          2.55492       -0.79020        1.64787
C          1.80368       -1.71260        2.55938
C          4.10817       -0.87917        1.74813
C          4.21552        0.40211        0.94458
C          4.14838        1.89271        0.65994
N          2.75602        2.11315        1.16822
O          1.92746        2.80756        0.31689
C          2.31996        0.90934        1.89278
N          3.56647        0.92700        2.38760
H          1.56214       -0.30092       -1.77585
H          2.06403        1.36223       -1.51751
H          1.03819        0.46907       -0.34050
H          3.81692       -0.58322       -1.10230
H          2.22469       -2.72409        2.51639
H          0.76520       -1.80019        2.22590
H          1.81526       -1.36228        3.59397
H          4.57654       -1.71441        1.20251
H          4.55027       -0.89550        2.75364
H          4.32046        2.15104       -0.39058
H          4.88854        2.44989        1.26198
H          2.44529        3.61133        0.07177
