27

C          0.99999        0.29340        0.12046
N          2.44246        0.08455        0.14483
C          2.91562       -1.00497       -0.75212
C          2.47869       -0.81294       -2.23641
C          3.06286        0.49783       -2.73744
N          3.54747        1.58522       -3.15308
C          4.48825       -1.14336       -0.63256
O          4.87463       -1.38014        0.74218
C          6.29321       -1.27149        0.91756
C          6.69373       -1.53146        2.34927
O          7.64615       -2.24051        2.67301
C          4.98471       -2.31132       -1.45091
C          5.86088       -2.21406       -2.45680
H          0.70104        0.89822        0.98500
H          0.44452       -0.64748        0.16253
H          0.69772        0.85157       -0.77027
H          2.75235       -0.12761        1.09549
H          2.46998       -1.93586       -0.37862
H          1.38793       -0.78605       -2.32943
H          2.82866       -1.63628       -2.86669
H          4.95491       -0.20349       -0.95400
H          6.62908       -0.26401        0.65066
H          6.81804       -2.01017        0.30269
H          6.13442       -0.96462        3.11171
H          4.62401       -3.29766       -1.15354
H          6.27053       -1.25463       -2.76477
H          6.21004       -3.09639       -2.97709
