32

C          0.91248        0.97766        0.33580
C          2.38314        0.71219        0.54960
C          2.85086        0.49103        1.78783
C          3.20541        0.74845       -0.72635
C          4.71751        0.44847       -0.67538
N          5.29032        0.49695       -2.06054
C          6.07342       -0.76068       -2.18870
C          5.07943       -1.92860       -2.34886
C          4.46275       -2.05173       -0.93887
N          4.66691       -3.37967       -0.35541
C          5.20578       -0.93183       -0.16877
C          6.62161       -1.00505       -0.77413
N          7.59556       -0.02248       -0.29102
H          0.32593        0.82094        1.24674
H          0.50878        0.31044       -0.43334
H          0.76094        2.01307        0.01073
H          2.18388        0.48241        2.64579
H          3.89830        0.32441        2.00492
H          3.08957        1.75804       -1.14806
H          2.72667        0.08367       -1.45816
H          5.18947        1.24024       -0.07904
H          5.92587        1.29203       -2.11809
H          6.81848       -0.71327       -2.98687
H          5.61511       -2.84004       -2.64122
H          4.31860       -1.73346       -3.11258
H          3.38317       -1.88720       -0.96479
H          5.64527       -3.65897       -0.39552
H          4.14902       -4.07136       -0.89671
H          5.18574       -1.04889        0.91630
H          7.06916       -1.99972       -0.67134
H          7.25180        0.92218       -0.44477
H          8.44455       -0.09450       -0.85152
