20

N          3.30383       -2.50136        2.56911
C          3.99577       -2.86425        1.53639
C          5.49860       -2.99020        1.63939
N          6.13098       -3.25940        0.54376
S          4.97178       -3.39968       -0.68420
N          3.58263       -3.19282        0.25471
O          2.64372       -2.29162       -0.26487
C          1.35129       -2.78393       -0.18660
C          0.81710       -3.48806        0.82035
C         -0.64640       -3.80479        0.88523
O         -1.45437       -3.32027       -0.19995
C         -0.82428       -2.64253       -1.20661
C          0.48320       -2.36383       -1.25516
H          3.89240       -2.33982        3.38926
H          5.96468       -2.84371        2.62363
H          1.40186       -3.79904        1.67616
H         -1.05438       -3.37714        1.80812
H         -0.77981       -4.88946        0.93729
H         -1.52926       -2.35280       -1.97501
H          0.90523       -1.83022       -2.09942
