35

C          0.98954        0.15547        0.11735
C          2.52676        0.04456        0.06589
C          2.93779       -1.39911       -0.25382
C          2.61505       -1.76140       -1.70299
C          3.18940       -0.74694       -2.71259
C          4.67693       -1.09011       -2.99551
O          5.30445       -0.20961       -3.91459
N          2.81895        0.62393       -2.31479
C          2.93058        1.63230       -3.35352
C          3.16484        1.05194       -0.95030
C          4.67103        1.27721       -0.62862
C          5.37469        2.36428       -1.44092
N          6.77937        2.50671       -1.07212
H          0.57555       -0.57584        0.81840
H          0.52244       -0.01973       -0.85668
H          0.68277        1.14696        0.45808
H          2.88415        0.28206        1.07766
H          2.43079       -2.10120        0.42022
H          4.01079       -1.52765       -0.07166
H          1.52562       -1.81553       -1.82797
H          2.98813       -2.77041       -1.91708
H          2.66368       -0.93712       -3.65808
H          4.73264       -2.09490       -3.43426
H          5.28466       -1.13260       -2.08853
H          4.72449       -0.15368       -4.70053
H          2.40548        1.31798       -4.25969
H          3.94901        1.85103       -3.66513
H          2.47072        2.57545       -3.03616
H          2.66671        2.01423       -0.76320
H          5.22976        0.34393       -0.72083
H          4.75161        1.54770        0.43376
H          4.86114        3.32562       -1.32240
H          5.40036        2.11725       -2.49838
H          6.85882        2.77767       -0.09600
H          7.20138        3.25026       -1.61997
