29

C          0.95293       -0.04517        0.21119
C          2.45920       -0.11460        0.00748
C          2.97349        0.95011       -0.90594
C          3.66069        0.85320       -2.04791
O          4.06765        2.07403       -2.59364
C          3.28464        3.03758       -1.87685
C          2.85665        2.39471       -0.56472
C          3.95591       -0.38788       -2.80710
N          4.93142       -0.45943       -3.65615
N          4.81404       -1.50981       -4.49263
C          5.63585       -1.09337       -5.64541
C          6.09881       -2.17044       -4.71769
C          6.10394       -3.57092       -5.23240
H          0.62248       -0.87346        0.84715
H          0.41790       -0.11218       -0.74126
H          0.65782        0.88601        0.70662
H          2.71939       -1.10907       -0.36847
H          2.95540       -0.01421        0.98087
H          2.41430        3.30003       -2.49382
H          3.87574        3.94465       -1.71912
H          1.84298        2.70672       -0.29712
H          3.53890        2.65877        0.24981
H          3.23718       -1.21587       -2.66450
H          6.15664       -0.14085       -5.60457
H          5.22778       -1.35173       -6.61178
H          6.90410       -1.96636       -4.02385
H          5.18520       -3.80799       -5.78343
H          6.19984       -4.28882       -4.41395
H          6.94534       -3.71451       -5.91812
