26

C          1.11260        0.30534       -0.02692
C          2.64300        0.37231        0.16929
C          2.97956       -0.33959        1.45542
C          3.17762        0.25612        2.67495
N          3.46685       -0.68957        3.61010
C          3.34813       -1.93343        3.03758
C          3.49383       -3.17722        3.83195
C          3.07886       -1.74296        1.69303
N          3.18857        1.57804        2.96758
C          3.97932        2.35812        2.14720
N          4.02905        2.48261        0.86657
C          3.16713        1.82745        0.01369
C          2.88018        2.50842       -1.11652
H          0.74805       -0.72427        0.07147
H          0.80657        0.65534       -1.01676
H          0.59136        0.91128        0.72391
H          3.10927       -0.21053       -0.63890
H          3.71813       -0.49597        4.56962
H          3.89708       -2.97260        4.82916
H          4.16456       -3.88224        3.33212
H          2.51709       -3.65644        3.95480
H          2.94064       -2.53064        0.96268
H          2.24331        1.94042        2.82525
H          4.68788        2.94930        2.75308
H          3.28054        3.50637       -1.26793
H          2.27777        2.09587       -1.91461
