26

C          1.06994       -0.06865        0.08276
C          2.59329        0.04029        0.04990
O          3.05043       -0.94474        0.96953
C          4.39709       -1.36309        0.73458
C          5.33730       -0.18922        0.67271
C          6.38649       -0.17649       -0.16761
N          4.97933        0.88511        1.48941
C          5.62322        1.11242        2.70532
N          6.51929        0.38727        3.29950
O          6.86705        0.99829        4.51113
N          4.11950        1.84786        1.01661
C          3.05667        1.49064        0.35299
C          2.22672        2.62685       -0.20929
H          0.75461       -1.11022       -0.04482
H          0.60070        0.52599       -0.70648
H          0.67614        0.26768        1.04868
H          2.92717       -0.21073       -0.96545
H          4.42226       -1.96112       -0.18370
H          4.68170       -2.01708        1.56579
H          6.62148       -1.02303       -0.80321
H          7.04052        0.68838       -0.22133
H          5.25900        2.04430        3.17607
H          7.53554        0.38599        4.86817
H          2.73657        3.58422       -0.06507
H          1.26348        2.66941        0.30545
H          2.06811        2.47098       -1.27936
