24

C          1.34042        0.59168        1.17863
C          2.68659        0.34477        0.55974
C          3.23302        1.21801       -0.31589
O          2.53674        2.33311       -0.71766
C          3.22596        3.52688       -1.09787
C          2.23125        4.65513       -1.46520
C          2.79697        6.00326       -1.90615
N          4.08966        6.18280       -1.96509
N          4.51324        7.38994       -2.36025
N          0.93593        4.43747       -1.39333
O          0.17253        5.55203       -1.75834
C          3.44450       -0.91016        0.96112
C          4.09463       -1.98665        1.30543
H          0.89074        1.52071        0.81733
H          1.42417        0.68171        2.26683
H          0.64461       -0.21618        0.93146
H          4.19296        1.06240       -0.79692
H          3.85181        3.32398       -1.97377
H          3.85047        3.88052       -0.26849
H          2.06677        6.78735       -2.16287
H          5.52103        7.54571       -2.41110
H          3.91386        8.17233       -2.61626
H         -0.74439        5.22629       -1.65199
H          4.62521       -2.86612        1.58695
