28

C          0.95624       -0.10843       -0.00623
C          2.41977       -0.14919        0.26613
C          3.38254       -0.84621       -0.66998
C          4.69800       -1.48658       -0.27750
C          4.70908       -2.96661       -0.67531
C          5.02752       -1.33842        1.21396
C          5.58324        0.01985        1.56627
C          6.47990        0.09262        2.78760
O          7.00951        0.10704        1.45543
C          4.84604        1.28344        1.19900
C          4.33796        1.38678       -0.22620
O          4.82088        2.20564       -1.01328
N          3.27597        0.58302       -0.60281
H          0.46251       -0.96345        0.46567
H          0.72919       -0.12795       -1.07678
H          0.52357        0.80490        0.41648
H          2.61467       -0.09438        1.32544
H          3.00762       -1.22321       -1.61591
H          5.49342       -1.01074       -0.86680
H          3.95495       -3.53735       -0.12483
H          5.69128       -3.41203       -0.47958
H          4.50551       -3.08346       -1.74563
H          5.77391       -2.09778        1.48659
H          4.15507       -1.55806        1.84042
H          6.63250       -0.79953        3.38302
H          6.52825        1.01450        3.35487
H          5.51184        2.14536        1.34597
H          4.01228        1.45062        1.88853
