26

C          0.60803        0.02116        0.13162
C          2.08477        0.18509        0.13958
C          3.03891       -0.69346       -0.62432
C          2.57317       -1.57042       -1.77732
C          2.83962       -0.66467       -2.98779
C          2.40795        0.72257       -2.48847
C          2.86095        0.76291       -1.03664
C          3.83964        1.84950       -0.69958
C          3.20128       -2.92934       -1.89189
C          2.48292       -4.06344       -1.90641
H          0.32314       -0.80018        0.79769
H          0.18896       -0.18130       -0.85695
H          0.13684        0.93479        0.50798
H          2.41055        0.44547        1.14472
H          3.99001       -0.97663       -0.19336
H          1.49002       -1.70887       -1.69928
H          2.29308       -0.97452       -3.88254
H          3.91181       -0.65040       -3.23067
H          1.32377        0.84691       -2.56338
H          2.87850        1.50468       -3.09444
H          3.43497        2.81686       -1.02021
H          4.79496        1.69170       -1.20573
H          4.02679        1.92236        0.37717
H          4.28277       -2.98609       -1.97389
H          1.40095       -4.05300       -1.82946
H          2.96563       -5.03305       -2.00117
