29

C          0.93279        0.55992        0.85376
N          2.39173        0.52661        0.84941
C          2.91259        1.23211       -0.32014
C          4.40969        1.18127       -0.30094
C          5.19523       -0.10525       -0.34974
C          5.25352        0.83381       -1.53797
N          4.54774        0.34528       -2.76799
C          6.50875        1.68537       -1.85332
N          6.25445        2.56046       -3.02836
C          7.30370        2.50638       -0.80190
N          8.43762        1.58212       -0.98072
C          7.84433        0.87814       -1.98385
O          8.32055        0.04817       -2.72846
H          0.55381        0.00366        1.71654
H          0.51721        0.09937       -0.04918
H          0.56212        1.58701        0.93296
H          2.69558       -0.44569        0.81374
H          2.60881        2.28527       -0.28203
H          2.49087        0.80531       -1.23346
H          4.78306        1.93121        0.38983
H          4.66082       -1.04273       -0.45006
H          6.06704       -0.18428        0.29205
H          3.72658       -0.20988       -2.53113
H          5.16127       -0.30598       -3.26646
H          5.34152        3.01081       -2.95637
H          6.15077        1.98119       -3.86427
H          6.93624        2.47039        0.22672
H          7.55700        3.54030       -1.05681
H          9.40831        1.82369       -1.12663
