30

C          1.39782        0.23728       -0.79396
C          2.55163       -0.16196        0.11840
C          3.09294        1.01724        0.98772
C          3.73861        2.06781        0.07373
N          2.02275        1.51968        1.94926
C          2.47351        0.45439        2.91847
C          3.90903        0.60288        2.29995
C          4.80064       -0.61911        2.23837
N          4.55321        1.78781        2.95906
N          5.82909        1.69849        3.56628
C          3.78166        2.94122        3.16446
O          4.17752        3.92276        3.79229
C          2.37416        2.85177        2.54226
H          1.06658       -0.63026       -1.37295
H          1.68820        1.01350       -1.50695
H          0.54166        0.60453       -0.22029
H          3.36808       -0.56296       -0.49116
H          2.20508       -0.99810        0.73836
H          3.00836        2.51358       -0.61010
H          4.52486        1.60295       -0.53426
H          4.21601        2.89455        0.60343
H          1.98701       -0.51845        2.78008
H          2.36990        0.70042        3.98308
H          4.29469       -1.46963        1.77064
H          5.10015       -0.94944        3.23703
H          5.70557       -0.41864        1.65125
H          5.78931        0.97977        4.28931
H          5.96811        2.57753        4.08535
H          2.27176        3.63291        1.78242
H          1.65269        3.06926        3.33788
