23

C          0.72863       -0.23719        0.57964
C          2.05664       -0.03343       -0.04260
C          3.36592       -0.47957        0.47951
N          3.48272       -0.91917        1.88239
N          3.76130        0.21482        2.60212
C          3.50791        1.26931        1.89265
C          3.80836        2.69454        2.21483
C          4.72678        2.97372        3.15466
C          3.25161        3.71121        1.34801
C          2.95865        3.45319        0.06432
C          3.23260        2.09792       -0.49279
O          3.45054        1.91202       -1.67382
C          3.04370        1.00929        0.50388
H          0.36695       -1.24931        0.37206
H          0.01953        0.46052        0.11904
H          0.72142       -0.06747        1.65889
H          1.96076       -0.14400       -1.12270
H          4.14337       -0.81261       -0.19863
H          4.16725       -1.65618        2.05656
H          5.22770        2.17967        3.70457
H          5.06948        3.98596        3.33323
H          3.12302        4.71070        1.75157
H          2.57629        4.20351       -0.61618
