29

C          3.06933        1.41169        0.18605
C          2.63804       -0.02519       -0.13878
N          1.16769       -0.13546       -0.23287
N          0.64570        0.65915       -1.27823
C         -0.16697        1.73582       -0.97268
O         -0.46590        2.10106        0.15980
C          3.12953       -0.96292        0.98426
C          4.66007       -1.10490        1.19266
C          4.61957       -2.52219        0.55938
C          5.31610       -3.55834        1.44632
C          3.07303       -2.49334        0.73108
C          5.12799       -2.62760       -0.93104
O          5.02948       -1.77510       -1.81433
H          2.73721        2.11942       -0.58064
H          4.15883        1.49442        0.23617
H          2.67013        1.74037        1.15308
H          3.07701       -0.32295       -1.09496
H          0.75255        0.21795        0.64102
H          0.81963        0.39449       -2.24535
H         -0.51982        2.24824       -1.87993
H          2.62713       -0.69628        1.92704
H          4.94358       -1.08376        2.25223
H          5.29494       -0.38571        0.66813
H          4.97122       -3.50564        2.48473
H          6.39918       -3.39734        1.44837
H          5.12739       -4.57480        1.08330
H          2.70448       -3.05842        1.59641
H          2.49950       -2.81254       -0.14475
H          5.63065       -3.57910       -1.17250
