31

C          0.82416       -0.01069        1.46229
C          2.29210        0.37615        1.63597
N          2.79625        1.25507        0.57259
C          2.06472        2.51850        0.48701
C          4.28520        1.44308        0.60259
C          5.15255        0.21069        0.35432
C          4.96379        1.19176       -0.74566
C          4.84724        2.63691        1.43155
C          4.58202        2.95616        2.88101
C          5.91387        2.40816        2.48529
O          7.02024        3.32805        2.42919
C          8.18092        2.72013        1.87051
H          0.54932       -0.77212        2.20011
H          0.63713       -0.42643        0.46675
H          0.15764        0.84349        1.61496
H          2.86162       -0.56058        1.63415
H          2.43073        0.82713        2.62301
H          1.02274        2.35530        0.19435
H          2.49448        3.16617       -0.28532
H          2.07132        3.06421        1.43691
H          4.68073       -0.75793        0.24480
H          6.13374        0.15688        0.81269
H          4.34415        0.89543       -1.58809
H          5.80313        1.82327       -1.01760
H          4.97026        3.53335        0.82024
H          3.92677        2.31187        3.45055
H          4.53275        3.99975        3.16896
H          6.10960        1.39680        2.83109
H          8.95701        3.48173        1.75485
H          7.95896        2.28953        0.88989
H          8.54933        1.94017        2.54477
