28

C          1.01711       -0.36346        0.23312
C          2.48330       -0.06096       -0.07414
C          2.84795        1.39544        0.03864
C          2.93115        2.31160       -0.94105
C          2.54671        2.16701       -2.38764
N          1.92860        3.44274       -2.77746
C          1.56129        1.03880       -2.70679
C          2.11453       -0.37715       -2.53845
N          2.97360       -0.58432       -1.36166
C          4.12591       -1.33606       -1.42636
N          4.48221       -1.82245       -2.63555
N          4.95987       -1.64264       -0.49294
H          0.79996       -0.14150        1.28498
H          0.79159       -1.42150        0.06282
H          0.31193        0.22755       -0.35294
H          3.01356       -0.56264        0.74081
H          3.16415        1.70340        1.03353
H          3.33075        3.28896       -0.66881
H          3.46006        2.04388       -2.98173
H          1.05762        3.56172       -2.26016
H          1.66587        3.40798       -3.76233
H          1.22763        1.12926       -3.75077
H          0.64634        1.16634       -2.11923
H          2.64976       -0.59529       -3.46758
H          1.28489       -1.09457       -2.50993
H          4.63336       -1.08232       -3.30704
H          5.36584       -2.30963       -2.50690
H          4.69347       -1.23290        0.39775
