26

C          1.09030       -0.10670        0.03064
C          2.42256       -0.05633        0.21290
C          3.23197       -1.32926        0.19958
C          4.00318       -1.50429       -1.10535
C          5.19955       -0.56116       -1.25899
C          4.88270        0.89642       -1.45440
C          4.02637        1.66117       -0.74929
C          3.66797        3.04485       -1.10089
C          3.82671        4.20481       -0.15518
N          2.62994        3.44679       -0.20809
C          2.35365        2.45996        0.73613
O          1.52114        2.57645        1.62984
C          3.22188        1.21526        0.46661
H          0.57470       -1.04881       -0.13547
H          0.46290        0.77978        0.04303
H          2.56773       -2.19438        0.32568
H          3.91360       -1.35335        1.05893
H          3.32562       -1.39473       -1.96249
H          4.37682       -2.53631       -1.14124
H          5.74213       -0.89130       -2.15551
H          5.89926       -0.68265       -0.42411
H          5.39772        1.35635       -2.29786
H          3.45978        3.25140       -2.14302
H          3.68596        5.21233       -0.52688
H          4.37106        4.12192        0.77470
H          3.88468        1.09853        1.33273
