27

C          2.37139       -1.11877        0.25628
C          3.37280        0.03925        0.46881
C          3.54404        0.28534        1.97982
C          2.93530        1.62008        2.42917
C          3.70794        2.75466        1.74510
C          3.66641        2.65246        0.22148
C          2.98287        1.35743       -0.26009
N          3.20305        1.20187       -1.72422
N          2.09964        1.30940       -2.32890
C          1.09767        1.54396       -1.42665
C          1.51471        1.60387       -0.16629
N          0.87925        1.80077        1.03140
N          1.46174        1.65627        2.31205
H          2.62989       -1.98618        0.87467
H          2.35425       -1.43521       -0.78658
H          1.34269       -0.84940        0.54121
H          4.33416       -0.31243        0.07807
H          4.62236        0.30536        2.19627
H          3.14377       -0.54075        2.58056
H          3.14132        1.71315        3.50292
H          4.76144        2.69853        2.05590
H          3.35526        3.73465        2.08745
H          4.67308        2.76508       -0.19742
H          3.11288        3.53079       -0.14901
H          0.08292        1.66167       -1.78137
H         -0.13941        1.73978        0.98109
H          1.08386        0.82732        2.78184
