25

C          1.67872        0.91558        0.23657
C          3.07103        0.36117        0.10597
C          3.58888       -0.59314        1.20367
C          4.93851       -0.93133        0.37763
C          6.25860       -1.15275        1.08633
C          6.40559        0.28259        1.05323
C          5.38021        0.45162        0.15010
C          4.63313       -0.91495       -0.96281
N          3.15786       -0.65152       -1.02699
C          4.24242        1.45367       -0.13427
C          5.13673        0.60446       -0.86995
N          5.69799        0.93444       -2.05432
O          6.45655       -0.09234       -2.62353
H          0.93728        0.11065        0.28685
H          1.42627        1.54015       -0.62828
H          1.57869        1.52346        1.13964
H          2.97880       -1.48485        1.37392
H          3.77420       -0.07131        2.15108
H          6.98992       -1.73149        0.51970
H          6.11672       -1.55940        2.09201
H          6.76670        0.96365        1.80512
H          5.15335       -1.77343       -1.40787
H          2.64778       -1.50038       -0.78489
H          4.44169        2.14827        0.68330
H          6.61653        0.26120       -3.51964
