25

C          1.10632       -0.85702        1.27996
C          2.30895       -0.89257        1.24451
C          3.74239       -0.99410        1.18024
N          4.35969        0.01712        1.68472
N          5.74822       -0.15730        1.59865
C          6.38428        0.81443        2.16838
C          7.88046        0.77828        2.19474
N          8.51799        1.39040        3.14034
N          9.87388        1.24263        3.08625
C         10.63156        1.94381        4.12871
C         12.10345        1.67536        3.98735
C         12.90742        2.12456        2.78891
C         13.08818        2.81774        4.10808
H          0.04286       -0.83596        1.30996
H          4.21186       -1.88385        0.72982
H          5.90962        1.68550        2.64897
H          8.35409        0.19816        1.38522
H         10.25941        1.49648        2.17441
H         10.31065        1.58582        5.11386
H         10.42333        3.01840        4.08231
H         12.38080        0.73167        4.44808
H         12.41601        2.67355        1.99492
H         13.71122        1.47914        2.44932
H         12.71490        3.83263        4.19357
H         14.01177        2.64563        4.64948
