28

C          1.06195       -0.02139        0.06892
N          2.50676       -0.05575        0.07384
C          3.27410       -1.19443        0.06720
C          4.58220       -0.78625        0.07585
C          5.76825       -1.55433        0.06357
C          6.94694       -0.90646        0.06260
C          7.07292        0.60487        0.07837
N          5.78104        1.31840        0.11976
C          5.82641        2.78226        0.09058
C          5.69306        3.39744        1.49918
N          6.78390        3.02055        2.40965
C          4.61440        0.62455        0.09902
C          3.31340        1.06103        0.08687
H          0.67086       -1.04189        0.06616
H          0.73268        0.50661       -0.82944
H          0.72738        0.50278        0.96776
H          2.82899       -2.18070        0.05282
H          5.71943       -2.63637        0.04868
H          7.87152       -1.47274        0.05161
H          7.63055        0.91459       -0.81234
H          7.67211        0.87681        0.95306
H          5.02863        3.17868       -0.55059
H          6.76565        3.12021       -0.36559
H          4.74263        3.09499        1.95245
H          5.68118        4.48863        1.40930
H          6.72035        2.00726        2.53331
H          6.59839        3.41848        3.32848
H          2.88566        2.05369        0.08442
