26

C          1.14001       -0.34657       -0.51183
C          1.92013        0.72593        0.18766
C          0.48964        0.97210       -0.17857
O          0.27863        1.84743       -1.30702
C         -0.95818        2.53375       -1.06697
O         -1.66713        1.93895        0.02859
C         -0.71545        1.10984        0.72867
C         -1.21635        0.00455        1.61666
C         -2.65787       -0.17434        1.98395
C         -2.80428        0.67513        3.24341
C         -1.88406        1.87429        2.99207
C         -0.72326        1.28216        2.22928
H          0.87103       -1.22487        0.06117
H          1.34722       -0.55159       -1.55580
H          2.68927        1.23109       -0.38649
H          2.16532        0.57949        1.23136
H         -1.57644        2.49638       -1.96802
H         -0.73313        3.57765       -0.81901
H         -0.61674       -0.88057        1.79170
H         -2.89949       -1.22427        2.17571
H         -3.31664        0.18897        1.18475
H         -2.43128        0.10676        4.10791
H         -3.84085        0.95783        3.44862
H         -1.56808        2.33287        3.93367
H         -2.40524        2.63567        2.40027
H          0.20756        1.27915        2.77680
