28

C          2.32807       -0.73608       -1.33264
C          2.20239       -0.45547        0.17237
C          2.79018       -1.50658        1.16807
C          4.24058       -2.01030        0.82762
C          5.04512       -0.76035        0.40504
C          5.30792       -2.69379        1.76428
C          4.50847       -3.75392        2.42980
C          3.69555       -4.24477        1.48330
C          3.95429       -3.41671        0.18585
C          5.30914       -3.82565       -0.30048
O          5.63738       -4.15973       -1.42341
N          6.15330       -3.47902        0.78279
O          7.36696       -2.95585        0.29509
H          1.94664        0.12419       -1.89710
H          1.75297       -1.61529       -1.63395
H          3.35244       -0.89292       -1.67807
H          1.13274       -0.33820        0.38883
H          2.65375        0.52169        0.38610
H          2.06220       -2.33201        1.14558
H          2.74701       -1.10785        2.18482
H          4.67437       -0.18322       -0.43252
H          6.10691       -0.92272        0.22039
H          5.01592       -0.07387        1.27101
H          5.91572       -2.06334        2.41621
H          4.64201       -4.07465        3.46291
H          2.99471       -5.06124        1.61655
H          3.15301       -3.50308       -0.55030
H          7.38300       -3.24879       -0.63666
