28

C          5.34747       -1.92759        3.16689
N          4.99168       -2.87797        2.14049
C          3.56669       -3.20218        2.08329
C          3.02947       -3.96324        0.89027
O          3.98724       -4.24803       -0.14608
C          3.81460       -3.45813       -1.32193
C          3.94356       -1.95656       -1.01683
O          5.30945       -1.63975       -0.71410
C          3.51042       -1.06365       -2.14623
C          2.45976       -0.30587       -1.81600
C          1.90398       -0.70574       -0.48926
C          3.07402       -1.46281        0.16375
C          2.62039       -2.54024        1.10910
H          4.89617       -0.94643        2.98833
H          6.43803       -1.80170        3.19725
H          5.03229       -2.28401        4.15161
H          5.33659       -2.56523        1.21634
H          3.15018       -3.50346        3.04185
H          2.28902       -4.73661        1.09751
H          2.85711       -3.71971       -1.78479
H          4.61384       -3.76174       -2.00881
H          5.77537       -1.52451       -1.55846
H          4.01262       -1.01853       -3.10316
H          2.03243        0.46790       -2.44008
H          1.02275       -1.33756       -0.64703
H          1.60677        0.15753        0.11480
H          3.64062       -0.72823        0.75410
H          1.62236       -2.34793        1.49415
