29

C          0.91236       -0.04354       -0.06025
C          2.44089       -0.11802       -0.04397
C          2.99457       -0.43470        1.35951
N          2.64904        0.59377        2.35488
N          3.09267        0.35926        3.61471
C          2.72210        1.25253        4.47181
C          2.90261       -1.18933       -1.02519
O          3.57155       -2.16825       -0.72150
O          2.46136       -0.88150       -2.29475
C          2.74660       -1.81579       -3.29449
C          2.34156       -1.68104       -4.57021
C          1.53618       -0.51965       -5.07613
C          2.68424       -2.72084       -5.60076
H          0.53018        0.73174        0.60963
H          0.47128       -1.00232        0.23315
H          0.53953        0.19621       -1.06192
H          2.86413        0.83772       -0.37754
H          4.08889       -0.51134        1.30915
H          2.62278       -1.41101        1.69765
H          1.64391        0.77174        2.34203
H          3.02687        1.15412        5.52579
H          2.10874        2.13331        4.21357
H          3.32121       -2.66806       -2.95390
H          1.30333        0.20723       -4.29024
H          0.58819       -0.86982       -5.49486
H          2.08792        0.00693       -5.86174
H          3.26537       -3.54680       -5.17741
H          3.27763       -2.27552       -6.40600
H          1.77218       -3.14439       -6.03443
