26

C          3.45718       -0.35010        1.65403
C          2.95289        0.19741        0.32097
N          3.41710        1.57363        0.12234
C          3.30786       -0.71775       -0.87006
N          4.76112       -0.88855       -1.06708
C          5.12037       -1.68589       -2.01666
N          4.34636       -2.41247       -2.88456
C          4.47203       -3.31088       -3.91335
C          5.78883       -3.79017       -4.46831
N          3.42162       -3.79528       -4.49522
C          6.56208       -1.74046       -2.07417
C          7.76386       -1.78891       -2.11813
H          3.05388        0.23674        2.48785
H          4.54954       -0.32344        1.72220
H          3.13104       -1.38599        1.79524
H          1.85766        0.23417        0.37168
H          4.43635        1.55588        0.04714
H          3.20234        2.12782        0.95034
H          2.87081       -0.28491       -1.77984
H          2.84332       -1.69395       -0.69519
H          3.37484       -2.22832       -2.71194
H          6.64136       -3.56068       -3.83844
H          5.93771       -3.34378       -5.45672
H          5.74778       -4.87808       -4.59123
H          2.55104       -3.44315       -4.09701
H          8.82754       -1.84909       -2.17146
