31

C          3.07116       -0.13220       -1.39044
C          2.52451        0.12819        0.00692
C          2.92166       -0.90993        1.07743
N          4.40135       -0.96416        1.15575
N          4.84176       -2.24656        1.58297
C          4.31571       -3.28712        0.82447
C          5.23878       -4.42764        0.41559
C          5.30502       -5.53533        1.42811
C          4.11363       -6.38368        1.80099
N          5.18561       -6.92379        0.96924
N          3.08230       -3.37704        0.43539
C          2.22374       -2.30652        0.98385
C          0.90816       -2.34870        0.20876
H          2.52584        0.47263       -2.12248
H          2.97885       -1.18190       -1.68499
H          4.12669        0.15076       -1.45486
H          1.43283        0.21168       -0.04330
H          2.87055        1.12227        0.32449
H          2.57492       -0.48563        2.03088
H          4.72260       -0.22745        1.78728
H          5.85523       -2.30618        1.69778
H          6.24674       -4.02585        0.26335
H          4.89755       -4.80189       -0.55643
H          6.04548       -5.35679        2.19874
H          3.15991       -6.19815        1.32351
H          4.06080       -6.78475        2.80657
H          4.86713       -6.97790       -0.00179
H          1.97951       -2.60651        2.01404
H          1.05389       -2.12881       -0.85354
H          0.17822       -1.64469        0.61889
H          0.46917       -3.35212        0.25925
