24

C          1.39517        0.21665       -0.89675
N          2.21429       -0.04999        0.27858
C          2.98068        1.14362        0.67527
C          3.80204        0.74741        1.92322
C          2.69610        1.33656        2.82957
C          1.74667        0.36341        3.51211
C          2.14259        2.09875        1.57824
C          2.53647        3.61324        1.50514
O          3.23930        4.23335        2.29507
C          2.01187        4.33324        0.36581
C          1.60501        4.97967       -0.56303
H          1.00982       -0.73255       -1.28480
H          1.96504        0.69442       -1.70076
H          0.53138        0.83766       -0.64389
H          2.81510       -0.84930        0.07154
H          3.56685        1.60618       -0.12542
H          4.74731        1.30032        1.99622
H          4.02949       -0.31409        2.06576
H          3.11311        1.99849        3.60038
H          1.30578       -0.35228        2.81314
H          0.92840        0.90793        3.99502
H          2.27372       -0.20266        4.28679
H          1.05415        1.99023        1.46887
H          1.27014        5.59155       -1.36764
