27

C          2.85625       -0.00735       -1.23937
N          2.47829        0.34172        0.12629
C          3.01407       -0.60560        1.10569
C          4.51573       -0.61299        1.16378
C          5.25583       -1.71077        0.91736
C          6.69967       -1.63869        0.96880
C          7.26246       -0.44423        1.21460
O          6.61024        0.72985        1.46249
C          5.17317        0.70274        1.50504
C          7.46960       -2.85672        0.66438
C          8.45039       -3.37804        1.68916
C          7.20331       -4.15211        1.38741
H          2.44006        0.73239       -1.93012
H          2.47138       -0.99212       -1.52208
H          3.94173        0.00732       -1.38030
H          1.46100        0.34466        0.19413
H          2.60869       -1.60835        0.91526
H          2.63681       -0.31459        2.09559
H          4.78979       -2.65647        0.65367
H          8.33326       -0.28779        1.22874
H          4.83181        1.48491        0.81849
H          4.87852        1.00262        2.51677
H          7.77879       -2.92448       -0.37613
H          8.51578       -2.89651        2.65869
H          9.39477       -3.77112        1.33017
H          6.44071       -4.18793        2.15665
H          7.30292       -5.07255        0.82232
