28

C          1.98508       -0.65576        0.77326
N          2.55576        0.17409       -0.29069
C          1.66917        0.18971       -1.45204
C          2.97482        1.53931        0.17374
C          3.59717        2.57424       -0.72919
O          3.18338        3.89981       -0.31624
C          2.01270        3.75488        0.50097
C          2.03416        2.32897        1.09101
N          2.47931        2.28201        2.49030
C          4.48935        1.83309        0.21536
C          5.50731        0.98279       -0.42277
C          6.75092        1.38448       -0.73151
H          1.80391       -1.67574        0.41621
H          1.03191       -0.27031        1.14398
H          2.68217       -0.73720        1.61477
H          1.43269       -0.83337       -1.77000
H          2.15668        0.66612       -2.30790
H          0.72890        0.71254       -1.24881
H          3.67344        2.37894       -1.79122
H          1.14094        3.88579       -0.14995
H          1.99206        4.53872        1.26469
H          1.00937        1.94464        1.06277
H          3.35285        2.79982        2.57945
H          2.70194        1.31655        2.72893
H          4.86719        2.37208        1.07676
H          5.21582       -0.03393       -0.68186
H          7.08742        2.39330       -0.50818
H          7.44972        0.71648       -1.22309
