24

C          4.08948        1.02187       -2.00806
N          4.14169        0.83658       -0.55768
C          4.51093       -0.35149       -0.23262
N          4.67697       -0.79088        1.04492
C          5.12929       -2.00462        1.48816
C          4.72355       -3.21502        1.03396
C          3.65079       -3.56323        0.05973
C          5.30403       -4.29250        1.86272
N          6.29017       -5.21216        1.32049
C          7.38534       -5.06602        2.15774
N          7.38596       -4.05822        2.98634
C          6.24555       -3.39115        2.60442
N          6.09134       -2.11513        2.47797
H          3.57186        1.95770       -2.23612
H          3.54384        0.21282       -2.50832
H          5.10173        1.08592       -2.41928
H          4.75725       -1.11628       -0.99278
H          4.77170       -0.05161        1.73270
H          3.22138       -2.69326       -0.44067
H          2.82997       -4.07106        0.57823
H          4.03907       -4.23667       -0.70978
H          4.60209       -4.77569        2.54708
H          6.52255       -5.07117        0.34197
H          8.18314       -5.81766        2.04817
