29

C          2.08074       -1.58063       -0.21562
C          3.24854       -0.92825       -0.87260
C          3.10758       -0.22737       -2.19409
C          3.28518        0.58064       -0.92875
C          4.53884        1.44200       -0.65988
C          4.73321        2.57094       -1.66805
C          3.50202        3.46862       -1.82913
C          3.26532        4.30090       -0.64032
C          3.06936        4.97971        0.33050
C          4.91989        1.64070        0.80689
N          5.72832        0.79488       -0.05395
C          7.04136        1.38010       -0.31180
H          2.18285       -2.67288       -0.24887
H          1.13527       -1.31364       -0.70025
H          2.02192       -1.27597        0.83331
H          4.17879       -1.44691       -0.66181
H          2.13560       -0.18599       -2.67293
H          3.93983       -0.28491       -2.88608
H          2.37743        1.05931       -0.55692
H          4.95135        2.11305       -2.64041
H          5.59586        3.20154       -1.42060
H          2.60767        2.88046       -2.05282
H          3.66013        4.12557       -2.69504
H          2.89561        5.58082        1.19273
H          4.35591        1.10995        1.56346
H          5.28884        2.61064        1.12071
H          7.79578        0.79991        0.23017
H          7.15520        2.41874        0.01968
H          7.29639        1.32783       -1.37565
