26

C          2.64919       -0.77268       -1.34284
C          2.66738       -0.00198       -0.03739
C          3.09003       -0.79502        1.24608
C          4.55070       -1.30092        1.10695
C          4.48175       -2.77118        0.71140
O          5.31751       -3.54087        1.56473
C          3.06699       -3.12630        0.93998
C          2.40719       -4.25641        0.67503
N          1.13847       -4.14190        1.13575
C          0.92852       -2.90778        1.70545
N         -0.19653       -2.48001        2.16881
C          2.21643       -2.02831        1.57986
H          2.18705       -0.18848       -2.13930
H          2.07915       -1.71618       -1.27621
H          3.66901       -1.03265       -1.68064
H          1.66345        0.41589        0.12220
H          3.32438        0.86874       -0.16284
H          3.06318       -0.08111        2.07432
H          5.08868       -1.16459        2.05393
H          5.11148       -0.73541        0.35839
H          4.77380       -2.93483       -0.32315
H          4.96378       -3.46785        2.46804
H          2.76388       -5.16350        0.20809
H          0.43391       -4.82896        0.93838
H         -0.90439       -3.20726        2.03430
H          1.48007       -1.49003        0.95900
