24

C          3.81449        0.95317        1.89705
C          3.25102       -0.45049        2.07567
C          3.44622       -1.34164        0.84970
N          4.83749       -1.55020        0.51576
C          5.62130       -2.53969        1.05979
O          5.23936       -3.37100        1.87538
C          7.04027       -2.50202        0.59999
C          8.17843       -2.67632        1.56977
C          7.92120       -3.70612        0.49934
C          8.51138       -3.55602       -0.82972
N          8.16452       -2.46912       -1.43810
O          7.29268       -1.70794       -0.59490
H          3.58624        1.56409        2.77683
H          3.37841        1.44647        1.02249
H          4.90208        0.93459        1.77733
H          2.17650       -0.36926        2.27871
H          3.71165       -0.91205        2.95644
H          2.97355       -0.88788       -0.02756
H          2.97412       -2.31421        1.02483
H          5.27265       -0.93603       -0.16367
H          7.94430       -2.95012        2.59179
H          9.02614       -2.00983        1.46759
H          7.52497       -4.67184        0.77939
H          9.19115       -4.31194       -1.24899
