31

C          0.97926        0.24069       -0.04418
C          2.48204        0.12066       -0.00328
C          3.26351        1.21567       -0.06725
C          4.70860        1.16319       -0.16737
C          5.33603       -0.02569       -0.15307
C          4.66047       -1.36578        0.01602
C          5.23179       -2.00000        1.30059
N          5.10575       -2.22350       -1.10550
C          3.05582       -1.28360        0.00296
N          2.38510       -2.08197        1.04520
C          5.41080        2.44032       -0.40232
C          5.36021        3.56179        0.60211
C          6.62451        2.77387        0.43471
H          0.65043        1.28102       -0.13781
H          0.52386       -0.16524        0.86356
H          0.58343       -0.30557       -0.90793
H          2.80837        2.20505       -0.09739
H          6.41952       -0.03253       -0.25512
H          6.32980       -2.01625        1.29183
H          4.90726       -3.04018        1.42280
H          4.92803       -1.44074        2.19337
H          6.12207       -2.22458       -1.15547
H          4.77613       -1.80574       -1.97645
H          2.71942       -1.72336       -0.94758
H          2.67681       -1.73676        1.95818
H          2.72893       -3.03959        0.97786
H          5.44899        2.72504       -1.45102
H          4.80384        3.42923        1.52254
H          5.34972        4.57799        0.22317
H          6.91006        2.11865        1.24982
H          7.46263        3.24304       -0.06694
