28

C          2.71673        1.13208        2.46799
N          2.27640       -0.22760        2.13736
C          0.81605       -0.23087        1.97607
C          2.93670       -0.69645        0.90323
C          4.47821       -0.76346        1.01540
C          4.93553       -1.69190        2.13395
C          4.60948       -3.19723        2.12534
O          5.96038       -3.48990        2.59445
C          6.40081       -2.19256        2.07021
C          7.38249       -1.53188        3.01318
C          7.82735       -0.19567        2.44130
N          8.19640        0.91282        1.96687
H          2.26812        1.47660        3.39827
H          2.48105        1.84433        1.66628
H          3.79807        1.16601        2.64497
H          0.33269        0.18873        2.87906
H          0.43422       -1.25169        1.87716
H          0.48958        0.35504        1.11983
H          2.68618       -0.02533        0.07815
H          2.57065       -1.68858        0.64739
H          4.88996        0.23766        1.20107
H          4.89628       -1.05898        0.05210
H          4.70778       -1.23644        3.10267
H          4.42693       -3.67450        1.16373
H          3.84716       -3.50138        2.85217
H          6.80681       -2.33458        1.06369
H          8.27014       -2.16233        3.13718
H          6.94902       -1.37584        4.00723
