23

C          1.15468        0.09955       -0.57709
N          2.42270        0.16092        0.12675
C          3.07583       -0.98400        0.50392
C          4.27279       -1.03092        1.21336
O          4.89500        0.07500        1.66461
C          4.71899       -2.33811        1.42656
C          3.87394       -3.27065        0.88545
S          2.52485       -2.60043        0.15817
C          4.31914       -4.60387        1.08540
C          3.72662       -5.89268        0.63062
C          5.47294       -4.48924        1.79489
C          5.84522       -3.02984        2.09398
H          0.79932        1.11665       -0.77044
H          0.39174       -0.40310        0.02734
H          1.25340       -0.40820       -1.54202
H          3.00723        0.93146       -0.18476
H          4.28820        0.82909        1.56001
H          2.83713       -5.72575        0.01456
H          3.42982       -6.50534        1.48708
H          4.44490       -6.45449        0.02455
H          6.08303       -5.31946        2.12133
H          6.81118       -2.77524        1.64992
H          5.85778       -2.84739        3.17232
