28

C          2.26712       -0.76724       -0.94806
C          3.47689       -0.20770       -0.19467
C          3.09091       -0.36714        1.33246
C          3.43379        0.91545        2.08731
O          4.60433        1.46415        1.50723
C          5.63619        0.45106        1.38351
C          6.61306        0.94826        0.10337
C          6.28306       -0.24329       -0.78105
C          4.89934       -0.93404       -0.33985
C          5.23580       -1.02402        1.11590
N          3.99797       -1.41653        1.80202
C          7.51374        1.45337        1.21873
C          8.28636        1.88665        2.17549
H          1.44041       -0.04950       -0.82383
H          1.91210       -1.71589       -0.53242
H          2.46388       -0.88444       -2.00033
H          3.57648        0.83727       -0.51208
H          2.06314       -0.65395        1.53833
H          3.60134        0.75274        3.16656
H          2.63473        1.65469        1.98802
H          6.08944        0.41013        2.38929
H          6.15789        1.83937       -0.35005
H          7.09355       -0.98598       -0.73377
H          6.20172        0.06676       -1.82722
H          4.77827       -1.91196       -0.82531
H          6.05882       -1.71451        1.32224
H          3.70120       -2.32523        1.44944
H          8.91126        2.24703        2.95984
