24

C          1.64490       -0.56068       -0.11869
C          2.95327       -1.00570       -0.74158
C          3.24282       -0.49235       -2.13297
C          4.56785       -0.41308       -2.29228
N          5.24539       -0.65086       -1.11173
C          6.51303       -0.20648       -0.84296
N          6.91089        0.43629        0.20642
C          5.87892        0.86988        1.16234
C          5.40168        2.29737        0.83452
O          4.18926        1.78127        0.20621
C          4.40449        0.49749        0.87131
C          4.28945       -0.74528       -0.00262
H          0.81013       -0.94860       -0.71782
H          1.53378        0.52481       -0.06782
H          1.53285       -0.98113        0.88568
H          2.86540       -2.09672       -0.86153
H          2.50430       -0.26424       -2.88634
H          5.11385       -0.11050       -3.17598
H          7.23053       -0.42532       -1.64363
H          6.19735        0.71855        2.19858
H          6.01700        2.87356        0.13663
H          5.16162        2.91863        1.70398
H          3.77953        0.44290        1.77118
H          4.52779       -1.62055        0.61655
