23

O          2.81693       -0.89580       -0.78045
C          2.34260       -0.22118        0.12009
O          2.99588        0.42902        1.12809
C          4.40308        0.36345        1.10535
C          5.07444       -0.00761        2.20459
C          6.56959       -0.00132        2.28766
N          7.24890        0.22938        1.00715
C          6.57818        1.29399        0.22290
C          7.38491        1.58178       -1.06190
C          6.79081        2.66511       -1.86827
C          6.28540        3.52727       -2.53309
C          5.12340        0.88060       -0.11095
H          1.26221       -0.04906        0.25173
H          4.53093       -0.30772        3.09499
H          6.90768       -0.96595        2.68503
H          6.88300        0.76265        3.00749
H          7.22084       -0.63972        0.47294
H          6.56327        2.21262        0.82695
H          7.45490        0.67408       -1.67425
H          8.41178        1.86162       -0.79483
H          5.82408        4.28295       -3.12780
H          5.13022        0.10454       -0.88497
H          4.57869        1.74568       -0.50687
