25

C          1.42933       -0.71091        1.01897
C          2.87482       -0.41674        0.92255
C          3.74161       -0.09874       -0.10653
N          4.90817        0.32110        0.44295
C          4.97964       -0.58180        1.40188
C          6.03353       -1.63618        1.37263
O          5.40553       -2.91841        1.41597
C          5.22921       -3.56648        0.23078
C          4.50182       -3.30677       -0.87436
C          3.55797       -2.25014       -1.43616
C          3.83761       -0.72271       -1.46133
N          2.94519        0.00458       -2.36887
O          3.72404       -0.88999        1.91927
H          0.86387        0.22838        0.98386
H          1.16350       -1.23008        1.94332
H          1.08586       -1.31796        0.17648
H          6.72916       -1.52193        2.20772
H          6.62221       -1.53286        0.44759
H          5.67496       -4.55636        0.34103
H          4.49809       -4.16574       -1.55355
H          3.46148       -2.52904       -2.49631
H          2.56824       -2.45387       -1.01408
H          4.86144       -0.58290       -1.83114
H          2.00904        0.02989       -1.97133
H          3.26157        0.97575       -2.39289
