28

C          1.09204       -0.42211       -0.25786
C          2.60058       -0.22834       -0.16364
C          3.00050        1.14891        0.40079
C          2.40771        1.39060        1.82096
N          2.83009        2.65751        2.45085
C          2.28787        3.81464        1.72826
C          2.69005        5.14132        2.35160
N          3.02369        6.24192        2.86872
N          4.47116        1.33392        0.48156
N          5.03074        1.25569       -0.81757
C          5.95669        0.25423       -1.01691
N          6.18955       -0.74864       -0.22843
O          7.19215       -1.54653       -0.78854
H          0.85921       -1.24913       -0.93868
H          0.59644        0.47672       -0.63970
H          0.66450       -0.66656        0.72073
H          3.00482       -0.33501       -1.17775
H          3.03298       -1.03673        0.43819
H          2.59656        1.91248       -0.27448
H          2.73352        0.57922        2.48546
H          1.31377        1.34876        1.80177
H          3.85236        2.69960        2.39483
H          1.19274        3.77024        1.71132
H          2.64310        3.83952        0.69305
H          4.85828        0.56513        1.04959
H          5.18078        2.12893       -1.31972
H          6.49818        0.38198       -1.97239
H          7.31216       -2.23607       -0.10982
