32

C          0.82930       -0.91896        1.68879
N          2.26972       -0.93451        1.89719
C          2.98430       -1.33507        0.68137
C          4.51948       -1.30898        0.87118
C          4.98918       -2.30842        1.93786
C          6.50913       -2.28770        2.06201
N          7.20034       -2.67935        0.83260
C          6.58464       -2.24091       -0.43106
C          5.22058       -1.59839       -0.44025
C          6.43896       -0.80432       -0.91605
N          6.49486       -0.55293       -2.38886
C          6.94989        0.37670       -0.10219
O          6.03403        1.46207       -0.23895
H          0.33342       -0.62396        2.61866
H          0.45398       -1.90791        1.40645
H          0.54667       -0.19251        0.92011
H          2.48428       -1.57880        2.65622
H          2.72215       -0.64792       -0.13452
H          2.67004       -2.34009        0.37362
H          4.78059       -0.29936        1.21185
H          4.64839       -3.32244        1.68905
H          4.56337       -2.05467        2.91498
H          6.81117       -2.97438        2.85983
H          6.84827       -1.30075        2.38727
H          7.25572       -3.69906        0.82950
H          6.77313       -2.96403       -1.22870
H          4.53387       -1.95681       -1.20096
H          6.25653       -1.39851       -2.90920
H          7.45746       -0.34007       -2.65857
H          7.91769        0.71055       -0.49350
H          7.08589        0.17675        0.95949
H          5.60350        1.32411       -1.10562
