27

C          0.99696        0.08549       -0.06836
C          2.32304       -0.11315        0.02577
C          3.33801        0.99619        0.12519
C          4.33835        0.79467        1.27257
C          4.80529       -0.66276        1.46008
C          5.83823       -0.70883        2.61261
O          6.92220       -0.92310        1.67093
C          5.96019       -1.30094        0.64084
C          5.88405       -2.86038        0.44639
N          4.97102       -3.62923        0.96772
N          4.02239       -3.01359        1.70544
C          3.61859       -1.62873        1.45830
C          2.90827       -1.49800        0.09389
H          0.56136        1.07694       -0.08054
H          0.31020       -0.75558       -0.12335
H          2.83786        1.96362        0.26994
H          3.88186        1.06329       -0.82419
H          3.84776        1.11627        2.20260
H          5.19323        1.46698        1.12772
H          5.75531       -1.53275        3.32725
H          5.99422        0.22268        3.16655
H          6.18670       -0.78635       -0.30055
H          6.66781       -3.31516       -0.17919
H          4.17834       -3.18023        2.70345
H          2.91479       -1.35019        2.25251
H          2.14061       -2.26960       -0.02784
H          3.60708       -1.61678       -0.74700
