23

C          1.68554        0.14941       -0.50023
C          3.01291       -0.17152        0.08537
O          3.15809       -1.55197        0.51057
N          4.39853       -2.01014       -0.02919
C          4.19846       -2.88579       -1.19053
C          3.39607       -4.10377       -0.81742
O          2.58943       -4.63635       -1.57292
C          5.22613       -0.92264       -0.24583
N          6.51978       -0.92384       -0.26934
O          7.03378        0.36773       -0.41074
C          4.37873        0.27433       -0.40657
C          3.74678        0.95916        0.76391
O          4.26743        0.72110        2.07808
H          1.19510       -0.75274       -0.88681
H          1.74983        0.88283       -1.30762
H          1.03357        0.55671        0.28282
H          5.16649       -3.23227       -1.56340
H          3.67941       -2.34868       -1.99499
H          3.65813       -4.57300        0.14104
H          7.96429        0.25239       -0.13678
H          4.42952        0.78082       -1.36103
H          3.40195        1.97017        0.56685
H          4.61962       -0.18255        2.17757
