26

C          2.15685       -1.04319       -1.64428
C          3.34858       -0.16150       -1.61250
C          3.46297        0.87177       -0.75642
N          4.70353        1.48263       -0.81756
N          5.51345        1.10083        0.29152
C          5.22561        1.06195       -2.05214
N          5.76327        1.85936       -2.93292
C          5.70662        1.41963       -4.34154
C          6.76013        0.38127       -4.67109
O          6.19007       -0.87388       -4.22369
C          4.79713       -0.62347       -3.85308
C          4.43248        0.63298       -4.60660
C          4.69162       -0.35973       -2.35044
H          1.94426       -1.41123       -0.63336
H          2.31806       -1.90323       -2.29510
H          1.27823       -0.49153       -1.99387
H          2.73847        1.23671       -0.04252
H          4.99216        1.25019        1.15746
H          6.31793        1.72137        0.34042
H          5.77954        2.30632       -4.97796
H          7.73081        0.54779       -4.19535
H          6.91368        0.31719       -5.75899
H          4.22581       -1.51186       -4.13287
H          3.52242        1.11063       -4.23574
H          4.31751        0.42531       -5.67581
H          5.30304       -1.08375       -1.79327
