26

C          0.83671       -0.01465        0.05336
N          2.27319       -0.13539       -0.02615
C          3.19560        0.93178       -0.16371
C          2.80218        2.37514       -0.10116
C          3.87604        3.41060       -0.34165
O          4.48188        3.38038       -1.64492
C          3.71048        4.78747        0.24809
C          4.77795        3.86786        0.77295
C          4.41127        0.38132       -0.33624
N          4.26939       -0.98045       -0.30662
C          2.95284       -1.36952       -0.10826
N          2.59372       -2.60947       -0.03767
O          1.22038       -2.75539        0.18293
H          0.50787        1.02880        0.07769
H          0.45504       -0.48697        0.96375
H          0.36621       -0.47827       -0.81998
H          2.34648        2.55245        0.88172
H          2.01506        2.55380       -0.84676
H          3.81294        3.30725       -2.34782
H          2.85849        4.98468        0.88856
H          4.02281        5.63967       -0.34407
H          4.64349        3.43804        1.75813
H          5.80805        4.10113        0.52821
H          5.37232        0.85157       -0.48113
H          5.02714       -1.63559       -0.39749
H          1.12317       -3.72382        0.22983
