27

C          1.26702       -0.78509        0.65573
N          2.13432        0.19435        0.03335
C          3.13977        0.88903        0.81196
C          3.30701        2.15930       -0.02517
N          1.99177        2.43921       -0.48402
C          1.43343        1.17672       -0.73247
O          0.40281        0.99829       -1.36054
C          4.08918        3.18353        0.72430
C          3.65812        4.61026        0.75463
C          5.20521        2.68918        1.30892
C          5.51063        1.25384        1.21893
C          4.53227        0.33661        1.00037
C          4.80974       -1.12890        0.92562
H          0.78373       -0.31909        1.52348
H          1.83346       -1.66202        0.96461
H          0.46770       -1.08055       -0.03371
H          2.69006        1.10192        1.79547
H          3.87884        1.94728       -0.95819
H          1.38690        2.96438        0.13148
H          2.63341        4.69423        1.13478
H          3.69522        5.04127       -0.24996
H          4.29443        5.20931        1.41197
H          5.91052        3.32722        1.83180
H          6.54988        0.96447        1.34593
H          5.88775       -1.32737        0.87129
H          4.35834       -1.57467        0.03502
H          4.42323       -1.63483        1.81468
