28

C          1.23290       -0.33574       -0.08413
C          2.72216       -0.25358       -0.17677
N          3.28889        0.14047       -1.27002
N          4.66936        0.22321       -1.10802
C          5.25982        0.76937       -2.11629
C          4.66012        1.23305       -3.40010
C          5.74367        2.09336       -4.02193
C          5.42157        3.58338       -3.99536
N          5.80241        4.03425       -2.65475
C          7.06975        3.32782       -2.39064
C          6.93948        1.95821       -3.08238
C          8.22497        1.54912       -3.78720
O          6.60311        0.96780       -2.10572
H          0.95416       -0.95858        0.76947
H          0.81897       -0.76043       -1.00179
H          0.83034        0.67063        0.06399
H          3.30006       -0.48085        0.73775
H          3.72397        1.77555       -3.23712
H          4.45920        0.35285       -4.01895
H          5.94848        1.77266       -5.04980
H          4.37065        3.79985       -4.21014
H          6.02755        4.11625       -4.73859
H          5.10453        3.71284       -1.97972
H          7.23435        3.24068       -1.31133
H          7.88596        3.92083       -2.81766
H          8.51724        2.28252       -4.54688
H          8.11106        0.57514       -4.27532
H          9.04649        1.44778       -3.06949
