28

C          1.27628       -0.48750        0.87983
C          2.46007       -0.00077        0.06215
N          2.93165        1.21228        0.14079
O          2.24657        1.98156        1.08647
C          3.14373       -0.93993       -0.95006
C          3.11100       -2.38723       -0.55011
C          2.93247       -3.18518       -1.60226
C          2.83802       -2.41581       -2.88229
C          2.59549       -0.94993       -2.42007
C          3.41677        0.01897       -3.29376
C          1.08445       -0.60011       -2.51887
N          0.53985       -0.71318       -3.87657
H          1.23519        0.01180        1.85181
H          1.33928       -1.55711        1.08374
H          0.34958       -0.28398        0.33960
H          2.79841        2.78408        1.14653
H          4.20433       -0.64728       -0.95674
H          3.27851       -2.73780        0.45925
H          2.91684       -4.26632       -1.55910
H          2.03022       -2.81244       -3.50522
H          3.77703       -2.52708       -3.43697
H          4.49009       -0.19033       -3.21644
H          3.25781        1.05833       -2.98730
H          3.15674       -0.06739       -4.35421
H          0.90820        0.42504       -2.17328
H          0.50229       -1.26870       -1.87662
H          0.95598       -0.00598       -4.48130
H         -0.45948       -0.51137       -3.86038
