30

C          1.18702       -0.09983       -0.98966
C          2.52018       -0.04901       -0.20900
C          3.43575        0.91372       -0.97622
C          3.16899       -1.42479       -0.13401
C          2.48488       -2.26132        0.93940
N          2.03980       -1.55612        2.14455
C          1.06316       -0.39286        1.91021
C          2.27178        0.38027        1.26085
C          2.94530       -0.37262        2.49898
C          2.28441        0.13948        3.80171
O          2.44498       -0.83848        4.83223
C          0.83002        0.16280        3.32065
O          0.28446        1.47715        3.26445
H          1.35447       -0.29440       -2.05420
H          0.64632        0.84907       -0.89610
H          0.52257       -0.89755       -0.64480
H          3.54550        0.58450       -2.01657
H          4.44155        0.96449       -0.54477
H          3.02547        1.93022       -0.99701
H          4.22228       -1.33413        0.14937
H          3.13704       -1.94165       -1.09982
H          3.20281       -3.02556        1.26365
H          1.63224       -2.79803        0.50386
H          0.15603       -0.57955        1.34100
H          2.26458        1.47238        1.36484
H          4.02036       -0.55739        2.51897
H          2.66055        1.10962        4.14268
H          2.22916       -1.69602        4.40783
H          0.14758       -0.48640        3.89030
H          0.23626        1.78978        4.18658
