19

C          1.09597       -0.02343        0.01554
C          2.61597       -0.02343        0.01554
C          3.91982       -0.02343        0.01554
C          5.35707       -0.07414        0.08393
N          6.01607        1.04847        0.21008
N          7.43456        0.69742        0.39485
C          7.45020       -0.61998        0.44272
C          8.44932       -1.61874        0.14101
N          7.98776       -2.36602       -0.82876
N          6.60799       -2.08921       -0.92951
C          6.16464       -1.27994        0.23931
C          5.82783       -2.16478        1.40124
O          6.40844       -2.11319        2.47556
H          0.72294       -0.98922        0.36760
H          0.72283        0.15454       -0.99684
H          0.72285        0.76429        0.67592
H          9.32117       -1.81158        0.77134
H          6.35852       -1.68241       -1.83672
H          5.00959       -2.87636        1.23930
