29

C          0.92790        0.80247        1.26222
C          2.45217        0.79857        1.23557
C          3.01300       -0.62652        1.27368
O          2.61243       -1.34206        0.11054
C          4.51438       -0.64985        1.33179
C          5.19758       -1.21411        2.34288
C          6.69746       -1.28251        2.44718
C          7.26682       -2.67947        2.52480
C          6.60589       -3.84696        2.44874
C          8.74283       -2.77080        2.71324
N          9.49979       -1.72375        2.80389
N         10.83307       -2.07888        2.97404
C         11.56761       -1.02097        3.05889
H          0.55031        1.82971        1.26803
H          0.55204        0.29850        2.15874
H          0.51351        0.29577        0.38495
H          2.82395        1.37337        2.09228
H          2.78005        1.31437        0.32440
H          2.59196       -1.15561        2.13592
H          2.99618       -0.89191       -0.65966
H          5.05448       -0.19406        0.50520
H          4.64662       -1.65772        3.17141
H          6.98080       -0.73614        3.35594
H          7.15757       -0.75711        1.60076
H          5.52984       -3.88421        2.30705
H          7.10840       -4.80660        2.52070
H          9.16633       -3.78940        2.77192
H         12.65557       -1.11579        3.19450
H         11.15702        0.00161        3.00098
