30

C          1.11843       -0.23740        0.33856
C          2.59449       -0.12608        0.24121
C          3.37463       -0.76566       -0.86657
C          3.32663        0.76289       -0.76829
C          4.56586        1.47584       -0.19334
O          4.27183        2.84140        0.16559
C          3.34182        3.41182       -0.70986
C          3.54105        4.67684       -1.08978
C          2.20200        2.53158       -1.08446
C          1.40208        1.90918       -2.36555
C          1.00815        0.69239       -3.17497
C          2.76998        1.51740       -2.00428
N          3.72592        1.84853       -3.09573
H          0.85786       -0.95724        1.12247
H          0.65132       -0.60000       -0.57643
H          0.67358        0.72308        0.61422
H          3.02264       -0.17638        1.24071
H          2.82975       -1.24238       -1.67462
H          4.30399       -1.26732       -0.62066
H          5.38002        1.48008       -0.91615
H          4.93977        0.96648        0.70709
H          4.40546        5.22176       -0.70807
H          2.84414        5.19010       -1.74705
H          1.34511        3.08968       -0.72465
H          0.41797        1.92369       -1.86655
H          1.81353        0.25505       -3.78152
H          0.22535        0.97516       -3.88747
H          0.59580       -0.11676       -2.56439
H          4.15184        1.00324       -3.46309
H          4.48288        2.45050       -2.75867
