26

C          1.09828        0.10816       -0.34630
C          2.61809        0.10817       -0.34471
N          3.12950        1.35399        0.21774
C          4.46153        1.58205        0.28343
C          5.42343        1.07188       -0.54309
N          6.64901        1.54573       -0.13060
C          7.86529        1.23339       -0.85378
C          6.48648        2.35791        0.98285
C          5.11294        2.40855        1.22113
C          7.58856        2.98234        1.66525
C          7.37508        4.14948        2.29963
C          8.90080        2.40556        1.75692
N          9.96982        1.95628        1.81822
H          0.72057       -0.84087       -0.74135
H          0.70494        0.91795       -0.96925
H          0.70111        0.23679        0.66582
H          2.96847       -0.02757       -1.37439
H          2.97532       -0.73894        0.25251
H          2.55094        1.72564        0.96702
H          5.34464        0.42179       -1.40342
H          7.62150        0.63216       -1.73452
H          8.51912        0.64653       -0.20678
H          8.33220        2.16794       -1.17392
H          4.63620        2.96576        2.01664
H          6.41359        4.65052        2.29503
H          8.17221        4.64909        2.84779
