27

C          2.00988        0.38476        0.33981
C          3.44191        0.36979        0.88934
C          3.32906        0.69872        2.34116
N          3.74884       -0.14763        3.23176
N          4.35944        0.63240        4.21938
C          5.54778        0.87951        3.72491
N          5.89136        2.12975        3.23945
N          5.58791        3.22687        4.08014
C          6.41375        2.29856        1.88895
C          5.52761        2.02425        0.67375
C          4.44846        1.33066        0.19992
C          4.17880        1.35382       -1.31582
O          5.16220        2.06450       -2.05489
H          1.32646       -0.16406        0.99895
H          1.96192       -0.09871       -0.64238
H          1.62213        1.40470        0.24205
H          3.83083       -0.65095        0.78970
H          3.06079        1.74372        2.59440
H          6.04712        0.09641        3.11698
H          4.57847        3.25788        4.24433
H          5.86600        4.11803        3.67672
H          6.75924        3.33780        1.79384
H          7.32045        1.69011        1.77944
H          6.02420        2.60174       -0.11491
H          3.21277        1.82109       -1.52720
H          4.17502        0.32418       -1.69114
H          4.94350        1.94446       -2.99484
