24

C          0.81385        0.94646        0.05455
N          2.27077        0.97025        0.07541
C          2.88252        0.99760       -1.06044
N          2.26459        1.22747       -2.27536
C          2.47729        0.34462       -3.41085
C          2.64148       -1.12563       -2.97487
C          3.97415       -1.48623       -2.27052
C          4.13663       -1.03596       -0.82977
C          4.33459        0.45871       -1.02031
O          5.15096        0.53068       -2.18927
C          5.07433       -0.65777       -2.87066
O          5.70622       -0.93562       -3.87464
H          0.47088        0.38960        0.93342
H          0.40983        0.40667       -0.80990
H          0.39151        1.95543        0.09708
H          2.34834        2.20304       -2.55079
H          3.31505        0.69976       -4.02017
H          1.59204        0.42597       -4.05394
H          2.57793       -1.73255       -3.88735
H          1.79448       -1.42170       -2.34373
H          4.17172       -2.55962       -2.33654
H          5.04684       -1.46986       -0.39749
H          3.29668       -1.32341       -0.18624
H          4.86440        0.91619       -0.18202
