27

C          0.88063       -0.40757       -0.04139
C          2.35620       -0.21149        0.10798
C          2.90389        1.16187        0.06105
C          2.42981        2.43536       -0.50102
C          1.40595        3.11018        0.05583
C          3.30693        2.94607       -1.67192
N          3.09778        4.37708       -1.95512
C          4.85004        2.70100       -1.47346
C          5.41707        1.28208       -1.35106
C          4.71488        0.14737       -1.14752
C          3.24937        0.12841       -1.05473
O          2.49878        0.12302       -2.28794
H          0.38588       -0.26284        0.92453
H          0.66445       -1.42271       -0.38732
H          0.42845        0.29275       -0.75183
H          2.75671       -0.89693        0.84676
H          3.61565        1.34055        0.86877
H          0.88073        2.69705        0.91237
H          1.06097        4.06991       -0.30651
H          3.00639        2.42367       -2.58620
H          3.21311        4.89965       -1.08838
H          2.13148        4.49897       -2.25184
H          5.18120        3.25561       -0.58434
H          5.36871        3.15855       -2.32750
H          6.50182        1.21604       -1.40438
H          5.23775       -0.79962       -1.05481
H          2.80429       -0.59892       -2.86195
