28

C          1.07428       -0.12058        0.31633
C          2.58696       -0.12190        0.15438
C          3.25568       -1.20079       -0.73213
C          2.65001       -0.85330       -2.08663
C          2.69407       -0.74923       -3.63757
C          1.87563        0.59971       -3.36232
C          2.86230        0.72764       -2.16074
C          3.15236        1.03058       -0.68150
C          4.64193        0.64960       -0.52589
O          5.58782        1.40612       -0.40992
N          4.63636       -0.75985       -0.70125
C          5.75475       -1.54132       -0.80262
C          5.75360       -2.86603       -0.97755
H          0.75305       -1.01498        0.85903
H          0.52111       -0.07999       -0.62472
H          0.76420        0.75579        0.89531
H          3.02573       -0.13030        1.16366
H          3.09512       -2.22318       -0.38520
H          1.62680       -1.24029       -1.91794
H          2.15462       -1.52108       -4.19059
H          3.68822       -0.61433       -4.08007
H          0.81878        0.46870       -3.10010
H          1.95879        1.36563       -4.13671
H          3.78846        1.10062       -2.64435
H          2.93210        2.04080       -0.33804
H          6.69967       -1.00267       -0.73484
H          4.84628       -3.45265       -1.05968
H          6.69248       -3.40648       -1.04980
