24

N          1.92690        0.63755       -1.17833
C          3.15775        0.36845       -0.72401
C          3.60774       -0.83105       -0.23709
C          3.22300       -2.26501       -0.09344
C          4.54870       -2.90007        0.33299
C          5.47905       -1.93402        0.47338
N          4.92594       -0.71216        0.14598
C          5.30036        0.56979       -0.03778
C          4.29243        1.18957       -0.74833
C          4.82465        2.41481       -1.37517
C          6.26207        2.43680       -0.79162
C          6.47055        2.54207        0.67841
N          6.50483        1.19099        0.09177
H          1.16968        0.00345       -0.93290
H          1.61149        1.60445       -1.16555
H          2.88422       -2.67623       -1.04975
H          2.45691       -2.41423        0.67382
H          4.71361       -3.95981        0.45060
H          6.52433       -2.01254        0.72299
H          4.27224        3.32175       -1.13104
H          4.88738        2.28254       -2.46132
H          7.06692        2.55584       -1.50079
H          5.62474        2.76770        1.31839
H          7.43154        2.88056        1.04022
