22

C          1.21884        0.06546       -0.52335
C          2.42834        0.62249       -0.61980
C          3.02246        1.55891        0.37912
C          4.44903        1.08696        0.31263
C          4.61996        0.75593       -1.16034
O          3.33896        0.22866       -1.59645
O          4.62501       -0.15506        1.12034
C          5.81057       -0.02233        1.98416
C          6.13152        1.39199        1.94329
C          5.42317        1.96530        0.94832
O          5.53428        3.29760        0.95526
N          6.42917        3.62230        1.99652
C          6.73490        2.45317        2.59720
H          0.54965        0.32294        0.29262
H          0.88979       -0.68629       -1.23140
H          2.58191        1.46272        1.37393
H          2.91247        2.59089        0.02321
H          5.38047       -0.01094       -1.33968
H          4.84220        1.63663       -1.77362
H          6.60182       -0.64123        1.55035
H          5.54911       -0.39137        2.97752
H          7.33038        2.47048        3.49840
