25

C          0.99052       -0.11227        0.42984
C          2.37498       -0.12319       -0.19415
O          2.86366       -1.47127       -0.38619
C          3.38459       -1.58791       -1.73915
C          2.32701       -2.32777       -2.55735
C          2.90395       -2.90459       -3.84845
C          1.29598       -1.21738       -2.83925
N          1.99012        0.08944       -2.82496
C          2.45350        0.59248       -1.50506
C          3.34818       -0.21519       -2.33569
C          4.44142        0.32533       -3.07750
C          5.30131        0.79341       -3.76935
H          0.92579       -0.82336        1.25907
H          0.20610       -0.38499       -0.28072
H          0.74399        0.88867        0.79778
H          3.07055        0.34450        0.51338
H          4.36204       -2.07836       -1.70759
H          1.86519       -3.13418       -1.97528
H          3.29050       -2.12680       -4.51442
H          2.12924       -3.45367       -4.39449
H          3.71892       -3.60239       -3.63088
H          0.47997       -1.24553       -2.11463
H          0.83047       -1.35994       -3.82091
H          2.61669        1.65659       -1.42104
H          6.02421        1.22259       -4.42577
