26

C          1.08889        0.04245        0.01720
C          2.39275        0.04245        0.01720
C          3.91275        0.04245        0.01720
C          4.59736       -1.14666       -0.63319
C          5.74812       -0.58552       -1.41663
C          5.71146        0.75322       -1.47723
C          4.56504        1.28232       -0.63287
C          3.26555        2.18045       -1.17058
N          2.93115        2.81164        0.19582
C          3.79067        3.10048        1.65576
C          5.15443        2.24303        0.91597
C          4.28963        2.55403        0.02260
C          4.36262        0.90589        1.08064
H          0.02374        0.06269        0.02120
H          3.92367       -1.63268       -1.35279
H          4.91104       -1.89883        0.09319
H          6.48224       -1.21222       -1.91124
H          6.41471        1.36538       -2.03352
H          2.49504        1.57069       -1.66074
H          3.56832        2.90774       -1.95621
H          3.27131        2.59551        2.49659
H          3.89049        4.13800        1.89556
H          6.13788        2.73252        0.69808
H          4.77593        3.56616       -0.15994
H          3.63543        0.84814        1.91968
H          5.34749        0.45429        1.46025
