32

C          1.16520        1.54450        0.66422
C          1.65845        0.41453       -0.23866
C          2.92707        0.76536       -1.03990
N          4.02353        1.24324       -0.20616
C          5.23023        0.47717        0.14668
C          5.64578       -0.95932       -0.06327
N          4.98259       -1.95545       -0.94704
C          3.60772       -1.63369       -1.24981
C          2.90225       -1.53659       -2.55942
C          3.46855       -0.29703       -1.93538
C          5.23847       -0.49360        1.34023
C          3.94743       -0.92848        1.98882
N          6.29848       -0.20167        2.35162
H          0.20762        1.26709        1.11598
H          1.02489        2.46907        0.09902
H          1.86246        1.74010        1.48449
H          0.86111        0.16167       -0.94407
H          1.79147       -0.46529        0.38899
H          2.64962        1.60057       -1.69457
H          3.74952        1.91916        0.49832
H          6.08884        1.15289        0.09300
H          6.72437       -1.08679       -0.17626
H          5.09361       -2.90250       -0.59035
H          2.91338       -1.98232       -0.49514
H          1.82533       -1.65063       -2.58023
H          3.40286       -1.94619       -3.43257
H          4.30565        0.10634       -2.50638
H          3.38131       -1.64595        1.40351
H          3.31752       -0.06511        2.22053
H          4.14309       -1.43612        2.94091
H          7.22386       -0.28395        1.94785
H          6.26140       -0.87271        3.11678
