27

C          1.05479       -0.14914       -0.56499
C          2.50517       -0.01901       -0.07933
C          2.99602        1.45036        0.03180
N          2.63587        2.22490        1.21533
C          1.20958        2.27316        1.54846
C          0.83713        1.57421        2.89641
O          1.50308        0.33928        3.16550
N          0.90730       -0.77968        2.57395
C          1.79499       -1.46343        1.78147
N          1.75057       -2.73825        1.58351
N          2.76600       -0.75013        1.16987
C          1.45580        2.50522        3.92640
C          1.98649        3.30383        4.80992
H          0.86444        0.51246       -1.41641
H          0.30395        0.07768        0.19477
H          0.84676       -1.17673       -0.88114
H          3.12011       -0.48900       -0.85824
H          2.69839        2.00492       -0.86593
H          4.09284        1.42042        0.01650
H          3.04925        3.15387        1.19294
H          0.57418        1.94250        0.72850
H          0.94407        3.33800        1.63445
H         -0.24568        1.50405        3.04486
H         -0.00561       -0.63365        2.17533
H          0.98524       -3.11669        2.15110
H          3.56733       -1.35795        1.02919
H          2.43274        3.94440        5.53475
