29

C          0.81927       -0.35061        0.12908
N          2.09384       -0.08685       -0.45200
C          3.05632       -0.87727       -0.75036
C          4.19764       -0.09563       -1.38412
C          4.95909       -0.95256       -2.38317
C          4.15953       -1.90110       -3.29654
C          4.02608       -3.10387       -2.70399
C          4.44723       -2.93895       -1.27252
N          3.21725       -2.26992       -0.62593
C          1.98657       -3.05916       -0.84207
C          5.69540       -2.01303       -1.55125
C          6.83033       -2.61131       -2.44490
O          6.32282       -1.53690       -0.36566
H          0.46361        0.55494        0.63639
H          0.82026       -1.14231        0.87525
H          0.09446       -0.56529       -0.66302
H          4.84333        0.25303       -0.56321
H          3.81417        0.80927       -1.86480
H          5.64631       -0.32958       -2.96634
H          3.85959       -1.68156       -4.31173
H          3.60663       -4.01248       -3.09916
H          4.73045       -3.84755       -0.72862
H          2.19115       -4.13318       -0.88770
H          1.52657       -2.76120       -1.79773
H          1.24587       -2.91312       -0.05815
H          6.88520       -3.69972       -2.37161
H          7.81202       -2.20182       -2.17755
H          6.69904       -2.36716       -3.50936
H          6.92869       -0.81756       -0.61917
