20

N          2.38749       -0.41372        0.81500
C          2.54089       -0.00942       -0.47487
N          2.07811       -0.65312       -1.48928
C          3.32948        1.23067       -0.69240
N          4.53337        1.00722       -1.51688
C          3.54876        1.93980       -2.02516
C          3.76174        3.42162       -1.75053
C          3.05747        3.61226       -0.42295
C          3.35226        4.79341        0.48722
N          3.59682        5.77326        1.24228
C          3.35162        2.32473        0.30979
O          3.48898        2.13508        1.50849
H          2.22516       -1.39455        1.00089
H          2.97278        0.04410        1.51589
H          1.56310       -1.47284       -1.14637
H          4.42223        0.10568       -1.99951
H          2.90570        1.68727       -2.85771
H          3.32551        4.04714       -2.53527
H          4.83146        3.65310       -1.68224
H          1.97108        3.62083       -0.59605
