24

C          1.16115        0.52038        0.27585
C          2.62953        0.24180        0.02271
C          3.23996        0.37851       -1.17171
C          2.53787        0.89975       -2.29899
N          1.56417        1.79550       -2.33437
N          1.07954        1.88602       -3.60308
C          1.81786        1.08918       -4.35997
N          2.78941        0.50545       -3.59330
C          3.78290       -0.45290       -4.05917
C          5.08462        0.17152       -4.49465
C          6.27898       -0.11570       -3.94293
C          3.41036       -0.23554        1.23632
C          4.08016       -0.64500        2.27735
H          0.58907        0.79749       -0.60577
H          1.04526        1.33192        1.00206
H          0.66884       -0.37879        0.66394
H          4.28657        0.11898       -1.28185
H          1.66691        0.94231       -5.41167
H          3.34169       -1.02531       -4.88239
H          3.96072       -1.15191       -3.23314
H          5.07755        0.86339       -5.33129
H          6.38319       -0.81177       -3.11855
H          7.18353        0.35893       -4.31302
H          4.62479       -0.97582        3.13086
