28

C          1.23301       -0.06367        0.74189
C          2.46044        0.10461       -0.14627
C          2.21233       -0.49811       -1.51531
C          1.43777        0.27598       -2.54168
O          2.61431       -1.63639       -1.77469
C          2.98020        1.53838       -0.14474
N          2.15530        2.51670        0.09003
N          2.71772        3.72504        0.31397
C          3.80775        4.19335       -0.52900
C          4.93244        3.15795       -0.62366
C          6.12220        3.52262        0.26798
C          4.47475        1.72388       -0.31963
H          0.95006       -1.11783        0.82262
H          0.36660        0.48348        0.35412
H          1.43812        0.31054        1.75320
H          3.26258       -0.49522        0.30339
H          0.89490        1.11067       -2.09416
H          0.70239       -0.38763       -3.01173
H          2.12790        0.65017       -3.30203
H          1.98957        4.44144        0.37040
H          4.18377        5.13709       -0.11686
H          3.42183        4.41951       -1.52821
H          5.29967        3.18164       -1.65893
H          5.85267        3.50003        1.32901
H          6.49753        4.52371        0.03167
H          6.94655        2.81740        0.11112
H          4.93564        1.35189        0.60375
H          4.81202        1.06101       -1.12610
