22

C          1.39375        0.24448        0.01572
N          2.85451        0.23131       -0.06141
N          3.43278       -0.90363        0.41371
C          4.42773       -1.35197       -0.28433
C          4.91523       -0.80472       -1.58225
N          4.88784        0.40088       -2.05644
C          4.37893        1.51816       -1.45349
O          4.49117        2.61889       -1.98590
C          3.62318        1.39659       -0.14704
C          3.74227        2.36727        0.79540
C          3.01048        2.40456        2.11035
C          4.70342        3.51512        0.67692
O          4.78501        4.38689        1.53836
H          0.99858       -0.77771       -0.01772
H          0.97676        0.78180       -0.84249
H          1.02381        0.70765        0.93213
H          4.95403       -2.26201        0.04224
H          5.37833       -1.57785       -2.22069
H          2.34301        1.55975        2.27232
H          2.40678        3.31769        2.17471
H          3.72042        2.40414        2.94491
H          5.38418        3.53400       -0.18308
