28

C          4.30529        0.85392       -1.76360
C          4.45810        2.21059       -1.03788
N          3.05116        2.57501       -0.58906
C          5.40880        2.16425        0.19155
C          4.75560        1.46746        1.15604
C          4.80740        1.59110        2.61533
C          6.32740        1.59110        2.61533
C          7.63126        1.59110        2.61533
C          9.15126        1.59110        2.61533
C          9.18178        2.70715        1.79212
C          7.91962        3.46792        0.96481
C          8.35403        4.94842        0.98051
C          6.62516        3.22749        0.40853
H          3.46511        0.86945       -2.47122
H          4.09756        0.01754       -1.08230
H          5.20753        0.60057       -2.32176
H          4.76732        2.98597       -1.75323
H          2.60199        1.86969        0.00795
H          2.44988        2.61387       -1.41167
H          3.97623        0.75777        0.89751
H          4.41290        0.72793        3.15456
H          4.38426        2.52940        2.97791
H          9.82893        1.25431        3.37892
H         10.03540        3.37331        1.94985
H          9.24767        5.09053        0.36524
H          8.59157        5.26955        2.00575
H          7.58235        5.64039        0.62712
H          6.19692        4.13403       -0.04344
