29

C          2.70312        0.01403        1.37896
N          2.34771        0.25681       -0.01678
C          3.03964       -0.67530       -0.91313
C          2.40988       -2.12637       -0.75629
C          1.03643       -2.58100       -0.30396
C          2.64280       -2.22974       -2.24047
C          1.91549       -2.80300       -3.42862
O          1.20268       -3.79049       -3.52558
O          2.24917       -1.95176       -4.44896
C          2.99831       -0.84326       -3.85452
C          2.45516       -0.65489       -2.40399
C          1.13354        0.14278       -2.55291
N          1.44091        1.50469       -3.02770
H          2.32334        0.83645        1.99496
H          3.78553       -0.04246        1.52613
H          2.24096       -0.90009        1.76113
H          2.55041        1.23514       -0.22273
H          4.13423       -0.62108       -0.87509
H          3.11924       -2.75176       -0.18982
H          0.22353       -2.05978       -0.81295
H          0.91594       -2.45662        0.77629
H          0.92741       -3.65608       -0.50320
H          3.69318       -2.57691       -2.34219
H          2.84376        0.03229       -4.49393
H          4.07110       -1.07325       -3.89231
H          0.55113        0.21221       -1.63043
H          0.47270       -0.32687       -3.28900
H          1.98002        2.01141       -2.32934
H          0.57560        2.02858       -3.15813
