20

O          1.40409       -0.80662        0.23790
C          2.50819        0.07599        0.07990
C          2.93660        0.51247        1.43571
N          2.94972        1.76663        1.86671
C          3.39810        1.70015        3.14647
O          3.54118        2.76547        3.93682
C          3.69097        0.41866        3.52688
C          4.18648       -0.22482        4.69419
C          4.36790       -1.56055        4.68184
Cl         4.97030       -2.38107        6.07235
C          4.06043       -2.35577        3.50029
C          3.57821       -1.74575        2.40509
N          3.39257       -0.35910        2.41462
H          0.92580       -0.80646       -0.60818
H          2.19252        0.94317       -0.51035
H          3.30335       -0.44368       -0.46104
H          3.23773        3.52489        3.41085
H          4.40957        0.37515        5.57043
H          4.22379       -3.42833        3.52767
H          3.32105       -2.28489        1.50178
