26

C          1.10162       -0.12952        0.18339
C          2.60983        0.08779        0.14020
N          3.31096       -1.04052        0.80142
N          4.68169       -1.02803        0.85483
C          5.22039        0.15408        0.80178
C          6.68048        0.37797        0.92666
C          6.71810        1.89990        0.93442
O          5.37243        2.40418        1.08072
N          4.57415        1.34960        0.64861
C          3.11920        1.43225        0.75545
C          2.62764        2.65384       -0.02271
C          2.70341        1.53177        2.22090
O          1.72413        2.15756        2.62315
H          0.83791       -1.07162       -0.31419
H          0.57438        0.66819       -0.35168
H          0.71505       -0.17379        1.20530
H          2.90432        0.06122       -0.91906
H          2.97187       -1.94736        0.47068
H          7.21952       -0.04507        0.07749
H          7.06070       -0.05314        1.85821
H          7.12907        2.28833       -0.00375
H          7.32843        2.28220        1.75719
H          2.96719        2.62322       -1.06509
H          3.00984        3.58098        0.41911
H          1.53538        2.72909       -0.02127
H          3.30086        0.93145        2.93134
