27

C          0.96582       -0.11895       -0.09666
C          2.46550       -0.17834        0.04606
C          3.00596       -1.42120        0.50690
N          3.43112       -2.41752        0.91802
C          3.27361        0.89351       -0.18414
C          2.74042        2.21999       -0.66394
C          3.57257        3.22298       -1.43385
C          3.13492        3.55800       -0.03418
C          4.17381        3.89509        1.01613
C          5.40900        2.99245        1.16557
C          4.95534        1.60341        1.37709
N          5.58909        0.35419        1.09248
C          4.73362        0.87770        0.04087
H          0.47986       -0.92044        0.47163
H          0.67680       -0.22769       -1.14705
H          0.55916        0.81953        0.29276
H          1.72606        2.15498       -1.05585
H          3.09496        3.77527       -2.23886
H          4.62270        3.05048       -1.62899
H          2.30713        4.25912        0.06790
H          3.65439        3.93520        1.98171
H          4.52372        4.91601        0.81825
H          5.99445        3.32344        2.03076
H          6.06040        3.08790        0.28949
H          4.22520        1.54274        2.17931
H          5.15411       -0.43405        1.57107
H          5.31834        1.11945       -0.84062
