24

C          2.65261       -1.10871        0.71730
C          2.39617        0.11148        0.23366
C          3.05240        0.62636       -1.01631
C          3.22290        2.17461       -1.02119
O          4.61151        2.04305       -1.43091
C          4.60037        0.65717       -0.99724
C          2.45897        0.16359       -2.34311
N          2.59457       -1.26840       -2.52132
C          1.43095       -1.83694       -2.99261
O          1.31596       -2.98673       -3.37688
N          0.44941       -0.90190       -2.95391
C          0.95616        0.26381       -2.50020
N          0.23733        1.30454       -2.27084
H          2.17054       -1.45141        1.62906
H          3.33527       -1.79889        0.23161
H          1.70097        0.76891        0.75336
H          3.15540        2.68586       -0.05402
H          2.64071        2.73599       -1.75817
H          5.08968        0.55665       -0.02280
H          5.10504        0.00694       -1.71845
H          2.93307        0.64563       -3.20538
H          3.46384       -1.77965       -2.58588
H         -0.50040       -1.11130       -3.21061
H         -0.74767        1.09496       -2.45642
