26

C          1.17328       -0.45472       -0.46504
C          2.43497        0.39143       -0.50207
O          3.36842       -0.11334        0.45659
C          3.15602        0.45884       -1.82734
C          3.58182       -0.85431       -2.46833
C          3.06888       -0.76881       -3.91228
C          3.20630        0.70712       -4.27342
C          2.88422        1.40504       -2.97914
O          1.65116        2.12670       -2.94903
C          3.93830        1.76193       -1.98890
C          5.38836        1.77553       -2.29040
O          6.00261        2.83349       -2.32854
H          0.83234       -0.56804        0.57153
H          1.33633       -1.46815       -0.84178
H          0.37142        0.00324       -1.04928
H          2.16526        1.39728       -0.15989
H          3.41456       -1.07741        0.34703
H          3.15988       -1.73597       -1.97845
H          4.66869       -0.97002       -2.44789
H          2.00718       -1.04756       -3.93934
H          3.60993       -1.42944       -4.59475
H          2.53461        0.98662       -5.09062
H          4.23117        0.92479       -4.59577
H          1.66691        2.87350       -3.57571
H          3.67533        2.58590       -1.32523
H          5.88716        0.81384       -2.46706
