31

C          1.34522       -0.06485       -0.76737
C          2.74898       -0.07750       -0.20028
C          3.43564       -1.36878       -0.61614
C          4.17801       -0.14074       -0.89789
N          4.29694        0.65742       -2.12815
C          4.88241        1.98355       -1.75637
C          4.42226        2.57160       -0.37520
N          3.10823        2.03079       -0.06746
C          2.37239        2.32736        1.10707
C          2.81998        3.40765        2.03804
O          1.96328        3.42997        3.17507
C          3.07610        0.93687        0.87891
C          3.95029        0.52021        2.01825
H          1.21065       -0.76150       -1.59963
H          1.02969        0.92243       -1.11480
H          0.65492       -0.37596        0.02752
H          3.09131       -1.92822       -1.48005
H          3.79305       -2.01876        0.17548
H          5.11050       -0.14303       -0.33232
H          3.35210        0.85523       -2.46318
H          4.61457        2.69230       -2.55026
H          5.97634        1.90330       -1.76488
H          4.38332        3.66281       -0.45913
H          5.17629        2.33386        0.38737
H          1.29819        2.35221        0.97589
H          2.75405        4.38517        1.54852
H          3.84697        3.28929        2.38418
H          1.06767        3.61290        2.86035
H          3.58417       -0.44090        2.40020
H          3.91774        1.20017        2.87221
H          4.99787        0.38713        1.73981
