31

C          1.66700       -0.41258        1.40198
C          2.42156       -0.17842        0.11026
C          3.02607       -1.45226       -0.41615
N          4.30555       -1.54044       -0.57801
N          4.67182       -2.76004       -1.13979
C          5.97151       -2.92826       -1.25240
C          6.95647       -1.85735       -0.73761
C          8.43200       -2.17056       -0.96756
C          9.36517       -1.12640       -0.41872
C         10.31469       -1.40323        0.48715
C         11.31148       -0.41650        1.00052
N          6.48829       -4.09278       -1.82824
N          5.66474       -4.75130       -2.77371
H          1.28848        0.53703        1.79398
H          2.31068       -0.86594        2.16221
H          0.81360       -1.07911        1.24278
H          3.21570        0.56033        0.26921
H          1.74290        0.20975       -0.65383
H          2.33708       -2.27619       -0.67515
H          6.77108       -1.72600        0.33607
H          6.70776       -0.91067       -1.23437
H          8.62440       -2.25294       -2.04457
H          8.67154       -3.14616       -0.52706
H          9.27281       -0.12040       -0.82576
H         10.40539       -2.41193        0.88285
H         11.20162        0.56775        0.53559
H         12.32356       -0.77936        0.79366
H         11.20364       -0.30287        2.08326
H          7.48385       -4.11084       -2.04277
H          4.69994       -4.42292       -2.63817
H          5.63197       -5.75086       -2.55955
