30

C          1.56309        2.25090       -1.47916
C          2.43856        1.10955       -1.97478
C          3.67653        0.93964       -1.10218
N          4.43922       -0.25574       -1.46531
C          5.33120       -0.26205       -2.53349
C          6.68165       -0.22122       -2.55073
C          7.50766       -0.13185       -1.33177
C          6.99910       -0.68033       -0.01790
C          8.71077        0.47780       -1.29681
C          7.24063       -0.29320       -3.96328
O          6.57548        0.06670       -4.93723
C          8.60280       -0.87554       -4.17353
C          9.12110       -0.97417       -5.40536
H          0.68426        2.36768       -2.12131
H          2.11412        3.19665       -1.48084
H          1.21251        2.06029       -0.45980
H          2.73217        1.30062       -3.01412
H          1.84824        0.18394       -1.97984
H          3.36510        0.81754       -0.05212
H          4.31815        1.83039       -1.14261
H          3.79684       -1.03930       -1.55656
H          4.77302       -0.35614       -3.47760
H          6.09912       -1.29378       -0.09821
H          6.78929        0.14342        0.67571
H          7.75133       -1.33170        0.44250
H          9.16537        0.95751       -2.15388
H          9.26956        0.53462       -0.36519
H          9.17480       -1.22226       -3.31569
H          8.56353       -0.65633       -6.28652
H         10.11217       -1.37998       -5.57173
