30

C          3.84679        6.05077       -0.43641
C          3.66213        5.29075        0.86246
O          4.28958        4.00269        0.78789
C          4.14499        3.32209        2.04618
C          4.84757        1.94818        2.05325
N          6.31547        1.99267        1.92561
C          6.99991        1.00904        1.08021
C          6.27718        0.22508       -0.00245
N          6.45039       -1.05561       -0.07947
N          5.91391       -1.63368       -1.18079
C          7.01865        2.63409        2.94955
C          8.53495        2.63190        2.91122
O          6.45549        3.20848        3.88104
H          3.35115        7.02679       -0.37907
H          3.42722        5.49520       -1.27926
H          4.90790        6.21285       -0.64617
H          2.59194        5.15870        1.05809
H          4.10412        5.86865        1.68241
H          3.07414        3.15713        2.21880
H          4.51217        3.96968        2.84605
H          4.42925        1.34903        1.24099
H          4.61930        1.44121        2.99862
H          7.49466        0.29212        1.74593
H          7.77493        1.56261        0.53674
H          5.70039        0.80498       -0.74039
H          5.85308       -2.64848       -1.05424
H          4.98549       -1.29434       -1.43107
H          8.97824        1.94839        2.18950
H          8.90489        2.33925        3.89728
H          8.87819        3.64307        2.67954
