29

C          0.75364        0.03661       -0.02089
C          2.28528       -0.06358        0.15960
N          2.42058       -0.20051        1.63619
C          3.03947        1.15795       -0.40781
C          2.67919        1.31202       -1.89780
O          2.86964        0.13370       -2.69053
C          2.58111       -1.14610       -2.10194
C          2.96500       -1.25850       -0.60724
N          2.56734       -2.55539       -0.01494
C          4.53396       -1.08826       -0.47538
C          5.29779        0.00596       -1.28950
C          4.57384        0.92427       -0.26314
O          4.83536       -0.19757        0.71006
H          0.36432        0.93904        0.47258
H          0.23910       -0.82459        0.42614
H          0.42977        0.08582       -1.06009
H          2.19250        0.68519        2.08365
H          3.42384       -0.33597        1.83300
H          2.76291        2.07062        0.13415
H          3.29428        2.09923       -2.34844
H          1.63987        1.63223       -2.02147
H          3.12735       -1.89400       -2.68986
H          1.51823       -1.35224       -2.26261
H          1.55217       -2.64522       -0.06293
H          2.73869       -2.46156        0.99479
H          5.08429       -2.03525       -0.42219
H          5.10516        0.13197       -2.35220
H          6.38777       -0.02589       -1.16131
H          5.13512        1.82382        0.00765
