22

C          0.90838        0.12495       -0.05425
C          2.40287        0.01552       -0.00662
O          2.93338       -0.03599        1.32883
C          3.18858       -0.71105       -1.05739
O          2.46939       -1.32393       -2.14196
C          3.22010        0.80997       -1.02200
N          4.41065        1.54378       -0.67180
C          5.41188        1.16450        0.17261
N          6.32564        2.10744        0.22953
C          5.83079        3.08107       -0.61586
C          6.53097        4.34380       -0.82746
O          6.15497        5.25850       -1.55720
N          4.66519        2.75147       -1.20450
H          0.45204       -0.53119        0.69466
H          0.48891       -0.14768       -1.02598
H          0.60188        1.15313        0.16377
H          2.36449       -0.55763        1.92545
H          4.06656       -1.25242       -0.71767
H          1.82964       -0.73164       -2.57237
H          2.63930        1.34340       -1.76925
H          5.42413        0.22661        0.70809
H          7.46473        4.43741       -0.24538
