30

C          0.84704        0.00678       -0.37009
C          2.33492        0.08355       -0.03177
C          2.98567       -1.19326       -0.52161
O          3.86410       -1.23493       -1.37873
C          2.95742        1.34075       -0.63933
C          2.41177        2.71661       -0.17626
N          3.80001        3.24818       -0.16694
C          4.09141        3.86973       -1.46049
C          4.30075        1.84662       -0.01888
C          5.62306        1.46306       -0.68326
C          6.79380        2.26487       -0.19215
C          7.24164        2.27594        1.24795
O          7.89848        1.46764        0.26428
H          0.39661       -0.90284        0.04371
H          0.68559       -0.00785       -1.45384
H          0.30320        0.86388        0.03840
H          2.44728        0.09557        1.05830
H          2.62119       -2.12474       -0.05377
H          2.98439        1.26730       -1.73724
H          1.95590        2.71124        0.82203
H          1.70566        3.19890       -0.86197
H          3.51801        4.79915       -1.55388
H          3.85611        3.24700       -2.32991
H          5.14452        4.15694       -1.52120
H          4.36763        1.57882        1.04871
H          5.55903        1.56280       -1.77277
H          5.80910        0.39901       -0.49401
H          7.02188        3.12115       -0.81072
H          6.64188        1.77479        1.99508
H          7.77215        3.14987        1.60732
