24

C          0.59800        0.83861        0.24648
O          1.32826       -0.03396        1.10054
C          2.63937        0.38017        1.54745
C          2.92974        1.87765        1.58473
C          4.21815        2.44737        1.12043
C          2.72626        1.15831        2.86423
N          3.87954        0.65872        3.62730
N          4.13037       -0.59327        3.12725
C          3.49999       -0.75540        1.99064
S          3.48172       -2.33364        1.19374
N          4.44837       -3.36931        2.11701
O          2.13723       -2.85896        1.31570
O          4.14119       -2.15999       -0.09425
H          0.17346        0.26774       -0.58308
H          1.19089        1.64746       -0.19125
H         -0.21721        1.25932        0.84032
H          2.14422        2.59849        1.38408
H          5.08657        1.82659        1.35943
H          4.36681        3.43972        1.56083
H          4.18095        2.57839        0.03314
H          1.79168        1.26895        3.40445
H          3.71885        0.62793        4.64607
H          3.95870       -3.65414        2.96399
H          5.37231       -2.96851        2.29528
