27

C          2.84569        0.55000       -1.38413
C          2.33167       -0.01914       -0.06271
C          3.13366       -1.25119        0.42092
C          4.61225       -0.91320        0.64727
O          4.73935        0.16282        1.58724
C          6.10148        0.54138        1.73911
C          2.49884       -1.96288        1.68240
C          2.70884       -3.32656        0.99066
C          2.74991       -2.57112       -0.35267
N          3.86553       -3.07867       -1.14453
H          2.28042        1.45410       -1.64229
H          2.73079       -0.16645       -2.20156
H          3.90014        0.83999       -1.33598
H          1.27009       -0.27275       -0.18214
H          2.37525        0.76787        0.69766
H          5.07870       -0.61168       -0.30203
H          5.16694       -1.77257        1.03244
H          6.15985        1.38445        2.43547
H          6.52515        0.85555        0.77948
H          6.67936       -0.29187        2.14781
H          1.43766       -1.74884        1.86272
H          3.03433       -1.85791        2.63107
H          1.88064       -4.03264        1.10412
H          3.63268       -3.83231        1.29617
H          1.78664       -2.56449       -0.87273
H          4.74473       -3.19671       -0.65294
H          4.06292       -2.53131       -1.98093
