26

C          3.37174       -0.76670        0.53417
C          2.34185       -0.16228       -0.42403
C          2.97899        0.67992       -1.53203
C          3.90328       -0.07196       -2.50213
C          4.08451       -1.55255       -2.55953
C          2.60064        0.47530       -3.00973
N          2.66374        1.58720       -3.99547
C          3.43458        2.65961       -3.59326
N          4.14295        3.32217       -4.45148
C          3.50457        3.07139       -2.18214
C          3.28268        2.12957       -1.24169
C          3.33409        2.55214        0.11317
N          3.35860        2.90404        1.22077
H          2.91345       -1.56299        1.12900
H          3.77390       -0.01875        1.22196
H          4.23176       -1.19991        0.02501
H          1.63218        0.43140        0.16599
H          1.74982       -0.97364       -0.86434
H          4.83003        0.42322       -2.77790
H          3.14196       -2.09703       -2.44424
H          4.77845       -1.89065       -1.78705
H          4.52297       -1.83568       -3.52045
H          1.82256       -0.23964       -3.26053
H          1.73184        1.91807       -4.24430
H          4.04916        2.85384       -5.35771
H          3.77764        4.09951       -1.97001
