27

N          0.90750        0.04353        0.11009
C          2.40562       -0.04165        0.09133
C          2.87257        0.16199        1.55380
O          2.39524        1.40571        2.06593
C          2.82655       -1.44372       -0.41434
O          2.34010       -1.67441       -1.74342
C          2.86558       -0.74692       -2.69748
C          2.52107        0.70388       -2.34047
O          3.04149        1.60851       -3.31685
C          2.96804        1.04587       -0.89140
C          4.48972        1.18005       -0.81306
C          5.12635        2.29233       -0.41972
H          0.54598       -0.61694        0.80251
H          0.56142       -0.33826       -0.77685
H          3.96159        0.13845        1.65344
H          2.47281       -0.62856        2.20044
H          1.49801        1.51034        1.68752
H          2.39862       -2.22577        0.22381
H          3.91241       -1.58153       -0.39646
H          2.43773       -0.99534       -3.67518
H          3.94751       -0.89434       -2.79997
H          1.43176        0.81295       -2.39612
H          3.97516        1.78414       -3.11182
H          2.53736        2.02480       -0.63571
H          5.09827        0.32592       -1.09998
H          4.58223        3.18095       -0.11010
H          6.21040        2.33478       -0.38249
