27

C          2.47154        1.16595        0.91968
C          2.35911       -0.02368       -0.01820
C          2.88984        0.29388       -1.41791
C          2.77937       -0.85370       -2.43074
O          1.35685       -1.02012       -2.58545
C          0.86019        0.27347       -2.53034
N         -0.38888        0.60374       -2.61533
N         -1.23768       -0.43180       -2.83030
C          2.03651        1.21645       -2.30785
N          2.87036        1.21061       -3.53918
C          2.52593        2.07581       -4.64174
C          3.27290       -0.10395       -3.68628
N          3.89230       -0.67233       -4.65236
H          2.17356        0.87585        1.93161
H          1.81981        1.98670        0.59952
H          3.49831        1.53855        0.96540
H          1.32102       -0.36924       -0.03404
H          2.95208       -0.85074        0.39565
H          3.92498        0.65627       -1.33920
H          3.30515       -1.77940       -2.19724
H         -2.15583       -0.25654       -2.42226
H         -0.88391       -1.32645       -2.48032
H          1.79155        2.20039       -1.90752
H          2.03627        2.98908       -4.28914
H          1.86224        1.57501       -5.35314
H          3.43757        2.37573       -5.16978
H          4.10184        0.02562       -5.36990
