23

C          0.85892        0.04835       -0.32957
C          2.36841        0.21868       -0.31378
N          3.03551       -1.10523       -0.54398
C          4.52693       -1.01432       -0.65589
C          5.13023       -0.73500        0.71214
C          6.64679       -0.64126        0.67108
N          7.90489       -0.56349        0.63702
C          4.77026       -0.01890       -1.73439
N          5.52596        1.15347       -1.95701
C          4.33421        1.43233       -1.20139
C          2.86681        1.27033       -1.34367
O          2.21335        1.85186       -2.19432
H          0.54873       -0.72968        0.37966
H          0.48767       -0.21719       -1.32120
H          0.37332        0.98195       -0.02460
H          2.63940        0.58040        0.68559
H          2.66364       -1.50538       -1.41046
H          4.89028       -1.99171       -0.99744
H          4.86848       -1.54770        1.40235
H          4.76155        0.18439        1.17634
H          4.35593       -0.40708       -2.66550
H          5.44141        1.50963       -2.91079
H          4.60881        1.82028       -0.22859
