26

C          3.67643       -0.80283       -1.29685
C          2.73635       -0.23525       -0.24439
C          3.10572        1.13522        0.40393
C          3.32159        2.20237       -0.63072
C          2.90230        3.44781       -0.42590
N          2.26630        3.80000        0.71884
C          1.88138        2.93865        1.73699
O          1.40823        3.39758        2.77652
C          1.98130        1.43548        1.41946
N          2.43817        0.65619        2.59807
N          3.79635        0.56382        2.62266
C          4.18394        1.09273        1.50018
C          5.41314        1.96228        1.52099
H          3.29478       -1.77844       -1.62324
H          4.68333       -0.94768       -0.90250
H          3.72157       -0.17208       -2.18979
H          2.61458       -1.00568        0.52494
H          1.75357       -0.12739       -0.72154
H          3.90032        1.97441       -1.52709
H          3.10399        4.25369       -1.14004
H          2.09507        4.77496        0.92810
H          0.98928        1.10364        1.10123
H          1.99774       -0.26261        2.65641
H          6.22540        1.48636        2.07409
H          5.13228        2.87178        2.07504
H          5.74990        2.26232        0.53023
