17

O          3.07812       -0.97919       -0.30457
C          2.41755        0.03038       -0.07220
C          3.02809        1.35597        0.24128
C          2.16182        2.57788        0.48339
C          0.81306        2.38495        1.16806
O          0.34500        1.30962        1.51025
C          0.01135        3.57846        1.40574
C         -0.70431        4.51898        1.64024
C          4.37752        1.37109        0.23919
C          5.13752        2.65568        0.52664
C          5.78945        3.75761        0.77320
H          1.32007       -0.00310       -0.12353
H          1.98197        3.06649       -0.48166
H          2.69974        3.28932        1.12259
H         -1.38367        5.30429        1.87875
H          4.98544        0.49031        0.04663
H          6.32937        4.65382        0.97450
