21

C          3.87658       -2.80367        0.01762
C          3.88839       -1.50001        0.03671
C          3.90216        0.01976        0.05897
C          4.36908        0.52168       -1.31181
C          4.43147        2.05721       -1.39991
O          5.77288        1.99025       -1.95309
C          5.90260        0.62894       -1.46056
C          3.69123       -0.18876       -2.48322
O          2.28360       -0.00009       -2.41143
C          2.00895        0.48381       -3.63112
N          2.97675        0.68322       -4.44192
O          4.13935        0.30667       -3.74546
H          3.86570       -3.86991        0.00853
H          4.55805        0.36479        0.86625
H          2.88995        0.37798        0.27921
H          4.44590        2.59699       -0.44687
H          3.71690        2.53645       -2.07311
H          6.49103        0.62116       -0.53644
H          6.37206       -0.03760       -2.18979
H          3.89758       -1.26600       -2.47903
H          0.94428        0.67530       -3.81083
