26

C          0.79549        0.04643        0.09114
C          2.25268       -0.12939       -0.51661
C          2.30492       -1.60023        0.14576
N          3.54002       -2.32501       -0.14605
C          4.53951       -1.30715        0.06317
C          4.84801       -0.97658        1.54054
O          4.63335        0.43452        1.72299
C          4.46967        0.98098        0.42793
C          3.41387        1.97217        0.36717
C          2.34926        1.44108       -0.23771
C          3.86048       -0.06592       -0.48122
C          5.76766       -1.63620       -0.68666
C          6.75520       -1.87850       -1.32228
H          0.15730        0.65553       -0.57123
H          0.76692        0.44626        1.11780
H          0.18935       -0.87166        0.12944
H          1.52522       -2.24103       -0.29001
H          2.14840       -1.57103        1.23380
H          3.53980       -2.58927       -1.13162
H          5.87857       -1.21498        1.82786
H          4.19134       -1.49607        2.24649
H          5.42782        1.35560        0.05126
H          3.54028        3.01307        0.62541
H          1.55475        2.13129       -0.52625
H          4.16331        0.11339       -1.52901
H          7.62968       -2.08260       -1.89839
