30

C          6.03318       -2.36076       -0.95432
O          5.47803       -1.19993       -0.34896
C          4.99032       -0.19354       -1.16671
C          4.92692       -0.25931       -2.50908
C          4.52996        1.05172       -0.39988
N          4.65583        0.86343        1.05847
C          5.19075        2.39114       -0.82032
C          6.69968        2.49432       -0.60047
C          7.55715        1.59129       -1.45192
N          7.26775        3.84858       -0.39434
C          7.19145        2.96632        0.76410
C          8.43995        2.43921        1.38052
H          6.38818       -3.01722       -0.15426
H          6.89169       -2.10248       -1.58253
H          5.27526       -2.90551       -1.52597
H          5.26727       -1.11603       -3.07738
H          4.54231        0.57098       -3.09350
H          3.45343        1.15355       -0.59325
H          5.64712        0.71552        1.25339
H          4.23639       -0.04398        1.27267
H          4.68805        3.19763       -0.26564
H          4.97731        2.59799       -1.87755
H          7.21059        1.59224       -2.48942
H          7.54277        0.56895       -1.06657
H          8.60752        1.90509       -1.46959
H          6.53128        4.55530       -0.35803
H          6.45660        3.22909        1.51908
H          9.25931        2.31793        0.66522
H          8.24188        1.46495        1.83954
H          8.78603        3.11780        2.16648
