34

C          2.85623       -1.74549        1.45432
C          2.40327       -0.46921        0.75777
O          0.98933       -0.33700        0.95240
C          3.06949        0.81643        1.26990
C          4.58957        0.89393        1.05250
C          4.97299        0.76810       -0.42094
C          5.26857        2.08106        1.77950
C          6.23732        1.01329        2.35055
C          6.34374        1.08932        3.87242
C          7.60485        0.88530        1.65600
C          8.50210       -0.20505        2.23818
N          9.74605       -0.26817        1.47765
O          5.32932       -0.03894        1.90536
H          2.28405       -2.60317        1.08826
H          2.67999       -1.68463        2.53642
H          3.91275       -1.95109        1.27770
H          2.55715       -0.57573       -0.32059
H          0.82325       -0.31448        1.90862
H          2.81896        0.95829        2.33226
H          2.59779        1.66418        0.75443
H          4.38604        1.46463       -1.03164
H          4.79796       -0.24623       -0.79274
H          6.01689        1.01081       -0.62345
H          4.63547        2.57246        2.52527
H          5.71664        2.85036        1.14482
H          7.01145        1.90743        4.16605
H          6.73946        0.16165        4.29869
H          5.37358        1.26972        4.34576
H          8.12556        1.85536        1.70191
H          7.48218        0.65671        0.59581
H          7.99845       -1.17160        2.20824
H          8.75156        0.00930        3.28174
H          9.54241       -0.52497        0.51052
H         10.33326       -1.01464        1.84864
