22

C          1.08150       -0.14762        0.07725
C          2.58627       -0.07314        0.04924
C          3.20078        1.12588        0.09065
C          4.67982        1.24983        0.03369
O          5.31412        1.59749        1.29047
C          6.05980        0.35920        1.29325
C          5.47485       -0.06196       -0.05560
C          4.64549       -1.25931       -0.04193
C          5.03243       -2.52313       -0.04095
O          3.97119       -3.43094       -0.01557
C          2.85814       -2.58055        0.00461
O          1.71015       -3.00272        0.03758
N          3.29112       -1.25851       -0.01003
H          0.62448        0.84855        0.09231
H          0.73313       -0.67795        0.96910
H          0.70386       -0.65796       -0.81518
H          2.63554        2.04938        0.16230
H          4.96815        1.97510       -0.73792
H          5.79611       -0.25957        2.15731
H          7.13970        0.53548        1.29064
H          6.20411       -0.05841       -0.87466
H          6.01561       -2.95944       -0.04687
