28

C          1.30735       -0.03135       -0.64832
C          2.79242       -0.14148       -0.23625
N          2.81482        0.17045        1.22520
C          3.25357       -1.61558       -0.45902
O          4.67647       -1.76537       -0.45771
C          5.38107       -0.85528       -1.31659
C          6.04017        0.20741       -0.43852
C          5.01008        1.34393       -0.37912
O          4.80936        1.80342        0.95281
C          3.73015        0.81009       -1.09699
O          3.00489        1.89043       -1.66896
C          4.44511       -0.01389       -2.13900
C          4.41121        0.05512       -3.47746
H          0.68880       -0.75430       -0.10185
H          1.17157       -0.21866       -1.71731
H          0.90462        0.96573       -0.42952
H          2.31262       -0.56239        1.73316
H          2.28006        1.02685        1.39245
H          2.87294       -2.00797       -1.41219
H          2.84735       -2.27920        0.31402
H          6.11673       -1.42178       -1.89240
H          6.94659        0.58307       -0.93020
H          6.31889       -0.16554        0.55558
H          5.40012        2.21188       -0.92808
H          4.32931        1.07773        1.40953
H          2.91435        2.55657       -0.96121
H          5.05910       -0.56474       -4.08797
H          3.76322        0.76320       -3.98602
