26

C          0.88939        0.06314        0.04253
N          2.35314        0.14756       -0.18400
C          2.88907        1.47128        0.20902
C          3.02479        2.40266       -0.95347
C          4.18066        2.86760       -1.45749
C          5.54952        2.58174       -0.90764
C          6.04328        1.21945       -1.31992
C          7.10175        1.03712       -2.12112
O          5.39172        0.16329       -0.70934
C          4.67492       -0.67957       -1.62966
S          2.84809       -0.61398       -1.61849
O          2.39451        0.20133       -2.73113
O          2.37286       -1.98324       -1.53154
H          0.64877        0.36364        1.06777
H          0.52859       -0.96275       -0.07423
H          0.35350        0.71977       -0.64974
H          3.82169        1.31552        0.75621
H          2.22330        1.95052        0.93797
H          2.09854        2.66901       -1.46076
H          4.14265        3.47743       -2.35838
H          5.54559        2.65458        0.18743
H          6.23187        3.37027       -1.24696
H          7.63008        1.87968       -2.55701
H          7.47798        0.04563       -2.34867
H          4.93017       -1.71048       -1.36361
H          4.97528       -0.52429       -2.67302
