28

C          0.95214        0.06324        0.23429
C          2.47734       -0.05531        0.08222
C          2.83132       -1.39275       -0.57621
C          2.47665       -1.13211       -2.02285
C          3.47303       -0.71476       -3.04988
C          4.87295       -0.80529       -2.86770
C          6.07007       -0.84208       -2.79767
C          7.50790       -0.83878       -2.77204
N          8.00057       -2.01836       -2.61754
O          9.39182       -1.92325       -2.61475
C          2.69190        0.35562       -2.29228
C          1.90781        1.26755       -3.18572
C          3.04694        0.95283       -0.93742
H          0.58325       -0.67641        0.95307
H          0.42301       -0.12154       -0.70859
H          0.66197        1.05852        0.58005
H          2.94492        0.06446        1.06562
H          2.28520       -2.23623       -0.14649
H          3.90377       -1.59239       -0.45322
H          1.55329       -1.60310       -2.33368
H          3.16229       -0.93272       -4.06384
H          8.06433        0.09769       -2.87726
H          9.66590       -2.84861       -2.49261
H          1.59054        0.78902       -4.11571
H          2.55271        2.11502       -3.45699
H          1.02804        1.66962       -2.67776
H          2.61529        1.94846       -0.78877
H          4.13422        1.04071       -0.83066
