28

C          2.06193        0.03533       -1.54147
C          2.32148       -0.01037       -0.03356
C          3.07469       -1.27552        0.48177
C          4.42081       -1.35406       -0.23438
C          4.80456       -2.37821       -1.01356
C          3.95325       -3.59340       -1.26082
C          2.63003       -3.54257       -0.55479
C          1.74696       -4.72558       -0.68316
O          2.05234       -5.70393       -1.35327
C          2.21581       -2.50648        0.19789
N          3.11793       -1.12525        1.96245
C          3.77781       -2.21701        2.68540
C          4.38181       -0.84274        2.62824
H          1.48301        0.93102       -1.79071
H          1.48847       -0.83188       -1.88157
H          2.99482        0.08044       -2.11111
H          1.34916        0.07791        0.47170
H          2.88652        0.89334        0.23653
H          5.08118       -0.49562       -0.13697
H          5.77036       -2.34367       -1.51065
H          4.51227       -4.47755       -0.93394
H          3.78509       -3.68210       -2.34077
H          0.79551       -4.67856       -0.12772
H          1.24453       -2.52402        0.68748
H          4.25942       -3.01027        2.12657
H          3.28844       -2.52898        3.59994
H          5.30294       -0.72305        2.07587
H          4.31903       -0.23311        3.52297
