29

C          0.93006       -0.32789        0.52713
C          2.43592       -0.17591        0.61770
O          3.01666       -0.94515       -0.42799
C          4.45622       -0.83355       -0.49463
C          5.05032       -1.57944       -1.65127
C          6.42593       -2.15815       -1.64415
C          7.22644       -1.43254       -2.69141
C          7.61094       -2.01872       -3.84051
C          7.39473        0.04616       -2.41010
N          6.29289        0.69599       -1.65197
N          6.57679        1.07171       -0.37638
C          5.95318        2.14528       -0.01799
C          5.00231       -0.06580       -1.68395
H          0.43333        0.17345        1.36204
H          0.64672       -1.38571        0.52681
H          0.55884        0.09799       -0.41178
H          2.79406       -0.54764        1.58329
H          2.71772        0.87690        0.50789
H          5.01738       -0.84288        0.43432
H          4.38467       -2.10759       -2.32150
H          6.37514       -3.23485       -1.84145
H          6.91152       -2.04448       -0.66544
H          7.39483       -3.06446       -4.03892
H          8.11432       -1.45905       -4.62201
H          7.50550        0.59220       -3.35488
H          8.33816        0.18134       -1.86446
H          6.10522        2.54738        0.99573
H          5.25788        2.69870       -0.67335
H          4.27457        0.37005       -2.36323
