26

C          1.12181       -0.08138        0.16507
C          2.63744        0.05355        0.11021
O          3.02697        1.24270        0.80912
C          3.09510        2.30595       -0.14621
C          3.37346        1.69294       -1.50707
C          2.23267        1.64557       -2.55715
C          2.35954        0.11531       -2.58837
C          3.21945        0.18614       -1.29600
O          4.51587       -0.45823       -1.36974
N          5.43409        0.58121       -1.63898
C          4.79418        1.82808       -2.01261
C          6.66898        0.48637       -1.06699
O          7.50096        1.38458       -1.01494
H          0.78686       -0.12949        1.20716
H          0.78137       -0.98620       -0.34683
H          0.61406        0.78111       -0.27739
H          3.07506       -0.80238        0.63661
H          3.87510        3.00178        0.17746
H          2.14224        2.84580       -0.12608
H          2.44437        2.14158       -3.50929
H          1.26157        2.00194       -2.19749
H          2.90907       -0.25824       -3.46082
H          1.41662       -0.43303       -2.52737
H          4.83795        1.88903       -3.10557
H          5.33115        2.68882       -1.60272
H          6.87385       -0.52125       -0.66710
