18

C          4.69003        1.89135        0.98146
N          4.04374        0.90508        0.45709
N          4.93168       -0.05382       -0.00969
C          4.30744       -1.07788       -0.49868
C          5.04411       -2.28451       -1.02946
C          4.74621       -2.47691       -2.46190
C          4.48836       -2.62556       -3.62514
C          6.53937       -2.16009       -0.95910
C          7.24184       -2.11731        0.37848
O          7.22515       -3.30279       -0.42515
H          4.14208        2.74336        1.40907
H          5.79296        1.92952        1.02919
H          3.20286       -1.12233       -0.52384
H          4.69214       -3.15397       -0.46151
H          4.25912       -2.75226       -4.65914
H          6.99518       -1.60020       -1.76686
H          6.64337       -2.09957        1.28142
H          8.16703       -1.55795        0.44387
