27

C          1.19754       -0.11949       -0.11812
C          2.72520        0.03584        0.03736
O          3.31223       -1.27627       -0.07289
C          3.23352        0.96173       -1.10351
N          4.70470        1.23502       -1.14634
C          4.87525        0.15181       -2.13618
C          3.39370        0.35192       -2.53714
O          3.16505        1.25585       -3.64536
C          3.05468        0.57392        1.45154
C          4.42094        0.22580        2.07156
O          5.46705       -0.07176        1.16435
N          2.14886        1.26697        2.09201
O          2.58324        1.60324        3.38241
H          0.93679       -0.59248       -1.07126
H          0.68430        0.84729       -0.07820
H          0.78622       -0.75711        0.67395
H          2.73766       -1.81533       -0.64620
H          2.65367        1.89526       -1.10348
H          5.21366        1.07563       -0.26899
H          5.10804       -0.82673       -1.70216
H          5.61804        0.36291       -2.90943
H          2.85222       -0.58149       -2.71596
H          3.75354        2.00855       -3.44364
H          4.28705       -0.63496        2.73028
H          4.77249        1.06764        2.67718
H          5.18715       -0.90076        0.71947
H          1.81976        2.09323        3.74038
