26

C          1.08485        0.17630       -0.22385
C          2.57566        0.25658       -0.22143
C          3.32644        0.43962       -1.31820
C          4.82984        0.38058       -1.32831
C          5.02761       -0.07450       -2.73801
N          6.00947       -0.73075       -3.26911
N          7.03809       -1.04190       -2.44376
C          3.84410        0.33852       -3.50592
C          3.44868       -0.18654       -4.85618
C          3.91971        1.23881       -4.71774
C          5.21753        1.64459       -5.33259
O          2.75984        0.58606       -2.58043
H          0.73708       -0.23561        0.72958
H          0.72273       -0.48763       -1.01557
H          0.64113        1.16822       -0.34558
H          3.06460        0.11295        0.73987
H          5.22546       -0.32863       -0.59961
H          5.27213        1.37159       -1.19723
H          7.69103       -1.65422       -2.93892
H          6.73649       -1.56779       -1.62286
H          2.39549       -0.34703       -5.05227
H          4.10279       -0.91069       -5.33195
H          3.18370        2.03210       -4.78664
H          5.93821        0.82341       -5.38626
H          5.66992        2.46177       -4.76273
H          5.04973        1.99533       -6.35590
