23

C          0.99691       -0.22349        0.02765
C          2.52706       -0.21810       -0.07194
O          2.88526       -1.38249       -0.81339
C          3.76132       -1.29049       -1.83418
C          4.24864       -0.16809       -2.35282
C          3.88386        1.18240       -1.84302
C          5.17953        1.97776       -1.74520
O          5.22631        3.19555       -1.88980
C          3.03938        1.17851       -0.54609
C          3.72710        1.92284        0.61972
C          2.90132        1.92500        1.89584
N          2.21627        1.92680        2.95449
H          0.64399       -1.17092        0.44891
H          0.54519       -0.13182       -0.96627
H          0.62304        0.58989        0.65601
H          2.90976       -0.42345        0.93451
H          4.00032       -2.27468       -2.22189
H          4.91420       -0.23886       -3.21183
H          3.29505        1.66915       -2.63284
H          6.07745        1.42124       -1.42018
H          2.15109        1.78801       -0.77522
H          3.90997        2.97053        0.35575
H          4.69220        1.45694        0.85314
