31

C          1.08029       -0.22241        0.05754
C          2.59053       -0.08364        0.13124
C          3.24063        1.03527        1.02276
C          2.40017        1.56368        2.19050
N          3.11813        2.61107        2.92558
C          4.31525       -0.07960        1.34391
C          4.81276       -0.19448        2.78425
C          5.45795       -0.07204        0.43611
C          6.51044       -0.07180       -0.33350
C          7.73741       -0.07153       -1.23069
C          8.93964       -0.37286       -0.73248
N          3.23688       -1.07358        1.03311
C          3.67082       -2.25723        0.30401
H          0.64978        0.59724       -0.52799
H          0.60886       -0.20976        1.04732
H          0.79582       -1.16015       -0.43204
H          2.99884       -0.07047       -0.89444
H          3.61170        1.87485        0.42025
H          2.11352        0.76692        2.88635
H          1.46799        1.99137        1.81497
H          3.91416        2.21155        3.40616
H          2.50438        2.97027        3.65382
H          5.46188        0.65707        3.02882
H          5.39982       -1.11178        2.93514
H          4.00031       -0.20896        3.51283
H          7.58696        0.18226       -2.27467
H          9.07421       -0.62353        0.31534
H          9.81853       -0.37269       -1.36819
H          4.21669       -2.92776        0.97497
H          4.29703       -2.05767       -0.57165
H          2.79699       -2.81234       -0.05787
