22

C          2.38676       -1.21860        1.91828
C          3.06572       -0.60573        0.94000
C          3.73637       -1.33020       -0.11277
C          4.43556       -0.73852       -1.09610
C          5.15656       -1.50468       -2.10394
C          4.80875       -1.37351       -3.40441
O          5.32091       -2.13511       -4.44485
C          6.14805       -3.20826       -4.11981
C          6.61211       -3.41431       -2.87410
C          6.23077       -2.48083       -1.82584
C          6.86877       -2.53110       -0.64406
C          6.45947       -4.22523       -5.20572
N          6.71782       -5.06889       -6.10656
H          1.90836       -0.64127        2.70440
H          2.28980       -2.29892        1.96864
H          3.13486        0.47798        0.94148
H          3.67738       -2.41712       -0.07697
H          4.50324        0.34513       -1.16769
H          4.05302       -0.69437       -3.77785
H          7.23475       -4.26973       -2.63195
H          7.66188       -3.24618       -0.44670
H          6.63731       -1.84586        0.16584
