11

C         -0.23441       -1.16744       -0.09833
C          1.19225       -0.64324        0.05011
C          0.97727        0.81625       -0.04499
C         -0.32925        1.04991       -0.04828
O         -1.14692       -0.05528        0.02475
H         -0.47447       -1.91465        0.66531
H         -0.38698       -1.62366       -1.08369
H          1.84356       -1.02760       -0.73990
H          1.62003       -0.91399        1.02064
H          1.75236        1.56628       -0.07271
H         -0.84433        1.99593       -0.07334
