31

C          1.77184        0.54304        0.98641
C          2.89254        0.16633        0.03749
C          2.97574       -1.36087       -0.13334
C          4.20927       -1.63872       -0.97223
C          4.68156       -3.08221       -0.80572
N          5.17543       -0.71147       -0.35443
C          4.40387        0.53944       -0.13176
C          3.97021        1.05792       -1.53065
C          4.10286        0.23493       -2.79822
C          4.00323       -1.29748       -2.50652
C          2.68830       -1.92336       -3.03535
N          2.47168       -1.75748       -4.47134
O          2.58045        0.92216       -1.18230
H          1.09676       -0.31541        1.15467
H          1.12915        1.31015        0.55301
H          2.12529        0.89552        1.94793
H          2.04012       -1.79704       -0.51647
H          3.10979       -1.80672        0.86739
H          5.02742       -3.26581        0.21735
H          5.50777       -3.31764       -1.48289
H          3.86712       -3.78646       -1.00226
H          5.99781       -0.60526       -0.94248
H          4.82930        1.25893        0.57121
H          4.27037        2.10075       -1.68289
H          5.03473        0.45868       -3.32020
H          3.30062        0.55843       -3.47341
H          4.82552       -1.74331       -3.07089
H          1.81868       -1.49290       -2.53133
H          2.69260       -2.99397       -2.82461
H          2.33899       -0.76750       -4.67532
H          1.57339       -2.18557       -4.70249
