22

N          2.83656       -0.14112       -3.02446
C          3.30330        0.02735       -4.23101
N          4.69922       -0.13876       -4.61417
N          5.24567       -0.94119       -3.37768
C          5.88310       -0.03028       -2.33808
S          7.61033        0.23145       -2.68005
O          8.06127        1.58373       -2.63307
O          8.43139       -0.95442       -2.54614
C          7.28488        0.10992       -4.40578
C          7.71949        0.14563       -5.63455
C          8.22615        0.18726       -7.06702
C          6.35474       -0.18423       -7.02791
C          5.21816       -0.27263       -6.09720
H          1.82369       -0.02257       -2.98864
H          2.64207        0.24397       -5.07217
H          4.39341       -1.22446       -2.85594
H          5.43435        0.96208       -2.25380
H          5.89746       -0.50841       -1.35151
H          8.24163        1.13196       -7.60697
H          8.60181       -0.72246       -7.53187
H          6.08386       -0.43282       -8.05855
H          4.27266       -0.50210       -6.58009
