29

C          0.94220        0.06157        0.04118
C          2.42974        0.06414        0.02964
C          3.28690        0.90644        0.64351
C          2.99793        2.13951        1.47220
C          1.69764        2.89561        1.22768
N          4.12919        3.04436        1.17656
C          5.31980        2.21318        0.90130
C          4.77168        0.85253        0.53493
C          5.47055       -0.41325        0.99475
C          6.90400       -0.49514        1.26106
C          7.63865       -0.18873        0.19128
C          6.71711        0.18704       -0.92820
N          5.34048       -0.06574       -0.44962
H          0.57925       -0.82589       -0.49079
H          0.53994        0.93275       -0.48388
H          0.54946        0.01243        1.05883
H          2.86241       -0.73477       -0.57370
H          3.04910        1.85730        2.53206
H          1.56866        3.15614        0.17198
H          1.67176        3.82587        1.80798
H          0.83241        2.30774        1.54783
H          4.30291        3.66104        1.96601
H          5.94692        2.16765        1.80015
H          5.88777        2.68172        0.09355
H          4.86778       -1.24253        1.34251
H          7.30811       -0.82952        2.20945
H          8.71251       -0.22648        0.11483
H          6.90623       -0.45638       -1.79422
H          6.86676        1.22427       -1.24509
