29

C          3.57061        1.95562        0.44182
C          2.77873        0.66898        0.59575
N          3.40528       -0.25421        1.51642
C          4.43270       -1.09388        1.11452
O          4.85195       -1.06424       -0.04796
C          4.98075       -2.07308        2.25341
O          3.99593       -2.37504        3.32841
C          4.38896       -3.78386        3.25618
C          4.90236       -3.58034        1.82607
N          6.20994       -4.23654        1.62893
C          6.63758       -3.99332        0.24821
C          6.30212       -1.53926        2.75268
C          6.49344       -1.13938        4.01533
H          3.09839        2.60425       -0.30271
H          4.59817        1.75866        0.11785
H          3.61825        2.49867        1.39064
H          2.68302        0.17914       -0.38086
H          1.77397        0.87999        0.96945
H          3.12842       -0.28318        2.49418
H          3.52576       -4.45067        3.34782
H          5.12146       -4.03015        4.03320
H          4.14445       -3.81317        1.06793
H          6.18445       -5.24524        1.78055
H          6.77464       -2.92648        0.04755
H          5.91705       -4.39691       -0.47170
H          7.60131       -4.48095        0.07099
H          7.10880       -1.47511        2.02793
H          5.70957       -1.19151        4.76632
H          7.46052       -0.75623        4.33387
