26

C          1.15615        0.37303        0.51662
N          2.51900        0.11430        0.01392
C          2.65964        0.69096       -1.32693
C          1.98369       -0.18018       -2.39551
C          2.66470       -1.52353       -2.38129
O          2.19606       -2.46516       -3.33890
C          2.56237       -3.68667       -2.84108
N          2.28317       -4.74173       -3.52220
N          3.11482       -3.62005       -1.56196
O          2.67424       -4.70038       -0.77802
C          2.72333       -2.27879       -1.08312
C          1.89299       -2.34505        0.20879
C          2.96363       -1.33008        0.07830
H          0.93314        1.44632        0.51746
H          1.05071        0.02385        1.54627
H          0.38191       -0.10168       -0.09034
H          3.73100        0.79247       -1.54829
H          2.25527        1.70443       -1.36493
H          2.12359        0.28966       -3.37989
H          0.90616       -0.25926       -2.25006
H          3.70880       -1.32469       -2.67411
H          1.85674       -4.40159       -4.39407
H          2.52467       -5.40039       -1.45060
H          2.11374       -3.10613        0.95704
H          0.83632       -2.14949        0.13582
H          3.90745       -1.46586        0.59782
