26

C          0.52629       -0.18829       -0.50050
C          1.99410       -0.02945       -0.34693
C          2.95510       -0.98209       -0.37898
C          4.19599       -0.36085       -0.02196
C          3.97003        0.88098        0.39707
C          2.60131        1.31350        0.03253
N          4.98158        1.34672        1.19868
C          4.65383        1.71870        2.58645
C          5.73430        2.46584        3.36651
O          5.86376        3.80717        2.90615
C          6.06707        0.45664        1.02886
O          7.18570        0.57718        1.49934
C          5.59821       -0.75860        0.20566
H          0.19003       -1.15644       -0.11117
H          0.22838       -0.10826       -1.55136
H         -0.00228        0.58713        0.06203
H          2.80023       -2.04356       -0.50432
H          2.65850        1.94201       -0.87088
H          2.05045        1.83655        0.80945
H          4.46912        0.76631        3.11131
H          3.73323        2.29900        2.58955
H          6.71801        1.97989        3.34347
H          5.43821        2.51130        4.41118
H          6.22012        3.74076        2.01292
H          5.72238       -1.66516        0.79910
H          6.14586       -0.80159       -0.73958
