31

C          1.01179        0.26161       -0.19187
C          2.47937        0.04241        0.18079
C          3.04593       -1.16008       -0.58648
O          4.39461       -1.52028       -0.28299
C          4.77950       -1.32556        1.07307
C          5.44507        0.04379        1.25492
C          5.94150        0.18654        2.69595
C          4.61131        1.25447        0.86688
C          4.61295        1.58660       -0.61200
N          5.11050        2.94906       -0.90571
N          4.52798        3.41287       -2.03090
C          4.92886        4.60393       -2.32990
C          3.30270        1.30510        0.10047
H          0.41313       -0.60325        0.12374
H          0.87502        0.39661       -1.26854
H          0.60181        1.13983        0.31964
H          2.44330       -0.20782        1.24865
H          3.00590       -0.97740       -1.66854
H          2.42683       -2.04451       -0.39479
H          5.52170       -2.10339        1.29185
H          3.95244       -1.51009        1.76670
H          6.33459        0.05847        0.60906
H          5.10456        0.21127        3.40288
H          6.50825        1.11611        2.81952
H          6.60139       -0.64395        2.96881
H          4.74224        2.06671        1.57879
H          4.97232        0.83300       -1.31055
H          4.96360        3.56729       -0.10795
H          4.51709        5.09690       -3.23881
H          5.65837        5.17589       -1.74004
H          2.67258        2.18207        0.22012
