29

C          0.89976        0.06967       -0.32605
C          2.40568        0.10651       -0.07384
O          2.92666        1.07425       -0.99360
C          2.86927        0.40702        1.40814
C          2.37203        1.79700        1.87940
C          2.26337       -0.62645        2.42084
C          2.70302       -2.08690        2.27257
C          2.06153       -2.98690        3.30696
O          1.25819       -2.61543        4.15520
N          4.35411        0.33733        1.56184
C          5.14856        1.29379        0.76437
C          6.60335        1.13827        0.97077
N          7.75685        1.00873        1.07366
H          0.70582        0.05409       -1.40638
H          0.40203        0.96916        0.04791
H          0.42823       -0.80926        0.11778
H          2.82395       -0.85843       -0.38352
H          2.46078        1.91682       -0.84807
H          1.27873        1.85873        1.85597
H          2.75217        2.61761        1.26517
H          2.67167        1.99393        2.91638
H          1.16721       -0.58298        2.37130
H          2.51203       -0.30819        3.44450
H          3.78371       -2.18921        2.40823
H          2.43581       -2.48136        1.28765
H          2.36343       -4.04874        3.25188
H          4.67453       -0.59333        1.29524
H          4.88168        2.32609        1.00611
H          5.00139        1.13455       -0.30424
