28

C          2.83051        1.42538        1.15889
C          2.30801        0.37737        0.55668
C          2.71087       -0.98746        0.89225
C          3.44206       -1.73132       -0.28424
C          3.50609       -2.77646        0.86527
N          3.93771       -1.45929        1.70058
C          4.46918       -3.86706        0.72854
C          5.40984       -4.09220        1.64180
C          2.12576       -3.06433        1.32547
C          1.66133       -1.81615        1.52690
C          1.08734       -1.68956        2.90949
C          1.24064       -3.11490        3.48837
C          1.60954       -4.02336        2.31288
H          2.41048        2.42420        1.05551
H          3.62329        1.30892        1.88235
H          1.46409        0.51277       -0.14087
H          4.40089       -1.28465       -0.59819
H          2.85578       -1.95820       -1.17409
H          4.82685       -1.05009        1.42272
H          4.43432       -4.46523       -0.18244
H          5.48161       -3.50568        2.55332
H          6.18565       -4.83119        1.46999
H          0.04598       -1.36970        2.89008
H          1.65528       -0.98138        3.53047
H          0.32488       -3.44812        3.98834
H          2.04470       -3.14561        4.23609
H          0.71030       -4.49727        1.90106
H          2.31678       -4.80607        2.59755
