22

C          2.51765       -1.32485       -2.08206
C          3.46794       -0.18209       -2.11883
O          2.89452        1.08238       -2.44674
C          3.38031        0.92796       -1.09610
C          4.61366        1.68044       -0.74191
O          5.61131        1.03969       -0.41342
N          4.57321        3.06961       -0.76034
C          3.39827        3.84658       -1.12503
C          5.76530        3.81478       -0.35683
C          5.72929        4.11605        1.13258
C          5.69841        4.37448        2.41019
H          2.60086       -1.91799       -2.99775
H          1.47759       -0.99772       -1.98295
H          2.75255       -1.97737       -1.23465
H          4.42963       -0.43566       -2.54766
H          2.65457        0.82475       -0.29863
H          2.52783        3.22743       -1.34507
H          3.63792        4.43670       -2.01621
H          3.13816        4.51521       -0.30168
H          5.81802        4.74636       -0.93037
H          6.66580        3.23177       -0.57801
H          5.67609        4.57896        3.45563
