23

C          0.88358       -0.19423        0.02466
C          2.35828       -0.04494       -0.01622
C          3.31339       -1.02692        0.02870
C          3.48455       -2.47932        0.10305
C          5.01387       -2.47782        0.08476
N          5.59475       -1.31290        0.01172
N          4.54580       -0.46217       -0.02321
C          4.44800        0.88818       -0.12347
C          3.09226        1.18453       -0.13993
N          2.46538        2.38504       -0.26284
C          3.17263        3.62920        0.03568
C          2.87714        3.24430       -1.37911
H          0.58954       -1.24668        0.08047
H          0.43112        0.23797       -0.87379
H          0.47412        0.32028        0.89970
H          3.10345       -3.01091       -0.77075
H          3.11946       -2.92447        1.03024
H          5.56564       -3.42914        0.12845
H          5.33178        1.50173       -0.18304
H          4.18112        3.54260        0.41223
H          2.53960        4.36390        0.51354
H          3.67230        2.86562       -2.00536
H          2.03168        3.69240       -1.88182
