28

C          3.71765        1.05557        0.45193
N          2.75663        0.23664       -0.28169
C          2.56775        0.74582       -1.64033
C          3.13581       -1.20582       -0.27184
C          3.16262       -1.87003        1.14928
C          3.48295       -3.36255        1.03631
C          2.39388       -3.97660        0.52398
C          2.15400       -5.41350        0.25753
C          1.35375       -2.90749        0.27299
C          1.67274       -1.93928        1.37888
C          0.90841       -1.31346        2.27524
C          1.98051       -2.07488       -0.85436
O          1.69359       -2.18234       -2.04077
H          3.51223        2.12437        0.31660
H          4.75101        0.86494        0.14498
H          3.63010        0.87617        1.52884
H          2.36903        1.82390       -1.62517
H          1.68251        0.30116       -2.10496
H          3.43782        0.56468       -2.27872
H          4.06657       -1.40281       -0.81729
H          3.74028       -1.36240        1.92259
H          4.41430       -3.82915        1.32210
H          2.44945       -6.02393        1.11671
H          2.71170       -5.74686       -0.62271
H          1.09057       -5.60296        0.07414
H          0.31106       -3.18529        0.14097
H          1.34494       -0.62054        2.98715
H         -0.16766       -1.45020        2.29551
