29

C          1.22521       -0.24394       -0.81276
C          2.53543       -0.03580       -0.04273
C          2.89648        1.48160        0.02902
C          2.56286        2.27420        1.28043
C          3.28790        3.35434        1.62661
C          1.49389        1.73444        2.19642
C          1.98783        0.50127        3.00449
C          3.27330       -0.12820        2.44698
C          2.72140       -0.88919        1.24942
C          1.49579       -1.52701        1.88636
C          0.11886       -0.96702        2.07133
N          1.08947       -0.68686        3.09484
H          1.33521        0.10913       -1.84475
H          0.39891        0.32812       -0.38986
H          0.94908       -1.30112       -0.86128
H          3.29114       -0.44306       -0.73359
H          2.44529        1.99790       -0.82644
H          3.98329        1.55132       -0.12801
H          4.11172        3.70598        1.01330
H          3.10421        3.88676        2.55547
H          0.60524        1.55427        1.59046
H          1.16304        2.50421        2.90792
H          2.18855        0.84102        4.02820
H          3.68156       -0.83114        3.18584
H          4.09043        0.56224        2.22149
H          3.42880       -1.69250        1.00448
H          1.66535       -2.56957        2.13816
H         -0.65566       -1.67713        2.35095
H         -0.29031       -0.17450        1.47267
