28

C          1.67767        0.63727       -2.63303
C          2.57558       -0.33480       -2.42569
C          3.08982       -0.73143       -1.06813
C          4.60883       -0.56536       -0.96487
C          5.09514       -0.86009        0.39241
C          5.48151       -1.06028        1.51033
C          5.88872       -1.23976        2.86965
C          6.78987       -2.19013        3.16608
C          5.28533       -0.34823        3.93717
N          3.82250       -0.43727        4.04621
C          3.38838       -1.78241        4.44390
C          1.87994       -1.79064        4.56104
O          1.15032       -2.52312        3.89754
H          1.33492        0.87373       -3.63594
H          1.25881        1.21431       -1.81396
H          2.95460       -0.89137       -3.28084
H          2.81687       -1.77837       -0.88604
H          2.59578       -0.14160       -0.28512
H          4.88855        0.46320       -1.22349
H          5.10772       -1.22399       -1.68586
H          7.21358       -2.83418        2.40134
H          7.12333       -2.35475        4.18611
H          5.54157        0.69217        3.69864
H          5.73454       -0.54281        4.91944
H          3.42813       -0.22257        3.12747
H          3.79832       -2.05613        5.42136
H          3.67290       -2.54139        3.70798
H          1.45623       -1.10159        5.31131
