28

C          0.25435        1.26261        0.89364
O         -1.11647        0.77826        1.01900
C         -0.97614       -0.58162        0.86331
C          0.21378       -0.99359        0.42853
C          1.02871        0.21265        0.08955
O          0.78917        0.37188       -1.38405
C          2.11518        0.51047       -1.79395
C          2.83793       -0.60961       -1.05039
C          2.62352        0.04982        0.27781
C          3.68634        1.27187        0.21459
C          4.55415        1.52994       -1.15206
N          3.94232        1.90039       -2.47432
C          2.86198        0.98540       -2.99618
H          0.63802        1.38062        1.91419
H          0.21448        2.24709        0.39947
H         -1.85029       -1.17417        1.05451
H          0.47226       -2.01470        0.20328
H          2.15359        1.51572       -1.32047
H          2.31386       -1.56863       -1.14057
H          3.87774       -0.81502       -1.30160
H          2.84882       -0.57500        1.14546
H          4.45601        1.03334        0.96299
H          3.22725        2.21156        0.54380
H          5.21379        0.67120       -1.32747
H          5.25411        2.34470       -0.91802
H          3.53457        2.83001       -2.37566
H          3.31337        0.15606       -3.55047
H          2.21179        1.53762       -3.68738
