30

C          1.10695        0.31166        0.25816
C          2.55620       -0.12942        0.10036
N          2.89879       -1.17221        1.07917
N          2.65541       -2.45003        0.69087
C          2.94180       -3.40899        1.51402
C          3.57219       -3.24914        2.86529
C          3.49312       -1.81355        3.34817
C          3.75511       -0.77233        2.22304
C          3.27081        0.56656        2.82212
C          3.83063        1.77650        2.66492
C          5.26117       -0.75115        1.89926
C          6.04378       -1.86599        1.23306
N          5.76842       -0.62371        0.52262
H          0.86767        1.08233       -0.48135
H          0.91539        0.73277        1.24987
H          0.41846       -0.52599        0.10589
H          3.21893        0.74002        0.15197
H          2.69032       -0.52609       -0.91469
H          2.75132       -4.44163        1.18228
H          4.60491       -3.60422        2.80665
H          3.05344       -3.91299        3.56396
H          4.18940       -1.67430        4.18547
H          2.48255       -1.67619        3.76110
H          2.36409        0.51797        3.42339
H          4.70601        1.92998        2.03981
H          3.39069        2.65475        3.12697
H          5.81934       -0.20348        2.65468
H          5.55724       -2.74202        0.83224
H          7.07123       -2.01261        1.54529
H          5.00379       -0.78991       -0.13965
