26

C          2.57720       -0.17420       -1.43233
C          2.52420        0.00748        0.06188
O          1.78860       -0.74488        0.71877
C          3.38318        1.11904        0.74618
N          2.47125        1.97776        1.55015
C          1.60153        2.86789        0.79961
C          2.25843        4.10818        0.26587
C          3.56806        4.34214        0.08083
C          4.67253        3.35569        0.28774
C          4.27158        1.96890       -0.19451
O          4.72633        1.55048       -1.26344
C          4.26010        0.37871        1.75582
C          5.59866        0.35296        1.85579
H          1.83431       -0.92144       -1.73175
H          3.55861       -0.54595       -1.73433
H          2.32850        0.76166       -1.93834
H          2.98764        2.50150        2.25134
H          0.82000        3.19895        1.49424
H          1.07733        2.34792       -0.01070
H          1.56897        4.91724        0.02822
H          3.87524        5.32229       -0.28216
H          5.00120        3.32935        1.33124
H          5.54302        3.66364       -0.30330
H          3.69995       -0.21325        2.48376
H          6.26089        0.88735        1.18206
H          6.07425       -0.23138        2.63944
