32

C          6.85594        0.76173        2.18970
C          6.20846        0.50068        0.87322
N          5.04914       -0.38237        0.79194
C          4.83960        1.06076        0.56590
C          4.47892        1.52104       -0.83172
N          3.21958        0.86174       -1.20011
C          4.45006        3.05187       -0.96244
C          4.13738        3.53308       -2.37373
N          3.91145        4.96798       -2.17110
C          3.08230        5.06724       -0.95527
C          3.34756        6.39879       -0.26792
C          3.40982        3.80236       -0.12014
O          3.91539        4.07075        1.18342
H          7.72013        0.10262        2.32173
H          6.17424        0.59675        3.03107
H          7.20848        1.79671        2.23710
H          6.92867        0.42061        0.06727
H          4.71416       -0.64329        1.72169
H          4.28920        1.56923        1.34881
H          5.23994        1.15366       -1.53372
H          2.52116        1.04843       -0.48209
H          3.39559       -0.14516       -1.11399
H          5.45082        3.41542       -0.68109
H          3.23783        3.06520       -2.79037
H          4.97095        3.36296       -3.06138
H          3.41693        5.36393       -2.97030
H          2.02622        5.02081       -1.25127
H          4.40687        6.52088       -0.01459
H          2.76445        6.48302        0.65478
H          3.06699        7.23541       -0.91737
H          2.49245        3.21525       -0.00261
H          4.71636        4.60912        1.07549
