22

N          0.72177       -0.76414       -1.24662
C          1.67907       -1.80776       -0.77509
C          3.10441       -1.33143       -0.49678
C          3.83075       -2.44992        0.27530
O          3.38563       -3.80167        0.08723
C          2.17919       -4.02860       -0.65887
C          1.90276       -3.03594       -1.85210
O          3.06931       -3.73757       -2.54396
C          2.75678       -1.94551       -2.64116
N          2.60670       -1.66268       -3.90357
N          3.60327       -1.19674       -1.84893
H          0.92908        0.12533       -0.79067
H         -0.22706       -1.01279       -0.96740
H          1.22096       -2.12319        0.17033
H          3.16501       -0.37766        0.03911
H          3.72295       -2.25320        1.34738
H          4.90470       -2.43067        0.05888
H          1.33263       -4.08387        0.03978
H          2.23444       -5.06592       -1.02481
H          2.76561       -4.04606       -3.41356
H          1.89861       -2.28065       -4.31289
H          3.71008       -0.26222       -2.22770
