37

C          2.24189       -1.19686        0.76601
C          2.43309        0.05518       -0.08685
C          2.99823        1.27985        0.63253
C          2.05630        2.33705        1.17718
N          0.62652        2.09402        1.09051
C          4.34276        1.48499        0.72333
C          5.38379        0.52628        0.19773
C          4.94470        2.74498        1.34972
C          5.18989        2.61168        2.85373
C          5.76196        3.90317        3.44745
C          5.98467        3.72698        4.94932
N          6.53599        4.94888        5.53201
C          6.74748        4.77171        6.96375
H          1.94378       -2.03125        0.11955
H          1.45868       -1.05915        1.51441
H          3.16303       -1.49984        1.27606
H          1.48231        0.30825       -0.58200
H          3.08473       -0.21151       -0.92314
H          2.24561        3.28682        0.65595
H          2.28276        2.50044        2.23665
H          0.34392        2.21915        0.11884
H          0.14525        2.83047        1.59990
H          4.97769       -0.37104       -0.27051
H          6.02657        0.18281        1.01388
H          6.00331        1.02263       -0.55649
H          4.30639        3.61635        1.16658
H          5.88835        2.98889        0.84364
H          5.88030        1.78290        3.04929
H          4.25226        2.37182        3.36958
H          5.07158        4.73626        3.26475
H          6.70927        4.15254        2.95277
H          6.67521        2.89136        5.11296
H          5.03080        3.47813        5.43031
H          5.88919        5.72218        5.38056
H          7.45837        3.96230        7.15837
H          5.80802        4.55285        7.48220
H          7.16407        5.68812        7.38932
