25

C          1.19285        0.46710       -0.38693
C          2.63912        0.18779       -0.15832
C          3.28971       -0.99168       -0.16743
O          2.88158       -2.24857       -0.50336
C          1.73107       -2.77617        0.17261
C          0.53306       -3.09454       -0.68404
C          1.43339       -4.20248       -0.23435
C          4.73576       -0.66001        0.00164
C          4.83814        0.80718        0.06008
C          3.59299        1.27944       -0.02863
N          3.22834        2.59689       -0.07634
N          5.79265       -1.39784        0.10186
O          5.48012       -2.75915        0.06298
H          0.63797       -0.41400       -0.70847
H          1.05848        1.22592       -1.16493
H          0.72947        0.83738        0.53440
H          1.57963       -2.54936        1.22364
H          0.56983       -2.79250       -1.72439
H         -0.45146       -3.03504       -0.23590
H          2.08296       -4.65881       -0.97403
H          1.06032       -4.89211        0.51136
H          5.76757        1.34175        0.12665
H          3.95224        3.24177        0.22925
H          2.31959        2.80065        0.32797
H          6.35877       -3.17792        0.10382
