31

C          0.73292       -0.11063        0.19251
N          2.05175        0.00834       -0.39738
C          2.40139       -0.85367       -1.51845
C          1.79539       -2.27060       -1.56329
C          1.72067       -2.04596       -3.10798
C          1.52769       -0.54114       -2.75769
C          2.09259        0.59039       -3.59506
C          1.65277        1.91392       -2.95952
C          2.44217        2.26612       -1.73334
C          1.74647        2.59921       -0.44410
C          2.63836        1.37129       -0.50810
C          4.03752        1.45906        0.07076
H          0.54556       -1.12537        0.55874
H         -0.07135        0.16971       -0.49433
H          0.65015        0.52789        1.07964
H          3.48248       -0.87850       -1.71913
H          0.80278       -2.42460       -1.12329
H          2.44985       -3.08277       -1.23928
H          0.88050       -2.52789       -3.61712
H          2.64893       -2.27605       -3.64408
H          0.45904       -0.36740       -2.56349
H          1.68060        0.52826       -4.61181
H          3.18297        0.53293       -3.67835
H          0.57897        1.89802       -2.74117
H          1.79922        2.71656       -3.69446
H          3.27439        2.91166       -2.00876
H          0.66875        2.48735       -0.40819
H          2.09343        3.45262        0.12720
H          4.14344        0.82034        0.95492
H          4.29688        2.48221        0.36078
H          4.76689        1.12841       -0.67838
