23

C          0.68795       -0.11078        0.71849
C          2.13011       -0.03397        0.19665
C          2.10701        1.34041       -0.45897
C          3.39231        2.08547       -0.11293
C          3.65609        3.04594       -1.24278
C          4.60564        2.94172       -2.18474
C          4.71062        3.87019       -3.27446
N          4.78684        4.56691       -4.17341
N          4.39526        1.06777        0.15593
C          3.67745        0.02612        0.46378
N          4.27144       -1.20974        0.48464
C          3.41439       -1.93984       -0.14293
N          2.22887       -1.34548       -0.52960
H          0.28308        0.78818        1.19705
H          0.41834       -0.97850        1.32175
H          0.06682       -0.20650       -0.20210
H          1.35565        1.99779        0.01031
H          1.86163        1.27425       -1.51608
H          3.32043        2.67646        0.81012
H          2.94182        3.86998       -1.29810
H          5.30472        2.12437       -2.18704
H          3.50274       -3.02524       -0.32166
H          1.46822       -1.99072       -0.30773
