29

C          1.11251        0.31404        0.59497
C          2.40975       -0.24816        0.00447
N          2.22883       -1.66190       -0.31416
C          2.98331        0.50146       -1.19061
C          2.37899        1.56890       -1.75534
C          3.11520        2.48080       -2.68490
C          3.52128        3.82943       -2.01534
C          4.83971        3.13209       -1.57581
O          6.03023        3.94164       -1.54621
C          4.63829        2.21649       -2.83095
C          4.96505        0.73745       -2.82417
C          4.37822        0.04213       -1.59834
H          0.81271       -0.24828        1.48539
H          0.28460        0.27256       -0.12126
H          1.24608        1.35822        0.90548
H          3.16408       -0.18461        0.79999
H          1.45948       -1.75722       -0.97371
H          1.93892       -2.15676        0.52886
H          1.38765        1.89733       -1.46142
H          2.58149        2.58855       -3.63591
H          2.87312        4.18431       -1.20746
H          3.66302        4.65041       -2.72898
H          4.73876        2.62053       -0.61111
H          6.04556        4.41580       -2.38893
H          5.05565        2.67783       -3.73884
H          6.04911        0.58264       -2.85747
H          4.55687        0.27613       -3.73338
H          5.05357        0.19973       -0.74789
H          4.37452       -1.03609       -1.80081
