23

C         -4.33722        5.82752       -2.91021
N         -4.05520        5.31835       -4.28347
C         -2.85046        4.64017       -3.88283
C         -1.79473        5.91323       -3.54680
C         -1.33252        5.94041       -2.27257
C         -1.80189        4.66625       -1.80715
O         -0.83812        3.72875       -2.59671
N         -1.01939        3.23092       -3.95987
C         -2.02327        3.71363       -4.61168
C         -2.00578        3.70914       -0.74151
C         -2.92750        2.92313       -1.35910
C         -3.52624        3.63459       -2.63107
C         -3.51477        4.90507       -1.91940
H         -5.41072        5.71177       -2.72067
H         -4.08539        6.88704       -2.78778
H         -3.85712        6.09939       -4.90603
H         -1.53464        6.62861       -4.31619
H         -0.60160        6.60611       -1.84998
H         -2.24680        3.44079       -5.65186
H         -1.41397        3.48346        0.12746
H         -3.29659        1.97770       -0.98542
H         -4.51772        3.24332       -2.88614
H         -3.98434        5.00329       -0.92584
