21

C          1.30366       -0.21214        0.00950
N          2.71571       -0.00704       -0.14211
N          3.32213        1.21770        0.15855
O          2.83037        2.35217       -0.47018
C          4.68446        0.97962        0.09274
C          4.99670       -0.31601       -0.03707
N          6.26299       -0.83290       -0.14374
C          7.43114        0.02293       -0.00426
C          7.03636        1.49338        0.02316
C          5.76196        1.93823        0.07551
C          3.68661       -1.01383       -0.11569
O          3.52143       -2.22280       -0.14157
H          0.76672        0.73837       -0.00866
H          1.11000       -0.73806        0.94835
H          0.95853       -0.83620       -0.81783
H          2.07693        2.58440        0.09874
H          6.35126       -1.83825       -0.03444
H          8.10576       -0.15342       -0.84832
H          7.96585       -0.22302        0.91866
H          7.84890        2.21346       -0.01262
H          5.51899        2.99514        0.07446
