22

C          1.29817        0.80037        0.47466
C          2.16943       -0.07787       -0.02173
O          1.91848       -0.86334       -1.15190
C          2.83899       -1.93339       -1.16648
C          2.55626       -3.09015       -0.47948
C          3.89058       -3.68119       -0.08423
N          4.39966       -2.47579        0.63844
C          3.17011       -1.96211        1.42936
C          3.38415       -0.56379        0.69547
C          4.06976       -1.43375       -0.39548
C          1.94157       -2.77789        0.89928
C          1.61007       -3.96858        1.77499
O          1.24813       -5.06228        1.35388
H          0.37108        1.00062       -0.05401
H          1.45467        1.28565        1.43047
H          4.51722       -3.94877       -0.94380
H          3.82151       -4.55173        0.57551
H          3.29692       -1.93303        2.51564
H          4.02142        0.17366        1.18984
H          4.89066       -1.02504       -0.98864
H          1.02565       -2.17969        0.85599
H          1.62497       -3.76497        2.86012
