28

C          1.06922        0.39838       -0.19464
C          2.50158        0.08083        0.15935
O          2.75664       -0.77022        1.00175
N          3.41659        0.85611       -0.51988
C          4.80655        0.86200       -0.51951
C          5.72573       -0.09386        0.24790
O          5.19888       -1.10273        1.07649
C          5.38915        1.80477       -1.30120
C          6.86732        1.98865       -1.53471
O          7.47233        0.81593       -2.08057
C          7.01313        0.50718       -3.40341
C          7.72202       -0.75003       -3.89980
O          7.41173       -1.86230       -3.06281
H          0.42025       -0.39675        0.18678
H          0.94266        0.45312       -1.27873
H          0.78278        1.34540        0.26746
H          2.98630        1.54433       -1.12995
H          6.38383        0.50632        0.88634
H          6.35821       -0.62296       -0.46921
H          4.23120       -1.00477        1.13260
H          4.77737        2.51505       -1.85242
H          7.36605        2.21941       -0.58647
H          7.05176        2.83948       -2.20067
H          7.22799        1.34734       -4.07113
H          5.93465        0.32010       -3.37973
H          8.80707       -0.62148       -3.89229
H          7.39554       -0.99235       -4.91436
H          7.66330       -1.59685       -2.15764
