21

C          1.20767       -0.12487        0.35671
C          2.70196       -0.07356        0.16332
N          3.27694        1.09095        0.23913
N          4.59442        1.30408       -0.19058
C          5.33534        0.30629       -0.55154
C          4.91982       -1.12071       -0.42960
O          5.35409       -2.08898       -1.37468
C          4.54496       -3.25345       -1.08410
C          3.36973       -2.73975       -0.29622
O          2.54640       -2.01369       -1.15622
C          3.45050       -1.25093       -0.28295
C          2.91658       -3.39477        0.93561
O          3.63456       -3.40174        1.92249
H          0.81902        0.87784        0.56682
H          0.93541       -0.79967        1.16850
H          0.72981       -0.45699       -0.57206
H          6.37477        0.49875       -0.85487
H          5.39390       -1.41136        0.52511
H          5.15165       -3.99544       -0.55966
H          4.21932       -3.67064       -2.04578
H          1.94206       -3.90677        0.91847
