27

C          1.07036       -0.00631       -0.07078
C          0.56370        0.82129        1.09917
C          0.12908        1.53120        2.10275
C         -0.37758        2.35879        3.27270
C          0.78657        3.09782        3.93648
C          1.86328        2.15664        4.48181
C          2.81097        2.94845        5.36375
N          2.02225        3.55374        6.42710
N          0.88996        4.24135        6.16747
C          0.27920        3.99679        5.04518
C          2.55148        0.00568        0.09339
C          3.23548       -0.66033        1.26289
O          3.17095       -1.28483       -0.02512
H          0.77273        0.45029       -1.01923
H          0.65132       -1.01632       -0.01453
H         -0.87979        1.69947        3.99051
H         -1.12740        3.06992        2.90672
H          1.24320        3.77071        3.19616
H          2.42457        1.69008        3.66462
H          1.40419        1.34622        5.06328
H          3.33311        3.71947        4.78442
H          3.56632        2.28333        5.79471
H          2.61443        4.06193        7.08738
H         -0.65078        4.55878        4.84221
H          3.03504        0.84041       -0.39633
H          2.62443       -1.06887        2.05859
H          4.19103       -0.26589        1.58426
