26

C          1.06457        0.05266        0.19650
C          2.58720        0.07477        0.00554
C          3.34107        1.11944        0.88720
C          4.22946        0.00368        1.46223
N          5.53585        0.04532        0.79702
C          3.25973       -1.05371        0.88193
C          3.78807       -2.24308        0.22888
C          4.25358       -3.28885       -0.39539
C          4.79626       -4.50797       -1.12316
C          5.09305       -4.43488       -2.42386
O          2.89977        0.08212       -1.41797
C          2.61871        1.23613       -2.09129
O          2.25669        2.29684       -1.61952
H          0.79300        0.03547        1.25797
H          0.62901       -0.83565       -0.27445
H          0.58505        0.93393       -0.24025
H          2.70420        1.59699        1.63844
H          3.86334        1.92273        0.35084
H          4.30187       -0.00258        2.55292
H          5.55769        0.41629       -0.15110
H          6.03029       -0.84647        0.77503
H          2.57688       -1.38267        1.68121
H          4.92503       -5.41664       -0.54479
H          4.95537       -3.51614       -2.98567
H          5.47986       -5.29796       -2.95462
H          2.76064        1.05806       -3.16931
