28

C          1.67559        1.43393       -0.55411
C          3.09361        0.90408       -0.47921
N          3.22887       -0.28773       -1.34645
C          4.66886       -0.33612       -0.96158
C          5.46522       -1.03159       -2.06075
C          6.88749       -0.72212       -1.78333
C          7.37444        0.54304       -1.83237
C          8.78472        0.78899       -1.36477
O          9.60866        1.19620       -2.44543
C          6.53460        1.64573       -2.33685
C          5.24627        1.93156       -1.98555
C          4.64349        1.26951       -0.78130
O          5.25449        1.84576        0.41232
H          1.02010        0.71747       -0.02649
H          1.27948        1.51614       -1.56794
H          1.55941        2.38313       -0.02537
H          3.10108        0.62110        0.59172
H          3.07823       -0.07105       -2.33486
H          4.83389       -0.83952        0.00217
H          5.18580       -0.70480       -3.07071
H          5.29247       -2.11542       -2.02705
H          7.51966       -1.53381       -1.43362
H          9.22859       -0.12046       -0.93286
H          8.80604        1.54927       -0.57791
H          9.81411        0.38801       -2.94614
H          7.02440        2.23783       -3.11166
H          4.72917        2.75269       -2.47997
H          5.06784        2.81032        0.33508
