25

N          0.91431       -0.50481       -0.08150
C          2.32228       -0.20528        0.16508
C          2.63474        1.27540       -0.14912
C          3.61739        1.61384       -1.28447
C          4.03115        0.47716       -2.22986
C          3.23032        0.53111       -3.56524
O          1.81871        0.49498       -3.37475
C          5.50642        0.44344       -2.58733
C          5.89324       -0.83867       -2.57091
O          4.92307       -1.70526       -2.08680
C          3.90628       -0.89049       -1.60943
C          3.14544       -1.21484       -0.55775
H          0.33425        0.22788        0.32881
H          0.66261       -1.35997        0.41581
H          2.50174       -0.34510        1.24003
H          3.03530        1.72966        0.77032
H          1.70330        1.83113       -0.32347
H          4.50562        2.07904       -0.84008
H          3.16297        2.42432       -1.87379
H          3.49915       -0.29605       -4.23526
H          3.45927        1.45893       -4.10595
H          1.61801       -0.30428       -2.85104
H          6.11409        1.29345       -2.84942
H          6.83331       -1.28876       -2.83114
H          3.20032       -2.21895       -0.15233
