30

C          1.07819        0.09474        0.21127
C          2.56149       -0.13778       -0.03044
C          2.87967       -1.61809       -0.29359
C          2.75163       -1.75301       -1.81191
C          3.33707       -0.46333       -2.31312
C          3.15353        0.57492       -1.22997
C          2.56243        0.80220       -2.62245
C          1.08618        0.73018       -2.86370
O          0.57351       -0.10016       -3.60687
N          3.16780        1.81370       -3.54394
C          3.17388        3.20079       -3.01911
C          4.51995        3.39982       -3.74271
C          4.64658        1.87134       -3.63767
H          0.78010       -0.35715        1.16438
H          0.45210       -0.36150       -0.56063
H          0.84691        1.16305        0.25675
H          3.09692        0.18614        0.87081
H          2.24449       -2.31543        0.25665
H          3.92310       -1.81259       -0.00886
H          1.70452       -1.87298       -2.10208
H          3.30737       -2.61995       -2.17948
H          4.32189       -0.60792       -2.73440
H          4.01872        1.15680       -0.93668
H          0.47674        1.49220       -2.34785
H          3.24225        3.29699       -1.92908
H          2.35853        3.83398       -3.38039
H          5.27585        3.97975       -3.20717
H          4.43360        3.77134       -4.76984
H          5.21432        1.55947       -2.75428
H          5.06788        1.37494       -4.51663
