28

C          2.64559        0.16983        1.46704
C          2.45893        0.01931       -0.03795
O          2.90220        1.21604       -0.69239
C          3.09051       -1.24555       -0.70013
N          2.62914       -1.29312       -2.12164
N          1.29871       -1.45828       -2.34301
C          0.89003       -0.95963       -3.46607
C          4.65671       -1.29290       -0.74653
C          5.32733       -1.50367        0.62859
O          6.75411       -1.50770        0.56283
N          5.11222       -2.35670       -1.66375
C          6.28921       -2.28362       -2.35393
O          7.05679       -1.32813       -2.31837
H          1.96371        0.93955        1.84780
H          3.63834        0.53741        1.73112
H          2.43485       -0.76252        1.99912
H          1.37302       -0.02824       -0.19193
H          3.79023        1.44288       -0.37303
H          2.72521       -2.14771       -0.19315
H          3.02315       -0.48134       -2.60247
H         -0.17983       -1.01546       -3.72891
H          1.54770       -0.45950       -4.19460
H          5.03277       -0.35084       -1.16507
H          5.01524       -2.45579        1.06942
H          5.08282       -0.71157        1.32696
H          7.03225       -0.94019       -0.18494
H          4.54024       -3.18882       -1.75234
H          6.47888       -3.18390       -2.95768
