18

C          1.08261        0.40857       -0.23884
C          2.53083        0.04559        0.01991
C          3.20381        0.73869        0.95924
C          3.23158       -1.01229       -0.67251
C          4.27486       -1.82306       -0.22558
C          4.61403       -2.74466       -1.22788
C          3.91445       -2.67208       -2.37766
S          2.75090       -1.41472       -2.31493
N          4.30296       -3.61261       -3.27679
C          5.24871       -4.23419       -2.60806
O          5.50892       -3.76648       -1.34747
H          0.71479        1.17696        0.44957
H          0.44604       -0.47433       -0.11454
H          0.95524        0.79268       -1.25621
H          2.72537        1.53949        1.51709
H          4.24521        0.55664        1.20224
H          4.73551       -1.76830        0.75107
H          5.84604       -5.07551       -2.93366
