27

C          0.92453       -0.08208        0.15225
C          2.41865       -0.00639        0.16437
C          3.08812        1.15016        0.03327
C          4.58294        1.25886        0.02391
C          4.99780        1.81880       -1.33581
C          4.54864        3.27103       -1.65955
N          5.83982        3.45372       -2.35775
C          6.42082        2.42173       -1.46844
C          5.24445       -0.08227        0.25094
C          6.49639       -0.19299        0.73383
C          4.41367       -1.29741       -0.08073
O          3.04654       -1.21746        0.34082
H          0.45836        0.90898        0.11348
H          0.56025       -0.58615        1.05233
H          0.58834       -0.64614       -0.72233
H          2.52256        2.07249       -0.06850
H          4.87172        1.94811        0.82867
H          4.76568        1.12871       -2.16320
H          4.42694        3.92551       -0.78693
H          3.66445        3.36317       -2.29632
H          6.24844        4.38285       -2.27165
H          6.84062        2.83547       -0.54120
H          7.16819        1.77859       -1.94113
H          7.09789        0.67929        0.97034
H          6.96197       -1.16290        0.88415
H          4.82935       -2.18423        0.41206
H          4.43642       -1.48983       -1.15957
