31

C          2.45828       -1.19145        0.02265
C          2.27268        0.28636       -0.34078
C          3.18942        0.66753       -1.50130
C          2.66018        0.03895       -2.78493
N          1.22955       -0.18806       -3.06117
C          3.12138        1.42061       -2.94860
C          2.71270        2.75246       -2.33777
C          3.12445        4.12516       -2.74394
C          3.41908        4.44267       -4.17598
C          4.10662        3.31052       -1.95973
N          3.87435        2.48271       -0.86490
C          4.97306        2.15526       -0.01496
C          4.53267        1.26262       -1.16289
H          1.75654       -1.48725        0.80844
H          3.47498       -1.38023        0.38541
H          2.29398       -1.85086       -0.83640
H          2.50236        0.86714        0.56021
H          1.22137        0.49046       -0.56261
H          3.28960       -0.74480       -3.20805
H          0.68071        0.62461       -2.77082
H          0.87529       -0.97331       -2.51411
H          3.95300        1.45126       -3.65075
H          1.80060        2.78861       -1.73099
H          2.65009        4.96139       -2.24448
H          3.95731        3.63225       -4.68086
H          4.04657        5.33911       -4.23621
H          2.49650        4.63153       -4.73075
H          5.02701        3.17950       -2.52639
H          4.72837        1.84683        0.99382
H          5.87952        2.73940       -0.10805
H          5.33996        1.11670       -1.87903
