28

C          2.03897        0.91125       -1.63094
C          3.04099        0.42872       -0.61306
C          3.31376        1.28299        0.59651
N          3.63482       -0.69958       -0.85181
O          4.54177       -1.04733        0.16843
C          5.13415       -2.31194       -0.17773
C          6.36775       -2.05396       -1.08430
C          7.24209       -3.25865       -1.18482
C          7.39616       -4.35788       -2.19406
C          6.39927       -4.52979       -1.10658
O          6.59909       -5.10128        0.19575
C          6.03068       -4.30912        1.19005
C          5.41567       -3.10812        1.09235
H          1.54183        1.82464       -1.29808
H          1.28404        0.13577       -1.79040
H          2.55210        1.10714       -2.57670
H          2.65785        2.15657        0.61346
H          4.35268        1.62393        0.57164
H          3.14141        0.70004        1.50532
H          4.37653       -2.88178       -0.73275
H          6.95554       -1.22936       -0.65524
H          6.05218       -1.70586       -2.07414
H          8.08915       -3.15853       -0.50809
H          8.28247       -4.97831       -2.16285
H          7.02698       -4.16766       -3.19657
H          5.38942       -4.60090       -1.50541
H          6.17253       -4.81189        2.14596
H          5.03528       -2.66311        2.00890
