12

C          1.13491       -0.02214        0.03549
C          2.64212       -0.01144        0.03648
C          3.36822       -1.32759       -0.08666
N          3.24159        1.13739        0.14387
O          4.63294        0.98638        0.12975
H          0.74643       -1.03875       -0.05953
H          0.76892        0.57600       -0.80374
H          0.76892        0.41012        0.97102
H          2.66356       -2.15894       -0.16423
H          3.99496       -1.48464        0.79605
H          3.99496       -1.31830       -0.98294
H          4.94444        1.90659        0.21576
