24

C          0.90674       -0.04528       -0.05259
C          2.43921       -0.03589        0.02923
C          2.97833       -1.34503       -0.55376
C          4.47099       -1.42913       -0.46253
O          5.07293       -2.04096        0.41070
C          5.24146       -0.66232       -1.52566
O          5.68129       -1.24549       -2.50220
O          5.38548        0.65180       -1.30781
C          4.55329        1.43094       -0.41809
C          5.01195        1.32875        1.03676
C          3.03995        1.20577       -0.66944
O          2.32890        2.37933       -0.27042
H          0.49873       -0.92006        0.46561
H          0.56487       -0.07421       -1.09206
H          0.47536        0.84060        0.42486
H          2.68446        0.00928        1.09808
H          2.67415       -1.48009       -1.59858
H          2.56799       -2.19881        0.00086
H          4.75798        2.46956       -0.71081
H          4.97894        0.30863        1.42399
H          4.39960        1.95788        1.69027
H          6.05473        1.65148        1.12756
H          2.88146        1.10647       -1.75146
H          2.34310        2.44774        0.69954
