28

C          9.40402        0.40089        2.52938
C          8.15976        0.40439        1.65913
C          6.93765        1.03220        2.41407
C          5.98828        0.95079        1.23380
C          4.61111        0.46418        0.91414
C          4.51388       -0.81840        0.48978
O          5.59444       -1.68153        0.26205
C          6.97206       -1.17311       -0.05016
C          7.55632       -2.29810       -0.91410
C          6.85737        0.12282       -0.89445
N          6.81401        1.31139        0.00450
C          8.21215        1.40248        0.51068
O          7.91786       -0.99223        1.12267
H          9.74432        1.41817        2.75194
H         10.22319       -0.14473        2.04986
H          9.20213       -0.09959        3.48331
H          7.11236        2.06509        2.74330
H          6.63131        0.43667        3.28618
H          6.11253       -0.08365        1.52793
H          3.74464        1.07531        1.12347
H          3.57868       -1.34860        0.36088
H          7.28650       -3.28334       -0.50725
H          8.64423       -2.24648       -0.97633
H          7.13863       -2.26702       -1.92977
H          5.96350        0.11088       -1.53405
H          7.70081        0.21966       -1.59269
H          8.40588        2.42826        0.85760
H          8.97659        1.16951       -0.23831
