29

C          0.75693        0.31187       -0.72320
C          2.25698        0.16668       -0.68713
C          3.03866        1.50425       -0.92200
C          4.46171        1.06336       -0.64633
C          5.61556        1.99190       -0.86079
C          5.42679        3.35066       -0.18158
N          6.47458        4.28640       -0.58342
C          4.58453       -0.36807       -1.09920
C          4.41265       -0.03727        0.38894
C          2.96572       -0.54487        0.59489
C          2.71595       -1.88298       -0.23582
C          3.19786       -0.96249       -1.42019
H          0.44264        1.12579       -0.05859
H          0.24001       -0.58906       -0.38230
H          0.40436        0.54686       -1.73056
H          2.70640        2.27245       -0.21691
H          2.91897        1.85630       -1.95169
H          5.72999        2.14009       -1.94195
H          6.54612        1.53033       -0.50543
H          5.43317        3.23184        0.90716
H          4.46174        3.78924       -0.45578
H          7.38496        3.91985       -0.31336
H          6.35451        5.16401       -0.08027
H          5.46158       -0.90049       -1.41668
H          5.15900       -0.31779        1.10570
H          2.49484       -0.42789        1.57036
H          1.68946       -2.25290       -0.31143
H          3.37536       -2.72164        0.00359
H          2.97821       -1.23867       -2.45137
