26

C          1.09744       -0.14117        0.35909
C          2.50744       -0.65753        0.26288
N          2.79946       -1.79099        0.82709
O          4.17615       -2.10818        0.77844
C          4.94498       -1.02456        1.32125
C          4.94594        0.09595        0.29117
C          3.57782        0.18734       -0.38882
C          3.68586        0.33224       -1.92413
C          4.89365        0.81014       -2.68864
N          5.54140        1.92047       -1.98841
N          4.86529        2.98001       -1.49221
C          3.67439        2.74219       -1.03214
C          3.03197        1.41791       -1.15041
H          0.53632       -0.69716        1.11424
H          0.59869       -0.25141       -0.60846
H          1.10012        0.91017        0.66450
H          5.96411       -1.38591        1.50058
H          4.52702       -0.70263        2.27950
H          5.70888       -0.18989       -0.44197
H          5.25292        1.03824        0.74835
H          3.09482       -0.36288       -2.50892
H          4.59113        1.12005       -3.69604
H          5.61224       -0.00757       -2.79571
H          6.42975        2.19340       -2.40381
H          3.08484        3.54646       -0.56339
H          1.97602        1.50782       -1.37347
