22

C          6.79885        4.62062        3.54287
C          5.32503        4.17985        3.58063
C          5.02297        3.60861        2.23088
C          5.21345        2.30966        1.95659
C          5.48734        1.32616        3.03471
O          4.59605        0.24316        2.78887
C          6.81709        0.72398        3.54171
C          8.00489        0.61080        2.68994
O          7.88664        0.47471        1.47998
N          6.84895        0.43731        4.82792
N          5.67427        1.03056        5.33551
C          5.24931        1.97601        4.41715
N          5.13216        3.23452        4.69676
H          6.96785        5.35847        2.74808
H          7.46845        3.77349        3.33591
H          7.12069        5.05807        4.49166
H          4.68941        5.05167        3.76625
H          4.69610        4.29778        1.45658
H          4.99361        1.94602        0.95729
H          4.98918       -0.28785        2.06809
H          8.96946        0.69763        3.21320
H          5.74677        1.37596        6.29133
