23

C          1.04042       -0.04696       -0.16124
C          2.56866        0.06102       -0.06253
C          3.26101       -1.14960       -0.77873
C          4.77758       -1.23689       -0.65211
O          5.32900       -2.49792       -0.29960
C          5.24187       -3.47554       -1.25062
O          4.68892       -3.41398       -2.34204
C          5.61461       -0.20369       -0.76228
C          5.20314        1.12957       -1.22618
N          4.09512        1.79005       -1.19440
N          2.94342        1.32483       -0.69411
C          2.95930        0.04581        1.40634
C          3.29439        0.03277        2.66633
H          0.70484       -0.04839       -1.20524
H          0.55311        0.79963        0.34134
H          0.66731       -0.95824        0.31836
H          3.01607       -1.14760       -1.85031
H          2.84630       -2.07988       -0.36943
H          5.78137       -4.36614       -0.88593
H          6.68671       -0.33043       -0.61024
H          6.04078        1.67325       -1.70540
H          2.22256        2.04271       -0.63773
H          3.57132        0.02970        3.69505
