22

N          0.61260        0.28038       -0.13233
C          2.03330        0.13994        0.26985
C          3.04631       -0.38613       -0.71569
O          3.84992       -1.49202       -0.16380
C          4.66967       -1.17376        0.97409
C          5.23836        0.19778        0.82957
C          4.64249        1.42517        1.51132
N          4.43915        1.06835        0.12078
C          3.13558        1.03486       -0.28676
C          2.75754        2.16066       -1.21701
O          1.50299        2.65537       -1.02709
O          3.51051        2.61658       -2.06861
H          0.03926       -0.34382        0.44629
H          0.47610       -0.09907       -1.07769
H          2.13972       -0.13154        1.31667
H          2.73527       -0.53895       -1.74636
H          5.46627       -1.92172        1.03136
H          4.06351       -1.27059        1.88234
H          6.29617        0.19000        0.60088
H          5.29017        2.27893        1.67931
H          3.84352        1.29126        2.22548
H          0.97971        2.05349       -0.44438
