28

C          0.96798       -0.04930        0.17917
C          2.46054       -0.14630       -0.13449
C          2.70482       -0.10698       -1.64354
N          3.25802        0.88834        0.56472
C          4.22301       -0.13708        1.05802
C          5.57871       -0.09366        0.33055
O          6.18924        1.19509        0.50671
C          6.52296       -1.18365        0.86072
O          7.77281       -1.17113        0.17207
C          3.18717       -1.24095        0.70298
O          3.64045       -2.40868       -0.01974
C          3.57480       -3.58127        0.66205
O          3.20137       -3.73638        1.81227
H          0.52029        0.83234       -0.29314
H          0.77626        0.01234        1.25775
H          0.44454       -0.93311       -0.19994
H          2.23110        0.77406       -2.09285
H          2.28313       -0.99444       -2.12628
H          3.76295       -0.06743       -1.90996
H          2.76132        1.37053        1.31529
H          4.38498       -0.05406        2.14217
H          5.46728       -0.22131       -0.74777
H          6.55153        1.24061        1.40739
H          6.09353       -2.18138        0.74603
H          6.74073       -1.02874        1.92152
H          7.60714       -0.89316       -0.74671
H          2.59011       -1.50624        1.58851
H          3.92696       -4.39429        0.00894
