26

C          1.40235       -0.06901       -0.14644
N          2.84871        0.01161       -0.07992
C          3.46596        1.32877       -0.15562
C          4.70601        1.37528        0.69821
C          5.47138        0.29263        0.92385
C          5.12036       -0.99992        0.25990
C          5.34504       -2.28279        1.03167
C          4.35972       -3.18975        0.29366
C          4.00934       -4.44250        1.03123
C          4.24974       -5.67251        0.55777
N          3.15350       -2.34928        0.10368
C          3.60981       -1.12848        0.07589
H          0.94694        0.90759       -0.34178
H          1.00021       -0.43892        0.80226
H          1.08879       -0.74484       -0.94857
H          2.77360        2.10364        0.19154
H          3.72718        1.55733       -1.19552
H          4.97743        2.33425        1.12821
H          6.36972        0.35879        1.52909
H          5.60314       -1.05307       -0.72432
H          5.08015       -2.17204        2.09265
H          6.37625       -2.64128        0.96797
H          4.75668       -3.44050       -0.69994
H          3.51085       -4.32814        1.98726
H          4.72639       -5.83244       -0.40918
H          3.95736       -6.55208        1.12199
