29

C          0.97515        0.36286        0.03085
C          2.27324        0.06728       -0.09847
C          3.39301        1.00721       -0.20106
C          4.61299        0.08765       -0.28257
C          5.20903       -0.38079       -1.62852
C          5.93443       -1.65886       -1.15691
N          5.90043       -1.34773        0.26437
C          4.36451       -1.25928        0.54635
C          2.84783       -1.29883       -0.09568
C          4.57534       -2.80888        0.24963
N          3.70726       -3.98474       -0.03118
C          4.93225       -4.41374       -0.87530
C          5.04775       -2.89842       -1.24618
H          0.63440        1.40171        0.08312
H          0.22218       -0.41003        0.11603
H          3.44531        1.59175        0.72991
H          3.32814        1.69677       -1.04957
H          5.35620        0.76250        0.19052
H          5.91812        0.37152       -1.99152
H          4.45274       -0.54921       -2.40157
H          6.92383       -1.79686       -1.59977
H          6.48182       -0.57486        0.57786
H          2.20469       -1.97358        0.48810
H          2.82792       -1.63644       -1.14436
H          5.24586       -3.16625        1.07158
H          2.88425       -3.80646       -0.60841
H          4.67843       -5.10220       -1.67879
H          5.75728       -4.84710       -0.28451
H          4.32956       -2.72787       -2.06092
