27

C          2.64220        2.41497       -2.00322
C          2.31764        2.33189       -0.51564
C          0.81010        2.08388       -0.33273
O          0.47056        2.04357        1.05140
O          3.04328        1.27679        0.14518
C          4.47963        1.41690        0.16269
C          5.09629        0.15874        0.85380
N          5.59407        0.64757        2.14737
C          5.50575        2.03291        2.18792
C          5.99630        2.80670        3.36745
C          4.95618        2.52514        1.07096
C          4.88999        3.89884        0.74706
N          4.83894        5.01945        0.45234
H          2.06964        3.21497       -2.48225
H          2.41365        1.46830       -2.50401
H          3.70106        2.62257       -2.17888
H          2.54113        3.27748       -0.01789
H          0.50189        1.13250       -0.77720
H          0.23138        2.89090       -0.79475
H          1.03870        1.35588        1.44379
H          4.87629        1.48058       -0.85428
H          5.95712       -0.20146        0.27660
H          4.38470       -0.66181        0.98377
H          5.22255        0.18744        2.97831
H          6.15489        2.15218        4.23069
H          5.26536        3.56684        3.66533
H          6.94367        3.30058        3.13345
