29

C          2.04362        1.66699        1.27933
C          2.87759        0.58660        0.61934
N          3.20025        0.73845       -0.79919
O          2.15793        1.55596       -1.44062
C          1.83168        1.44094       -2.87855
C          1.05958        0.10374       -3.29377
C          1.76554       -0.78596       -4.40608
N          2.77418       -1.65986       -3.67593
C          2.75052       -0.95113       -2.40415
C          1.26341       -0.77724       -2.09481
C          0.45010       -2.05876       -1.97358
C          3.61546       -0.54743       -1.30094
O          4.50885       -1.23029       -0.81082
H          1.81544        1.36277        2.30548
H          1.08610        1.80439        0.77102
H          2.57126        2.62456        1.29550
H          2.32874       -0.36038        0.72900
H          3.81958        0.45081        1.16128
H          2.71953        1.66004       -3.49005
H          1.14677        2.27351       -3.08313
H          0.01471        0.30443       -3.53807
H          2.25176       -0.17301       -5.17184
H          1.03585       -1.44847       -4.88540
H          3.68646       -1.60051       -4.12660
H          3.26277       -0.12016       -2.92085
H          1.00990       -0.25484       -1.16932
H          0.50646       -2.71313       -2.84574
H         -0.60334       -1.80832       -1.80832
H          0.79170       -2.61769       -1.09680
