27

C          2.46729       -1.54206        0.45454
C          2.25683       -0.14361       -0.11103
C          3.00538        0.93186        0.69759
O          4.42218        0.69821        0.68580
C          5.07013        0.83577       -0.58494
C          4.83941        2.19876       -1.22695
C          3.35675        2.60815       -1.17453
C          2.70361        2.35313        0.20453
C          3.11408        3.39479        1.27410
O          2.77347        4.69753        0.82146
C          5.60609        3.23724       -0.42436
N          6.24212        4.09875        0.24146
H          1.97174       -2.28133       -0.18441
H          2.04677       -1.62771        1.46072
H          3.53068       -1.80231        0.50257
H          1.18063        0.07944       -0.11736
H          2.58123       -0.15406       -1.15462
H          2.68730        0.84555        1.73810
H          4.72384        0.02677       -1.24936
H          6.13382        0.65597       -0.41903
H          5.21043        2.20882       -2.25734
H          2.81137        2.02418       -1.92827
H          3.23900        3.66056       -1.47289
H          1.61813        2.48319        0.07576
H          4.17462        3.35971        1.52779
H          2.59397        3.21924        2.22170
H          3.58415        5.24655        0.87803
