28

O          0.84854        0.07380       -0.24832
C          2.24639        0.06828       -0.00396
C          2.85066       -1.30133       -0.25815
C          4.32094       -0.97919       -0.54718
C          5.15827       -0.81586        0.74565
C          5.19841       -2.07134        1.57299
C          5.88901       -2.06761        2.91390
N          4.43620       -2.16864        2.81411
N          4.18887        0.17541       -1.47208
C          5.04938        1.33942       -1.24463
C          3.92687        2.03830       -0.46923
C          2.98718        0.94072       -1.01315
H          0.45596       -0.63201        0.29440
H          2.41968        0.39544        1.02717
H          2.38221       -1.76440       -1.13810
H          2.68346       -1.98748        0.57549
H          4.75428       -1.81043       -1.11707
H          4.79448        0.02004        1.35296
H          6.19477       -0.58582        0.47370
H          5.29061       -2.97663        0.98265
H          6.28710       -1.14029        3.30635
H          6.40630       -2.96756        3.22365
H          4.00137       -1.28216        3.07654
H          5.29927        1.85747       -2.17975
H          5.99053        1.19123       -0.71050
H          3.69866        3.05561       -0.80127
H          4.06710        2.04968        0.61601
H          2.36992        1.27614       -1.85488
