24

C          1.37693       -0.55315        0.03463
C          2.76224        0.07769        0.02242
O          3.27756        0.20608       -1.32876
C          4.52506       -0.42036       -1.30153
C          5.64151        0.36891       -1.92118
C          4.73514       -1.21524       -0.24230
C          5.87370       -2.13781        0.02405
C          3.85044       -0.64149        0.80654
C          4.62366        0.42013        1.55090
N          4.66295        0.21846        2.82556
N          3.97071       -1.00895        3.10616
C          3.52793       -1.48568        1.99186
H          0.88230       -0.48425       -0.93868
H          0.75425       -0.02740        0.76873
H          1.38869       -1.60589        0.33133
H          2.64201        1.11935        0.34808
H          5.32629        1.42239       -1.99279
H          5.93593        0.01725       -2.90413
H          6.52222        0.38303       -1.26166
H          5.58796       -3.14110       -0.30989
H          6.12074       -2.20762        1.08897
H          6.77888       -1.86305       -0.52300
H          5.04869        1.29976        1.05037
H          2.97413       -2.43038        1.90845
