26

C          1.15877        0.39987       -0.47364
C          2.63478        0.19148       -0.21722
O          3.14223        1.21832        0.64878
C          4.40599        0.70819        1.09674
O          4.38760       -0.71330        0.98337
C          3.09886       -1.10366        0.44568
C          3.07623       -2.35013       -0.48487
C          1.74903       -2.75641        0.21111
C          2.28593       -2.00632        1.46222
C          1.46718       -1.31524        2.53605
N          0.46195       -2.21270        3.09736
H          1.00536        1.37620       -0.94685
H          0.55872        0.42864        0.43704
H          0.74325       -0.35791       -1.14194
H          3.15425        0.30956       -1.17816
H          4.56591        1.00678        2.13575
H          5.20111        1.10978        0.46230
H          3.90291       -3.05249       -0.30795
H          3.01328       -2.16543       -1.56028
H          1.60082       -3.83452        0.32325
H          0.84774       -2.33594       -0.24207
H          2.96613       -2.68912        2.00551
H          0.97247       -0.41155        2.18788
H          2.14321       -1.00169        3.34010
H         -0.33546       -2.26307        2.46516
H          0.10143       -1.80082        3.95888
