24

C          2.87539        2.09877       -0.11418
C          4.10932        1.25136       -0.42653
C          3.65530       -0.12653       -0.84965
N          4.16648       -0.62680       -1.93427
N          5.02505       -1.65176       -1.53689
C          6.13730       -1.05273       -1.18092
N          6.44764       -0.86287        0.17419
N          6.28475       -2.10652        0.88638
C          7.53100       -2.78792        1.20719
C          8.52780       -3.28264        0.17179
C          9.38285       -3.70701       -0.71637
C          5.90192        0.23394        0.92868
N          4.99379        1.13060        0.75514
H          2.03676        1.83631       -0.77149
H          3.08816        3.16382       -0.27797
H          2.53860        1.98555        0.91973
H          4.65812        1.72907       -1.24599
H          3.20333       -0.75344       -0.05760
H          6.47872       -0.16179       -1.73879
H          5.64602       -2.72352        0.37128
H          7.25794       -3.66809        1.80381
H          8.09680       -2.14891        1.89852
H         10.07895       -4.05586       -1.44439
H          6.42636        0.27279        1.89450
