20

O          1.44441       -1.12847       -0.12658
S          2.77712       -0.55136       -0.12817
O          3.59450       -0.63605       -1.32336
O          3.57902       -1.17477        1.14052
C          4.94405       -1.01833        1.28559
C          5.52539        0.20383        1.30610
C          7.00623        0.25075        1.59697
C          7.54406       -1.02832        2.21292
N          6.85896       -2.23343        1.74103
N          5.64612       -2.18926        1.44717
N          4.92888        1.44609        1.14558
C          3.64352        1.79517        0.83106
C          2.61670        1.09644        0.34388
H          7.54475        0.47914        0.66970
H          7.22050        1.06976        2.29658
H          7.47759       -0.98554        3.30667
H          8.61018       -1.11959        1.97292
H          5.56206        2.23711        1.26972
H          3.48032        2.85703        1.01511
H          1.65608        1.55509        0.16006
