21

C          3.51191       -0.22726        1.53608
C          2.75101       -0.31413        0.43497
C          3.14440       -0.76450       -0.91702
N          4.54782       -0.59899       -1.24281
C          3.61106        0.19381       -2.02460
C          3.31408        1.59669       -1.79766
O          4.20628        2.44298       -1.80001
N          1.99326        1.96092       -1.68640
N          0.79436        1.32143       -1.79192
C          0.44958        0.08966       -1.96862
C          1.05931       -1.26604       -2.12226
C          2.21560       -1.67270       -1.57579
H          3.08833        0.13198        2.46935
H          4.56806       -0.48073        1.51858
H          1.70726       -0.02356        0.55428
H          4.89499       -1.39909       -1.76987
H          3.59961       -0.09244       -3.07004
H          1.89670        2.96220       -1.53460
H         -0.65194       -0.00293       -2.00749
H          0.42728       -1.98205       -2.64058
H          2.52583       -2.70894       -1.69780
