28

C          2.60912       -1.50165        1.32331
C          2.40465       -1.80330       -0.15380
C          3.04915       -0.80035       -1.13845
C          2.43173        0.60193       -0.97742
C          4.59219       -0.83857       -1.12048
C          5.27619        0.05144       -0.36801
N          5.21262       -1.80972       -1.91339
N          6.59058       -1.72064       -2.26669
N          7.00089       -2.87542       -2.89092
C          5.95626       -3.61645       -3.09995
N          5.94757       -4.83904       -3.70990
C          4.73393       -2.94505       -2.52101
N          3.55987       -3.47078       -2.62785
H          2.10597       -2.26525        1.92584
H          2.18677       -0.53259        1.60123
H          3.66895       -1.51553        1.59192
H          1.32634       -1.84621       -0.35449
H          2.78460       -2.81331       -0.33641
H          2.73890       -1.09792       -2.14930
H          2.63988        1.05250       -0.00266
H          1.34221        0.55223       -1.08344
H          2.80709        1.28159       -1.75041
H          4.78247        0.78276        0.26244
H          6.35831        0.06775       -0.31586
H          7.18151       -1.53693       -1.45474
H          6.81014       -5.02664       -4.21032
H          5.12544       -5.07461       -4.25001
H          3.61930       -4.36790       -3.10833
