24

C          0.87416       -0.02201        0.03574
C          2.35437        0.01517        0.06660
C          3.17666        1.11838        0.00104
N          4.45749        0.65413        0.11933
O          5.65155        1.37468       -0.03101
C          5.68824        2.51914        0.73258
C          6.77450        3.29925        0.76526
C          6.83932        4.62288        1.44854
O          7.78870        4.56149        2.49603
N          4.53165       -0.68392        0.17522
C          3.25609       -1.08492        0.12579
C          2.92201       -2.53195        0.10685
H          0.45309        0.98866        0.03448
H          0.48847       -0.54564        0.91698
H          0.51966       -0.54137       -0.86011
H          2.96397        2.17074       -0.10911
H          4.77826        2.77691        1.26149
H          7.66708        2.98939        0.22537
H          5.87355        4.92930        1.86183
H          7.15969        5.38962        0.73568
H          7.49340        3.86544        3.10734
H          3.82235       -3.15537        0.10330
H          2.34488       -2.77427       -0.79180
H          2.32396       -2.79868        0.98262
