25

C          0.96297       -0.04836       -0.05765
C          2.50088        0.01948       -0.07548
C          2.99708        0.16976       -1.54947
N          2.59718       -0.94217       -2.43021
C          2.99571        1.21448        0.78909
C          2.60785        1.11562        2.27258
C          3.10704        2.26129        3.05404
C          3.48799        3.18637        3.72596
O          2.95657       -1.23350        0.48451
N          4.36043       -1.29585        0.50568
C          4.71354       -2.42029        1.02873
H          0.51453        0.84317       -0.50881
H          0.57713       -0.15199        0.96022
H          0.59506       -0.93374       -0.58818
H          4.09066        0.23415       -1.57558
H          2.60945        1.09875       -1.98284
H          2.96818       -1.80115       -2.01754
H          3.06231       -0.83884       -3.32983
H          2.61073        2.15407        0.37221
H          4.09081        1.28028        0.72723
H          2.99114        0.18416        2.70584
H          1.52022        1.09022        2.37971
H          3.82213        4.00341        4.32507
H          5.78152       -2.66362        1.13844
H          3.98843       -3.17297        1.38132
