22

C          0.94779       -0.18606       -0.34039
C          2.42870       -0.06194       -0.16856
O          3.19199       -0.31112       -1.38642
C          4.43893        0.23694       -0.94713
C          5.70871       -0.14336       -1.62401
O          6.01646        0.95320       -2.53459
N          5.25196        2.11000       -2.15506
C          4.40951        1.66155       -1.30448
O          3.49835        2.30207       -0.51962
C          3.10079        1.27453        0.44614
C          4.28945        0.24362        0.57218
C          3.20110       -0.77815        1.01559
O          3.54879       -2.16261        0.82582
H          0.55632        0.61830       -0.97010
H          0.43383       -0.13141        0.62471
H          0.68116       -1.14018       -0.80638
H          5.61656       -1.05774       -2.21350
H          6.54540       -0.23545       -0.92731
H          2.66590        1.68555        1.36181
H          5.09965        0.51541        1.24611
H          2.78956       -0.61713        2.01914
H          4.34560       -2.31459        1.36181
