28

C          3.35707       -2.33234       -4.91358
C          4.12179       -1.93160       -3.67383
C          4.63949       -3.09331       -2.83573
C          5.47244       -2.17789       -1.95232
C          6.87880       -1.62255       -1.84438
C          6.72170       -0.40060       -2.74816
N          6.60362        0.71654       -1.71146
N          5.69199        0.67506       -0.62408
C          4.58178       -0.00714       -0.77004
C          4.38239       -0.75107       -2.01736
C          4.47816        0.30404       -3.18859
C          5.35962       -0.64172       -3.87311
N          3.22704       -1.42909       -2.54415
H          4.00447       -2.87824       -5.60679
H          2.94267       -1.46392       -5.43316
H          2.52343       -2.99750       -4.65765
H          5.17382       -3.87249       -3.40641
H          3.87731       -3.63306       -2.25521
H          6.02917       -2.40670       -2.89046
H          7.68141       -2.29678       -2.19736
H          7.15365       -1.42436       -0.80153
H          7.61307       -0.21009       -3.35483
H          7.53273        0.91828       -1.32952
H          3.84695       -0.07481        0.03752
H          4.87747        1.30125       -2.98719
H          3.55887        0.52714       -3.75155
H          5.59501       -0.39063       -4.90926
H          2.51043       -0.79842       -2.89900
