22

O          0.95012        0.02552        0.11302
C          2.16040        0.07757       -0.01629
S          3.11117        1.55838       -0.17106
N          4.57640        0.74375       -0.11887
C          4.33910       -0.60980       -0.14395
C          3.08551       -1.07439       -0.03745
C          2.61937       -2.48972        0.02493
C          1.89313       -2.78978        1.34122
C          1.41795       -4.23815        1.39708
C          0.70351       -4.64473        0.14233
C          0.81091       -3.99856       -1.02689
C          1.73777       -2.84274       -1.17406
O          1.84539       -2.30494       -2.27539
H          5.36025        1.06774       -0.68345
H          5.21695       -1.24087       -0.23430
H          3.49342       -3.15251       -0.04654
H          1.01692       -2.13860        1.45568
H          2.54894       -2.58654        2.19650
H          0.74226       -4.35638        2.25271
H          2.26643       -4.91295        1.55981
H          0.05420       -5.51540        0.20808
H          0.27033       -4.30649       -1.91468
