25

C          3.00567       -1.14288       -2.53699
N          3.89052       -0.98988       -1.39011
C          4.54674       -2.25041       -1.04409
C          5.44116       -2.02419        0.17303
N          5.52535       -2.93986        1.08840
O          6.72351       -2.75399        1.80260
C          7.59138       -3.85880        1.47744
C          8.93513       -3.35952        0.90696
N          9.20326       -3.90334       -0.45128
N          8.36038       -3.34299       -1.35783
C          7.64881       -4.12154       -2.08839
C          6.43786       -3.41503       -2.41196
C          5.45514       -2.81206       -2.06630
H          2.19581       -0.40889       -2.47066
H          2.54073       -2.13329       -2.59071
H          3.55083       -0.94855       -3.46472
H          3.32629       -0.71825       -0.58438
H          3.79967       -3.00746       -0.77216
H          6.12547       -1.15587        0.14739
H          7.09394       -4.52982        0.76332
H          7.75155       -4.44649        2.38510
H          9.74902       -3.66341        1.57197
H          8.95332       -2.26306        0.85553
H          9.16202       -4.92525       -0.40895
H          7.73655       -5.21155       -2.22177
