27

C          1.69232       -0.16856        0.02827
C          3.18065       -0.41418       -0.12626
N          3.50515       -1.07335       -1.20644
O          4.85142       -1.43447       -1.45727
C          5.92350       -0.72020       -0.83311
C          5.73539        0.79239       -0.81013
O          4.83683        1.22585        0.20641
C          4.16602        0.15198        0.89752
C          3.59049        0.83852        2.15943
C          4.71362        1.54216        2.95585
N          4.21512        2.22540        4.14427
C          5.06366       -1.04310        1.30901
O          6.20634       -1.20358        0.47857
H          1.13890       -1.02558       -0.37468
H          1.40933        0.72251       -0.54109
H          1.40032       -0.05186        1.07385
H          6.80946       -0.93230       -1.43687
H          5.37625        1.17207       -1.77105
H          6.68729        1.28455       -0.58055
H          3.07016        0.10965        2.79347
H          2.85663        1.59984        1.86792
H          5.23263        2.27810        2.33241
H          5.46589        0.82308        3.28764
H          3.68455        3.04806        3.85741
H          5.01943        2.59550        4.65541
H          4.49090       -1.98335        1.27526
H          5.42353       -0.98675        2.33886
