24

C         -1.34814       -0.91848       -0.73184
C         -0.39282       -1.95299       -0.07040
C          0.04811       -1.60294        1.34375
C          0.80422       -0.50155        1.54092
C          0.27817        0.84229        1.01118
C          1.52326        1.83681        0.96719
C          1.96479        0.76949       -0.11724
C          0.45768        0.91239       -0.58067
C         -0.10284       -0.27722       -1.40557
C          0.58318       -1.67129       -1.28263
O          2.04370       -1.73756       -1.17701
N          2.44424       -1.72400        0.16959
C          2.03256       -0.60327        0.65810
H         -1.95081       -0.29131       -0.06871
H         -2.03683       -1.37975       -1.45296
H         -0.79733       -2.97327       -0.08060
H          0.32641       -2.49731        1.90494
H         -0.64662        1.21408        1.45557
H          2.13292        1.88948        1.87401
H          1.33533        2.85447        0.60561
H          2.76498        1.02345       -0.80781
H          0.18599        1.87757       -1.03027
H         -0.27827        0.01441       -2.44807
H          0.30555       -2.30094       -2.14168
