32

C          0.98185        1.76909        2.09467
C          2.49063        1.92747        1.92885
N          3.05348        1.21627        0.76804
C          2.45915        1.66070       -0.49589
C          4.54512        1.25557        0.70589
C          5.12275        2.68958        0.63542
C          6.64605        2.81853        0.65870
C          7.23681        2.44882        2.02534
N          8.47204        3.21390        2.24907
C          7.48557        0.93285        2.16874
O          6.54058        0.09797        1.51056
C          5.17751        0.38749        1.82120
H          0.66887        2.21309        3.04590
H          0.68737        0.71551        2.09972
H          0.43246        2.28690        1.30234
H          2.94860        1.54416        2.84679
H          2.70408        3.00055        1.88288
H          1.39613        1.40410       -0.54145
H          2.92134        1.14898       -1.34781
H          2.55779        2.74065       -0.64708
H          4.84474        0.76258       -0.23173
H          4.73387        3.29985        1.45741
H          4.76953        3.16450       -0.28917
H          6.87075        3.87091        0.43645
H          7.10121        2.22961       -0.14693
H          6.53454        2.75926        2.80865
H          9.15453        2.98546        1.52712
H          8.89222        2.94541        3.13747
H          7.53581        0.65462        3.22801
H          8.45983        0.67571        1.73536
H          5.08090        0.82969        2.81842
H          4.66539       -0.58216        1.84837
