30

C          1.56672        1.50292        1.23265
C          3.01612        1.78160        0.74291
C          3.80025        1.57217       -0.52419
C          4.89207        0.78844        0.22189
C          5.36037       -0.55253       -0.10340
C          6.83732       -0.85399       -0.20779
N          6.12260       -1.17217        1.00448
C          6.41230       -0.25526        2.18922
C          6.80957        1.27446        2.16858
O          5.80179        2.34863        1.80412
C          4.26859        2.11796        2.06665
C          4.33809        0.68534        1.85912
C          5.09032       -0.10491        2.86291
H          1.32675        0.40972        1.22200
H          0.79984        1.94411        0.60746
H          1.44745        1.74591        2.29053
H          2.89175        0.67438        0.56436
H          4.12258        2.55863       -0.89579
H          3.30182        1.02675       -1.32389
H          5.77322        1.41022        0.01571
H          4.69263       -1.12385       -0.72811
H          7.60183       -0.11016       -0.14016
H          7.13634       -1.72474       -0.78928
H          7.09603       -0.83981        2.82636
H          7.72582        1.40947        1.57933
H          7.12073        1.53136        3.21576
H          4.02571        3.17641        1.75106
H          3.36659        0.24228        2.13139
H          4.58911       -1.06760        3.04142
H          5.17227        0.37879        3.85481
