26

C          1.99760       -0.32833       -1.42519
C          2.57143        0.02848       -0.05503
N          1.56344        0.72020        0.74390
C          2.99803       -1.21833        0.66350
C          4.24734       -1.46369        1.08796
N          4.72884       -2.58316        1.74257
C          3.96803       -3.79744        1.98982
C          3.93415       -4.67416        0.74566
C          4.82823       -4.46922        3.03742
O          4.53789       -5.46196        3.68771
O          6.02972       -3.82129        3.09901
C          5.96897       -2.71753        2.31243
N          7.01022       -1.97839        2.20399
H          1.69485        0.57160       -1.97140
H          1.11947       -0.98012       -1.33964
H          2.74208       -0.85428       -2.03342
H          3.42576        0.70152       -0.19274
H          0.70943        0.17200        0.78047
H          1.31040        1.59184        0.27567
H          2.21750       -1.95367        0.83338
H          5.02298       -0.70912        0.95074
H          2.97755       -3.58587        2.40720
H          4.94739       -4.94862        0.42712
H          3.45363       -4.16427       -0.09456
H          3.39310       -5.60534        0.94175
H          7.74960       -2.40792        2.77104
