25

C          0.81482        0.48027        0.02672
C          2.27137        0.07889        0.11053
C          2.63493       -1.12172       -0.77871
N          2.47173       -2.38954       -0.04952
C          3.57104       -3.27998       -0.47346
C          4.73431       -2.34814       -0.76807
O          5.91238       -2.65127       -0.85600
C          4.12653       -1.03654       -1.01966
C          4.54759        0.35089       -0.64859
N          4.69926       -0.11789       -2.02407
C          6.12615       -0.26126       -2.33449
C          3.29736        1.09416       -0.33527
O          3.19666        2.31092       -0.35206
H          0.20023       -0.23913        0.58116
H          0.45268        0.50146       -1.00554
H          0.64760        1.47003        0.46278
H          2.51719       -0.11808        1.16397
H          2.09041       -1.14095       -1.73100
H          1.56325       -2.81038       -0.22885
H          3.29544       -3.81173       -1.39000
H          3.82798       -3.98351        0.32064
H          5.40329        0.50664       -0.00767
H          6.50159        0.67906       -2.74987
H          6.28355       -1.04435       -3.08104
H          6.76796       -0.47944       -1.47082
