29

C          1.10915       -0.05080        0.49969
C          2.49065        0.13240       -0.14322
C          2.79976       -0.91465       -1.23953
C          1.60247       -1.36298       -2.02896
C          1.68584       -1.92592       -3.41979
N          1.13808       -0.63188       -3.15453
C          1.77442        0.50802       -3.62349
O          2.80949        0.50392       -4.28536
C          1.14362        1.78355       -3.13227
C          2.01422        2.61877       -2.18580
C          1.60164        2.64860       -0.70110
C          2.74723        1.63096       -0.45079
N          3.29763        2.02134       -1.75975
H          0.97905       -1.07353        0.86786
H          0.30175        0.15345       -0.21314
H          0.97526        0.62988        1.34660
H          3.20988       -0.10856        0.65527
H          3.17103       -1.81468       -0.72813
H          3.63364       -0.61103       -1.87968
H          0.83442       -1.81076       -1.40764
H          0.94500       -2.64678       -3.73938
H          2.63412       -1.94521       -3.93916
H          0.17006        1.57255       -2.67445
H          0.92062        2.37394       -4.03001
H          2.13519        3.62861       -2.59863
H          0.57638        2.35732       -0.46763
H          1.78654        3.61941       -0.22078
H          3.39349        1.99638        0.36321
H          3.71330        1.32959       -2.38201
