24

C          0.93316       -0.17066       -0.16545
C          2.43310       -0.14851       -0.07394
N          3.09335       -1.22915       -0.34037
O          4.51155       -1.20937       -0.25998
C          5.15144       -0.17958        0.39548
O          6.27801       -0.33523        0.86892
N          4.51751        1.04607        0.43527
C          4.05491        1.69378       -0.75356
C          4.42733        3.15735       -0.96855
C          5.85971        3.62055       -1.13021
N          4.95642        3.58161       -2.26979
C          3.10450        1.12591        0.29378
C          2.45048        2.02133        1.32214
H          0.59196       -1.11054       -0.60785
H          0.58524        0.65911       -0.78629
H          0.50389       -0.08172        0.83613
H          4.17112        1.08299       -1.65042
H          3.75509        3.88719       -0.52315
H          6.65563        2.88563       -1.10689
H          6.12854        4.60695       -0.77278
H          5.18723        2.78890       -2.87137
H          1.39374        2.18720        1.09082
H          2.92508        3.00458        1.39452
H          2.51046        1.55324        2.31100
