25

C          1.06433        0.21945        0.05233
C          2.58612        0.03724        0.14300
O          3.09456        1.08685        0.99686
C          4.43401        1.45490        0.92040
C          4.72554        2.73896        1.53245
C          3.83111        3.53082        2.13606
C          5.43175        0.69022        0.41474
C          5.23345       -0.66229       -0.08669
N          5.62579       -1.94640        0.40618
C          4.43202       -1.42459        1.02736
C          3.01483       -1.40069        0.60980
C          2.08957       -1.85826        1.72556
N          1.32199       -2.23784        2.65118
H          0.82804        1.18238       -0.41352
H          0.59681        0.24517        1.04285
H          0.60165       -0.57288       -0.54467
H          2.95338        0.21850       -0.87597
H          5.76375        3.06521        1.51867
H          2.77861        3.27037        2.20426
H          4.14079        4.46404        2.59668
H          6.44914        1.07013        0.38969
H          4.93662       -0.70650       -1.13236
H          6.45278       -1.86155        0.99811
H          4.56338       -1.14214        2.06881
H          2.85004       -2.09302       -0.22716
