19

O          1.52772        0.52706        0.09396
C          2.45906       -0.24883        0.09324
C          3.08666       -1.02412       -1.04613
N          2.83152       -2.33604       -0.42978
C          3.54588       -2.17194        0.87479
C          4.97153       -2.66983        0.54241
C          5.49755       -1.78112       -0.58877
O          6.59121       -1.95660       -1.11308
C          4.61413       -0.58656       -0.88649
C          4.55349        0.05626        0.49789
O          5.31614        0.88480        0.95657
C          3.40744       -0.60305        1.18968
H          2.62536       -0.85663       -2.01756
H          3.15977       -3.12276       -0.99019
H          3.06960       -2.78162        1.65010
H          4.94645       -3.70242        0.16780
H          5.63029       -2.61489        1.41122
H          4.96927        0.07938       -1.66752
H          3.15135       -0.28856        2.19721
