29

C          2.23843       -0.37594       -1.27713
C          2.47728       -0.08091        0.19570
N          3.08389       -1.23216        0.87558
C          2.12465       -2.11474        1.54140
C          4.45200       -1.39685        0.95816
N          5.33159       -0.64766        0.39006
N          4.87981       -2.44811        1.71039
C          6.20377       -2.42035        2.31861
C          6.44254       -3.71061        3.09096
C          6.46315       -5.01113        2.30880
N          7.68591       -4.47015        2.87873
C          5.89364       -3.71370        4.42445
C          5.42611       -3.58264        5.52224
H          1.83410        0.51105       -1.77679
H          1.52001       -1.19203       -1.40626
H          3.16411       -0.65966       -1.78856
H          1.52369        0.18865        0.66644
H          3.10327        0.81156        0.30313
H          1.08624       -1.84288        1.32892
H          2.25566       -2.05707        2.62825
H          2.25966       -3.15124        1.21661
H          4.88020        0.07425       -0.16106
H          4.19841       -2.88175        2.31058
H          6.26800       -1.56667        3.00683
H          6.97766       -2.28195        1.55422
H          6.36265       -4.96684        1.22866
H          6.08434       -5.91556        2.76653
H          8.25849       -4.03121        2.15622
H          5.01930       -3.39598        6.48871
