27

C          0.89536        0.76783       -0.00165
C          2.38461        0.87599        0.05102
C          3.18660        0.45446       -0.93944
C          4.68440        0.60171       -0.94957
N          5.04309        1.39016       -2.13868
N          5.74567        0.69876       -3.06708
C          5.93620       -0.48406       -2.57214
C          5.52295       -0.67203       -1.14431
C          4.88364       -2.03805       -0.88456
C          5.14789       -3.07682       -1.94261
C          5.92508       -2.88164       -3.01901
C          6.63265       -1.60184       -3.32201
O          6.60940       -1.41008       -4.72237
H          0.47138        0.96174        0.98888
H          0.57707       -0.23221       -0.31165
H          0.48324        1.50944       -0.69320
H          2.80871        1.35380        0.93139
H          2.74038        0.00888       -1.82881
H          5.02103        1.12142       -0.04431
H          5.45407        2.29652       -1.91227
H          6.44666       -0.58929       -0.55417
H          3.80194       -1.97302       -0.74287
H          5.27693       -2.42396        0.06524
H          4.65296       -4.03952       -1.81804
H          6.05648       -3.68636       -3.74007
H          7.67718       -1.65879       -2.99143
H          6.01755       -0.64903       -4.87987
