20

O          1.18236        0.38944       -0.58229
C          2.34485        0.10404       -0.26704
C          3.51721        0.72474       -0.98353
C          4.56546       -0.26994       -0.56628
C          3.65446       -1.47561       -0.37282
C          2.64327       -0.94882        0.81354
C          2.51524        0.40944        1.85106
N          3.84377        0.53693        2.50247
C          4.56660       -0.41929        1.86005
N          5.12660        0.12765        0.72910
N          3.74289       -1.44122        1.76308
H          3.68934        1.75025       -0.65519
H          3.32387        0.68160       -2.05949
H          5.34868       -0.40468       -1.31602
H          4.23196       -2.37913       -0.11267
H          3.11215       -1.77118       -1.28873
H          1.73912        0.19701        2.59674
H          2.28508        1.39585        1.42180
H          3.70805        0.20806        3.45749
H          6.14036        0.16770        0.75874
