28

C          0.83656       -0.09086       -0.16930
C          2.27325       -0.08982        0.24935
C          3.28513       -0.72445       -0.37742
O          3.10720       -1.55097       -1.47388
C          3.65343       -1.10820       -2.74758
O          5.06484       -1.32192       -2.93453
C          5.78293       -0.28788       -3.64560
C          6.87940        0.47602       -2.78968
C          7.73825        0.08929       -1.42716
C          6.33501        0.01085       -0.91099
N          6.05426        1.23570       -1.78081
C          5.49406        0.14603        0.28478
C          4.58327       -0.86668        0.30147
H          0.28643        0.67039        0.39819
H          0.36416       -1.05409        0.05319
H          0.70727        0.14024       -1.23071
H          2.47885        0.42165        1.18409
H          3.31578       -0.09292       -2.98201
H          3.18330       -1.77610       -3.48275
H          5.07950        0.45910       -4.04182
H          6.26266       -0.76587       -4.51293
H          7.47075        1.10393       -3.46776
H          8.38128        0.88336       -1.02326
H          8.31035       -0.84453       -1.45854
H          6.13183       -1.00120       -1.26863
H          6.52770        2.07800       -1.43862
H          5.12437        1.15511        0.46725
H          4.94084       -1.88310        0.09412
