22

C          1.10891        0.28364        0.02296
C          2.55560       -0.10299        0.06144
C          3.23620       -0.70887       -1.14150
C          2.53298       -1.01555       -2.41216
N          3.65353        0.59589       -0.65607
N          3.11862        1.73245       -1.25440
N          3.11576        2.86350       -0.39714
C          3.58232        3.92986       -1.11943
C          3.81930        3.64465       -2.40219
C          3.62107        2.17166       -2.50342
O          3.92294        1.53858       -3.50478
H          0.55230       -0.33745        0.73260
H          0.64299        0.13806       -0.95513
H          0.95684        1.32503        0.31940
H          2.84727       -0.43531        1.05121
H          3.95325       -1.50007       -0.93380
H          1.83161       -0.24929       -2.74015
H          1.97143       -1.94761       -2.29371
H          3.25742       -1.18057       -3.21484
H          3.66892        2.67252        0.43807
H          3.74550        4.87329       -0.61909
H          4.20633        4.26532       -3.18484
