24

C          0.84494        0.15667       -0.36663
O          2.26359        0.04955       -0.39304
C          2.73614       -1.30257       -0.49180
C          2.43032       -1.89604       -1.86936
C          2.33438       -1.14399       -2.98291
C          2.25801       -3.39774       -1.93877
C          1.05933       -3.93720       -1.17445
O          0.34327       -3.28863       -0.41900
C          4.26303       -1.36022       -0.20419
O          5.04857       -2.16805       -0.69323
O          4.60584       -0.43117        0.73891
C          5.99744       -0.37459        1.05178
H          0.57922        1.03057        0.23102
H          0.36091       -0.72202        0.06742
H          0.47398        0.32171       -1.38347
H          2.27374       -1.88820        0.31069
H          2.47926       -0.06671       -2.94748
H          2.11611       -1.57253       -3.95565
H          3.15252       -3.90643       -1.56576
H          2.11741       -3.71758       -2.97885
H          0.87406       -5.01627       -1.31950
H          6.13160        0.33700        1.86896
H          6.56596       -0.01767        0.18724
H          6.36805       -1.35066        1.38339
