28

C          0.59967       -0.52012       -0.54679
C          2.02634       -0.91618       -0.88649
C          2.74774        0.15089       -1.72335
C          4.14825       -0.28390       -2.02409
C          5.18349        0.49537       -2.74654
N          4.77296        1.77750       -3.42580
C          3.87535        1.36873       -4.55613
C          4.24560       -0.07869       -4.79775
N          3.29611       -1.06937       -5.36146
C          3.69570       -2.15712       -4.74204
N          4.65833       -2.09637       -3.73198
O          4.33464       -2.92492       -2.65670
C          4.59328       -0.66767       -3.45848
H          0.12641       -1.30696        0.05079
H          0.00598       -0.37756       -1.45372
H          0.57933        0.40620        0.03448
H          2.01592       -1.86901       -1.43103
H          2.57876       -1.09381        0.04512
H          2.77172        1.09326       -1.16565
H          2.16859        0.31691       -2.63660
H          4.55371       -0.85736       -1.19350
H          6.21018        0.43715       -2.40626
H          5.59670        2.23556       -3.81785
H          4.07512        1.98437       -5.44178
H          2.82446        1.50449       -4.29217
H          5.14427       -0.08915       -5.43776
H          3.23638       -3.14627       -4.89917
H          4.78053       -3.75972       -2.88797
