28

C          0.96375        0.01488        0.21717
C          2.44233        0.05180        0.09382
C          3.26978       -0.97253       -0.09265
O          4.61380       -0.66897       -0.16168
C          4.64281        0.78948       -0.27552
C          3.26268        1.28411        0.25430
N          2.62209        2.48159       -0.26110
C          5.14779        1.13483       -1.68351
C          4.35280        0.66013       -2.89110
C          4.56194        2.12638       -2.68533
O          6.57224        0.86466       -1.83510
C          7.38015        1.92473       -1.50764
C          8.70865        1.83410       -1.58770
H          0.58380       -1.01119        0.18617
H          0.49915        0.56436       -0.60848
H          0.64267        0.46656        1.16026
H          3.04144       -2.02231       -0.17692
H          5.40566        1.14371        0.43072
H          3.37049        1.44327        1.33687
H          2.21593        2.28110       -1.17222
H          3.31594        3.21415       -0.38993
H          3.35883        0.25760       -2.74366
H          4.90017        0.17686       -3.69342
H          3.68708        2.72118       -2.49323
H          5.24899        2.63000       -3.35948
H          6.87033        2.82528       -1.19637
H          9.18219        0.91119       -1.90774
H          9.34101        2.67657       -1.33725
