24

C          1.08333       -0.49242        0.14317
C          2.53212       -0.14403        0.37949
C          2.79653        1.21369        0.96750
C          3.50817       -1.05991        0.17525
C          4.92657       -0.99505        0.64649
C          5.16647       -1.00565        2.07791
C          5.45626       -1.05005        3.24672
C          5.99602       -0.24772       -0.16805
C          5.97193        0.10643       -1.60372
C          5.81272       -1.24796       -2.18469
N          5.71749       -2.19076       -1.30919
N          6.00548       -1.71920       -0.05396
H          0.42447        0.37077        0.29332
H          0.76116       -1.25722        0.86113
H          0.90889       -0.86303       -0.87175
H          1.86826        1.72769        1.24122
H          3.31476        1.84400        0.23931
H          3.39643        1.15260        1.88087
H          3.21741       -2.02426       -0.23700
H          5.78118       -1.12450        4.25671
H          6.75015        0.29549        0.38848
H          6.91434        0.54024       -1.93988
H          5.13699        0.75004       -1.89616
H          5.76364       -1.40505       -3.27080
