28

C          2.93631        0.46372       -1.27541
C          2.43133        0.24952        0.14779
C          2.81857        1.35627        1.12722
C          3.84659        1.11933        1.96839
O          4.39601        1.87451        2.96049
C          4.22412        3.30296        2.98108
C          4.19196        4.06342        1.63355
C          2.64605        3.84936        1.69577
N          2.01743        5.12559        1.29840
C          2.80939        3.86373        3.24221
C          1.98715        2.61524        1.05076
N          0.64694        2.40488        1.63107
H          2.61989       -0.37177       -1.91145
H          4.02889        0.51069       -1.30833
H          2.53689        1.38143       -1.71728
H          2.81244       -0.71787        0.50060
H          1.34176        0.13482        0.12203
H          4.38457        0.17486        1.94982
H          4.95255        3.71733        3.68895
H          4.72989        3.60532        0.80026
H          4.54449        5.09956        1.73813
H          2.28364        5.42237        0.35507
H          0.99927        5.02796        1.25555
H          2.14999        3.22584        3.83589
H          2.81955        4.85680        3.71344
H          1.84368        2.84236       -0.01474
H          0.74121        2.30438        2.64185
H          0.28025        1.50994        1.32033
