29

N          1.22249        0.16710       -0.71064
C          2.43114       -0.07204        0.09631
C          2.41843       -1.30602        0.95623
C          3.86635       -1.53844        1.38205
C          4.22344       -0.71892        2.64125
C          5.00069        0.48476        2.10221
C          4.03364        1.55293        1.56517
C          3.31733        1.15329        0.30105
C          3.82856       -0.03546       -0.46678
N          4.72977       -1.02011        0.25923
C          5.72770       -0.17548        0.95918
C          7.08659       -0.75455        1.28332
C          6.95645        0.33741        0.25980
H          0.40413        0.21825       -0.11290
H          1.06606       -0.60858       -1.35474
H          2.09462       -2.15601        0.34161
H          1.73065       -1.22140        1.80298
H          4.06003       -2.60196        1.55971
H          4.88491       -1.31683        3.27977
H          3.35308       -0.42882        3.24011
H          5.65448        0.91209        2.86936
H          4.62102        2.44985        1.33494
H          3.30700        1.84333        2.33270
H          3.04105        2.04024       -0.26487
H          3.97856        0.05978       -1.53457
H          7.28854       -1.76794        0.95548
H          7.55166       -0.49870        2.22543
H          7.12015        0.04927       -0.77304
H          7.32782        1.32089        0.51159
