28

C          1.20845       -0.03225       -0.06504
N          2.65118       -0.03559       -0.11904
C          3.41208       -1.04659        0.40013
N          4.60194       -0.75461        0.82262
C          4.70928        0.60325        0.63597
N          5.76138        1.21600        1.05731
C          3.44488        1.20723       -0.03892
C          2.81981        2.27646        0.84878
C          3.72398        1.67557       -1.44902
C          4.64638        2.59415       -1.79229
C          4.93881        3.02260       -3.20033
C          4.70321        4.49336       -3.37801
C          5.64855        5.36844       -3.74973
H          0.81212       -1.04472       -0.19654
H          0.79136        0.59414       -0.85899
H          0.85168        0.33864        0.90149
H          2.95889       -2.05048        0.42912
H          6.34868        0.47035        1.45180
H          2.60090        1.88957        1.85110
H          1.88277        2.65572        0.42560
H          3.49178        3.13361        0.97490
H          3.13325        1.21370       -2.23653
H          5.26221        3.05346       -1.01821
H          4.31031        2.47834       -3.91464
H          5.97873        2.76220       -3.43260
H          3.69346        4.85526       -3.19996
H          6.67101        5.05762       -3.94013
H          5.41642        6.42273       -3.86276
