23

C          2.15570        0.21096        0.87764
C          3.31483        0.17656       -0.10854
C          4.67424        0.43644        0.53401
C          5.44929        0.79506       -0.72419
C          4.52648        1.82893       -1.33628
N          3.16824        1.31883       -1.06138
C          5.54487       -0.36608       -1.71071
O          6.27816       -0.33234       -2.69389
N          4.71290       -1.46598       -1.44745
O          5.44488       -2.25740       -0.49167
C          3.39871       -1.19475       -0.84422
H          2.11207        1.16960        1.40816
H          2.25118       -0.57809        1.63061
H          1.19722        0.07229        0.36380
H          5.07291       -0.42309        1.07886
H          4.64828        1.28573        1.22823
H          6.45435        1.16575       -0.50784
H          4.68754        1.99864       -2.40481
H          4.64447        2.78853       -0.81755
H          2.74392        1.00153       -1.93492
H          6.15136       -2.62668       -1.05976
H          3.14973       -2.02149       -0.16606
H          2.66482       -1.22856       -1.65876
