31

C          0.53109       -0.63846       -0.43949
C          2.00532       -0.26639       -0.38675
N          2.89567       -1.24903        0.25454
C          4.32504       -0.84306        0.05639
C          4.31798       -0.05963        1.41821
N          5.50945       -0.43751        2.20398
C          3.11844       -1.06771        1.73338
C          1.93680       -0.56887        2.57749
O          1.82406        0.86885        2.48648
C          3.09432        1.40197        2.87225
C          3.73012        2.60652        2.48999
C          4.06151        1.46149        1.53789
C          4.20718        2.17764        0.20565
H         -0.00813        0.12734       -1.01143
H          0.06308       -0.66715        0.54631
H          0.37834       -1.60116       -0.92946
H          2.04925        0.72407        0.05880
H          2.32455       -0.15644       -1.43254
H          4.55296       -0.27686       -0.84942
H          4.99360       -1.72219        0.03509
H          6.30261       -0.72707        1.63200
H          5.86488        0.32574        2.77918
H          3.45765       -2.02053        2.17515
H          2.10827       -0.82421        3.63218
H          0.99465       -1.05018        2.31245
H          3.50412        0.99431        3.79521
H          4.53124        2.99866        3.10357
H          3.04808        3.39811        2.17968
H          5.25284        2.08689       -0.11525
H          3.99859        3.25414        0.24108
H          3.59567        1.78164       -0.60229
