26

C          0.83889        0.00906        0.07775
C          2.36991        0.08677        0.03086
C          2.83812        1.54339        0.02008
C          2.62173        2.17654       -1.35308
C          3.48409        1.48831       -2.41517
C          4.92229        1.92686       -2.19230
C          6.15597        2.30304       -2.00112
C          3.39398       -0.04631       -2.37902
N          3.79697       -0.66048       -3.44702
O          3.83825       -2.06825       -3.46787
C          3.34175       -2.81189       -2.36133
C          2.91755       -2.03574       -1.17227
C          2.89787       -0.69974       -1.13870
H          0.44968        0.56323        0.93839
H          0.49591       -1.02760        0.17228
H          0.37907        0.42217       -0.82629
H          2.74803       -0.36788        0.95843
H          3.89986        1.58588        0.29477
H          2.30625        2.12066        0.78596
H          2.86436        3.24524       -1.29700
H          1.56530        2.11521       -1.63781
H          3.16853        1.83096       -3.40847
H          7.16737        2.60433       -1.85357
H          4.12386       -3.52070       -2.06796
H          2.49223       -3.40221       -2.72313
H          2.56797       -2.60942       -0.31858
