27

C          1.10743        0.16770        0.15123
C          2.41251       -0.11252        0.05874
C          2.97849       -1.49892       -0.03219
C          4.06879       -1.27271       -1.08768
C          5.11450       -2.39163       -1.08452
C          6.15746       -2.22382       -2.19346
C          7.12539       -3.38297       -2.25138
C          6.95503       -3.77983       -3.66155
N          6.07043       -3.13860       -4.33413
O          5.49196       -2.18563       -3.46591
N          4.65036        0.05840       -0.76053
C          4.03154        1.16177       -1.49638
C          3.52792        0.81737       -0.13175
H          0.36743       -0.62377        0.22239
H          0.74753        1.19057        0.13019
H          2.25229       -2.25273       -0.34349
H          3.40717       -1.78600        0.93775
H          3.59410       -1.25348       -2.07956
H          4.58234       -3.34096       -1.23639
H          5.61242       -2.45402       -0.10908
H          6.70449       -1.28313       -2.06874
H          6.86808       -4.22306       -1.59734
H          8.15789       -3.08519       -2.06024
H          7.56144       -4.59134       -4.09024
H          3.42745        0.93755       -2.36682
H          4.64101        2.05236       -1.59791
H          3.80572        1.44376        0.70826
