29

C          0.84200       -0.15357        0.51786
C          2.23887       -0.62226        0.32102
C          3.24394       -0.78962        1.43452
C          4.73016       -0.82090        1.19547
N          4.93188       -1.85265        0.16320
N          6.06080       -2.57948        0.06443
C          5.66750       -3.80088       -0.15685
C          6.59731       -4.87272       -0.65221
N          7.31140       -5.48946        0.46399
C          4.19269       -4.08535        0.10813
N          4.02300       -4.76634        1.39975
C          3.70504       -2.65172       -0.05598
C          2.66740       -1.99913        0.78857
H          0.74487        0.87339        0.15052
H          0.53779       -0.17496        1.56685
H          0.15257       -0.77466       -0.06247
H          2.60715       -0.28662       -0.65084
H          2.96250       -0.48800        2.42995
H          5.24477       -1.08429        2.12550
H          5.09725        0.14885        0.84339
H          7.31101       -4.41130       -1.34373
H          6.02746       -5.62610       -1.20140
H          7.79426       -4.74466        0.97728
H          8.05774       -6.07218        0.08115
H          3.79258       -4.72050       -0.68916
H          4.56141       -4.25392        2.10387
H          4.48292       -5.67920        1.34583
H          3.41995       -2.52867       -1.10603
H          2.01294       -2.64320        1.35165
