30

C         -0.66192        3.38326        2.87505
C         -1.40079        2.13153        2.31815
N         -2.82769        2.46059        2.28419
C         -0.75908        1.83736        0.97072
C          0.30460        0.74791        1.37534
C         -0.37172       -0.57835        1.03455
C         -1.52477       -0.50656        2.11474
C         -1.16107        0.76382        3.03017
C          0.35986        0.69571        2.95709
C          0.86786       -0.49615        3.79718
O          1.80769       -1.34501        3.12650
C          1.08461       -2.15730        2.24482
C          0.76274       -1.60666        1.07963
H         -0.96950        4.28961        2.33434
H          0.42143        3.34240        2.69396
H         -0.82660        3.53236        3.94196
H         -2.96122        3.37125        1.83727
H         -3.14922        2.61463        3.25287
H         -0.30479        2.70955        0.48520
H         -1.49436        1.44677        0.25515
H          1.27461        0.93964        0.90684
H         -0.79016       -0.61410        0.02284
H         -1.58640       -1.42700        2.69570
H         -2.49596       -0.36742        1.62144
H         -1.59595        0.70381        4.02795
H          0.86017        1.56909        3.36596
H          0.05595       -1.09297        4.23120
H          1.37816       -0.09704        4.68935
H          0.35882       -2.70418        2.82566
H          1.61163       -1.22017        0.51027
