28

C          0.96854        0.18772       -0.39785
C          2.45926        0.27049       -0.46073
C          3.22700       -0.76834       -0.82508
C          4.71690       -0.64183       -0.99529
C          5.01967       -0.09162       -2.39766
C          5.48891        0.11412        0.15521
C          6.58452       -0.98462        0.08049
N          6.93876       -1.40056        1.43384
C          7.78235       -0.69029       -0.67751
C          8.77524       -0.44572       -1.30752
C          5.47520       -1.93283       -0.46952
N          5.92541       -2.78753       -1.57264
H          0.57081        1.00905        0.20650
H          0.63402       -0.75165        0.05260
H          0.54594        0.27436       -1.40367
H          2.90504        1.23203       -0.21742
H          2.77403       -1.72028       -1.09434
H          4.55278        0.88885       -2.54429
H          4.63871       -0.76357       -3.17553
H          6.08930        0.04200       -2.57923
H          4.94797        0.15691        1.11118
H          5.81287        1.13410       -0.08270
H          7.58533       -0.75676        1.88693
H          7.41427       -2.30351        1.43399
H          9.65033       -0.22795       -1.87460
H          4.92440       -2.48874        0.30290
H          6.53362       -2.32884       -2.25143
H          5.16282       -3.19639       -2.10417
