29

C          0.98026       -0.37522        0.12017
C          2.49078       -0.16662       -0.06898
C          3.17238       -1.51362       -0.38644
C          4.69895       -1.45699       -0.35554
C          5.33132       -2.79954       -0.63849
O          4.70704       -3.81579       -0.92262
C          2.86380        0.98514       -1.03178
N          2.20231        2.23148       -0.63009
N          1.99358        3.07535       -1.65956
C          2.13415        2.37082       -2.73235
C          2.56471        0.94306       -2.53957
C          1.46619        0.05683       -3.09710
O          1.37233        0.22955       -4.51575
H          0.79228       -1.13749        0.88416
H          0.48433       -0.71402       -0.78974
H          0.48848        0.54213        0.45973
H          2.86309        0.13429        0.92255
H          2.83760       -1.89972       -1.35347
H          2.84510       -2.25411        0.35683
H          5.04803       -1.12949        0.62957
H          5.08429       -0.76315       -1.10831
H          6.43421       -2.81364       -0.59457
H          3.94205        1.17022       -0.93401
H          2.63489        2.68731        0.17495
H          1.97300        2.77683       -3.74278
H          3.48898        0.80760       -3.11426
H          0.48698        0.29713       -2.68588
H          1.67927       -1.00294       -2.92368
H          2.24579        0.06805       -4.91200
