26

C          2.97155        2.26048       -0.28958
C          4.10257        1.79842        0.60259
C          3.67963        0.62990        1.47365
C          2.37026        0.98072        2.33532
C          1.04773        0.78852        1.93727
C          0.14663        0.28045        0.64820
N          0.36014       -0.71235       -0.19702
N         -1.09162        0.89998        0.28563
N         -1.62267        0.64861       -1.04585
C          2.87692        1.54245        3.65371
C          3.31153        2.02429        4.78463
N          5.24406        2.32122        0.26518
N          6.43539        1.86034        0.65735
H          2.33783        1.38309       -0.46878
H          3.31858        2.62352       -1.24610
H          2.42592        3.03570        0.24763
H          4.52601        0.38225        2.15212
H          3.52307       -0.23830        0.84938
H          0.30414        1.12237        2.66422
H          1.15430       -1.33326       -0.01831
H         -1.56649        1.61131        0.83203
H         -1.22909       -0.26138       -1.34514
H         -1.16952        1.29149       -1.70183
H          3.66605        2.41893        5.70871
H          7.17238        2.51041        0.48196
H          6.50458        1.56046        1.63805
