31

C          2.52041        0.25471       -1.42360
N          2.41740       -0.13424       -0.02520
C          3.10731        0.78475        0.92349
C          4.60030        1.00438        0.77235
N          4.73446        2.45450        0.54477
C          3.60891        3.12314        1.25973
C          3.24099        4.41745        0.51995
C          1.80909        4.91225        0.74565
C          0.79262        3.81730        0.82440
C          1.12334        2.54154        1.03355
C          2.49607        2.08749        1.31903
C          2.51045        0.91316        2.30808
C          3.27260        0.99107        3.59039
H          1.92328       -0.42955       -2.03653
H          3.55150        0.20049       -1.79031
H          2.13855        1.26723       -1.59204
H          2.77554       -1.08546        0.08674
H          5.03465        0.44864       -0.06745
H          5.15160        0.71156        1.67017
H          4.57992        2.59493       -0.45433
H          3.93610        3.39197        2.26844
H          3.37842        4.29826       -0.56280
H          3.94273        5.21022        0.81781
H          1.54324        5.56975       -0.09249
H          1.75247        5.52341        1.65505
H         -0.25526        4.09027        0.72005
H          0.32763        1.79808        1.08295
H          1.60212        0.33941        2.46778
H          3.87647        1.89341        3.68991
H          3.92679        0.12408        3.70798
H          2.56545        0.99303        4.42632
