26

C          0.94144        0.05781        0.06335
C          2.43845       -0.01104        0.32185
O          2.65903       -1.16248        1.17314
N          3.29831       -0.64284        2.32642
C          3.44885       -1.56290        3.35384
N          4.22676       -1.48395        4.39486
N          2.62590       -2.66869        3.25513
O          2.30472       -3.19608        4.51772
C          3.50665        0.72654        2.22958
C          4.16961        1.54662        3.29211
O          3.49059        1.42140        4.53077
C          3.00377        1.16340        1.06589
C          2.96901        2.53187        0.48436
H          0.61950       -0.83152       -0.48967
H          0.66115        0.94195       -0.51432
H          0.38024        0.05446        1.00497
H          2.98696       -0.17054       -0.61387
H          4.75197       -0.60929        4.34910
H          1.81004       -2.49885        2.66981
H          3.07997       -2.90642        5.05571
H          4.19434        2.60944        3.04223
H          5.20721        1.22930        3.42763
H          2.54735        1.59764        4.36864
H          3.33620        3.29371        1.17609
H          1.94609        2.81334        0.21333
H          3.58758        2.57466       -0.41750
