25

C          1.13269       -0.61718        0.15753
C          2.55881       -0.21801        0.03070
C          3.58547       -1.09234       -0.00707
C          4.88959       -0.36259       -0.09873
C          4.44070        1.06712       -0.11293
C          3.10349        1.13270       -0.05726
O          2.42890        2.27137        0.30993
C          1.47989        2.95231       -0.43147
C          0.86221        2.60224       -1.57767
N          1.02120        1.54515       -2.44191
C          1.08456        4.31461        0.09729
N          1.93647        4.84382        1.02194
O          0.11122        4.95443       -0.28502
H          1.05105       -1.68275        0.40758
H          0.59603       -0.48391       -0.78485
H          0.62479       -0.05361        0.94273
H          3.50208       -2.16930        0.04557
H          5.44096       -0.62698       -1.00348
H          5.50628       -0.57053        0.78224
H          5.11453        1.90871       -0.03572
H          0.08176        3.26329       -1.96563
H          1.70267        0.85498       -2.14267
H          0.13355        1.11810       -2.70598
H          2.79437        4.37913        1.28307
H          1.77660        5.79817        1.31652
