27

C          1.01165        0.24138       -0.10151
C          2.52601        0.06556       -0.07527
C          2.92225       -1.33590       -0.57447
C          4.41274       -1.65626       -0.47547
C          5.23328       -0.86669       -1.47662
C          5.22388        0.63725       -1.23255
O          6.59222        1.08749       -1.46564
C          4.55299        1.62505       -0.19598
N          3.18638        1.28888       -0.77208
C          3.99661        1.16788       -2.06140
C          3.08175        0.23560        1.32924
C          3.55847        0.38146        2.53402
H          0.62453        0.15526       -1.12328
H          0.70446        1.21456        0.29712
H          0.51788       -0.52466        0.50890
H          2.57025       -1.48374       -1.60191
H          2.39984       -2.08569        0.04083
H          4.54230       -2.72689       -0.70119
H          4.80342       -1.51405        0.52879
H          4.84663       -1.08511       -2.48597
H          6.25074       -1.25968       -1.48375
H          7.07711        0.79692       -0.64385
H          4.80976        2.69086       -0.35809
H          4.83656        1.48919        0.84850
H          4.21785        2.15103       -2.51882
H          3.56827        0.56090       -2.85353
H          3.94040        0.50695        3.52080
