24

C         -1.61060       -0.17011       -0.17056
C         -1.07125       -1.53890       -0.06180
N         -1.43693       -2.04170       -1.45099
C         -2.28402       -1.21367       -2.34328
N         -2.76870        0.03210       -2.37480
N         -2.42698        1.18073       -1.43847
C         -1.15282        1.17942       -0.60450
C          0.01923        1.14630        0.50557
O         -0.01507        0.00222        1.45006
C          0.29352       -1.20311        0.59166
C          1.46369       -0.70281       -0.19518
O          1.30143        0.02676       -1.39468
C          1.34375        0.81013       -0.19536
H         -2.68420       -0.26731        0.04630
H         -1.07198       -0.27023       -1.11010
H         -1.66410       -2.11294        0.66103
H         -0.79342       -2.68084       -1.90363
H         -2.58345       -1.85607       -3.19069
H         -3.25726        1.48108       -0.92590
H         -0.53598        1.41740       -1.49129
H          0.06784        2.08042        1.07022
H          0.59723       -2.00700        1.26881
H          2.41856       -1.14047        0.06415
H          2.20242        1.40788        0.06710
