28

C          3.48229       -1.65172       -2.32650
C          3.71666       -0.18029       -2.36274
C          2.56347        0.78225       -2.28594
C          3.51182        0.64813       -1.11065
C          4.40860        1.77608       -0.74976
C          3.68393        3.09895       -0.39607
C          4.93444        3.84591       -0.05338
N          5.96340        2.95524        0.50998
C          5.29049        1.60638        0.51200
C          6.03189        3.33491       -0.92935
C          5.48868        2.21174       -1.76822
C          7.05935        4.28337       -1.38785
O          6.95203        4.84574       -2.46881
H          3.54542       -2.06598       -3.33502
H          2.49971       -1.90120       -1.91433
H          4.24761       -2.13273       -1.70891
H          4.52501        0.06817       -3.04028
H          1.55867        0.39096       -2.17156
H          2.60841        1.67665       -2.89820
H          3.10306        0.16039       -0.23025
H          2.99947        3.00485        0.45009
H          3.16884        3.54351       -1.25298
H          4.87290        4.86360        0.28897
H          4.70257        1.46480        1.42701
H          6.01943        0.79230        0.42526
H          6.24105        1.43383       -1.94848
H          5.07459        2.55733       -2.71885
H          7.91062        4.47560       -0.71609
