33

C          0.77714       -0.09209        0.09232
C          2.30786        0.00699        0.04377
C          2.72875        1.37263       -0.52671
C          3.70694        1.41764       -1.71093
C          4.04023        0.08857       -2.41485
C          3.62535       -1.18369       -1.73769
C          4.10494       -2.46480       -2.36013
C          2.85732       -1.20394       -0.64202
N          4.97565        2.03119       -1.26229
C          5.04474        3.30732       -1.38929
N          6.12378        4.08929       -1.06447
C          7.35554        3.50177       -0.56382
C          6.10353        5.53539       -1.17588
H          0.34889        0.75350        0.64193
H          0.45348       -1.01006        0.59591
H          0.34696       -0.09291       -0.91592
H          2.66380       -0.03787        1.08246
H          3.13521        1.96039        0.30971
H          1.83317        1.93485       -0.82451
H          3.25730        2.06085       -2.48278
H          5.12103        0.04180       -2.60588
H          3.56368        0.09887       -3.40389
H          4.73609       -2.27520       -3.23482
H          3.25599       -3.07126       -2.69306
H          4.69775       -3.04455       -1.64484
H          2.59651       -2.16529       -0.19890
H          4.19807        3.89963       -1.78707
H          7.30663        2.41014       -0.48912
H          7.58089        3.89138        0.43297
H          8.18882        3.74763       -1.23115
H          5.13515        5.90981       -1.52324
H          6.86761        5.87490       -1.88302
H          6.30569        5.99255       -0.20144
