29

C          0.70099        0.53732       -0.09095
C          2.14384        0.78536        0.32124
O          2.96855        0.69308       -0.84396
N          4.28989        1.04450       -0.48409
C          5.09068       -0.09146       -0.00306
C          4.75971       -1.43116       -0.69486
C          5.01217       -1.38637       -2.20303
C          5.58943       -2.55803       -0.07356
C          4.84641        2.03456       -1.28408
N          5.99074        2.64200       -1.29514
O          6.81718        2.26738       -0.23203
C          4.05916        2.58757       -2.37459
C          3.43911        3.04749       -3.29229
H          0.18003       -0.05621        0.66727
H          0.62708        0.02291       -1.05473
H          0.16381        1.48751       -0.18042
H          2.44971        0.01724        1.03960
H          2.24120        1.77268        0.78659
H          4.90786       -0.18890        1.07431
H          6.16299        0.09121       -0.10970
H          3.70356       -1.66876       -0.52710
H          6.08163       -1.31288       -2.42651
H          4.50964       -0.54123       -2.68022
H          4.62968       -2.29737       -2.67537
H          6.65743       -2.42890       -0.28234
H          5.28258       -3.52828       -0.47830
H          5.45971       -2.59211        1.01327
H          7.61605        2.80172       -0.40014
H          2.90934        3.46062       -4.11823
