30

C          2.49016       -1.44737       -0.41294
C          2.43974        0.03093       -0.04611
C          2.89378        0.31586        1.39772
N          1.97763       -0.35823        2.33408
C          1.10075        0.69608        2.89899
C          0.80807        0.44688        4.40772
N          0.24453       -0.88479        4.67379
C          1.79120        2.00105        2.59074
C          1.22987        3.23752        3.08190
C          1.88674        4.34924        3.42952
C          2.80960        1.78160        1.74256
C          3.76374        2.72896        1.09334
H          2.12988       -1.59018       -1.43683
H          1.86044       -2.05262        0.24625
H          3.51492       -1.82720       -0.35776
H          1.41595        0.39708       -0.20227
H          3.07450        0.57783       -0.75300
H          3.91394       -0.05550        1.55354
H          2.51430       -0.75384        3.10651
H          0.14987        0.66600        2.35013
H          0.10098        1.20028        4.77233
H          1.72722        0.54897        4.99647
H         -0.50121       -1.07334        4.00336
H         -0.17901       -0.89918        5.59932
H          0.14483        3.23386        3.20122
H          2.96312        4.44125        3.36638
H          1.33810        5.21534        3.79306
H          3.59403        3.77147        1.36844
H          3.68621        2.67463        0.00433
H          4.79152        2.47549        1.37639
