29

C          1.25206        0.13573       -0.34696
N          2.62304        0.01155        0.11639
C          3.48170        1.18822        0.04602
C          4.51291        1.13099        1.17435
C          5.19768       -0.23605        1.36267
C          6.49965       -0.37350        0.62438
C          6.70022       -0.71071       -0.82968
C          6.93992       -1.75526        0.22491
O          5.96795       -2.81783        0.18444
C          4.99174       -2.75412        1.21669
C          4.24462       -1.43258        1.20147
C          3.26946       -1.20414        0.05337
N          3.02474       -2.06238       -0.88196
H          0.88585        1.16229       -0.24694
H          0.61051       -0.48994        0.28520
H          1.13338       -0.18007       -1.38667
H          2.89737        2.11136        0.14896
H          3.97951        1.23448       -0.92909
H          3.98097        1.36206        2.11037
H          5.25371        1.92850        1.03890
H          5.51062       -0.25390        2.41638
H          7.25345        0.28316        1.05602
H          7.58237       -0.33021       -1.33486
H          5.84460       -0.83978       -1.47987
H          7.96317       -2.02776        0.47164
H          5.48980       -2.90815        2.18238
H          4.30391       -3.59493        1.07706
H          3.58884       -1.43789        2.08622
H          3.64595       -2.88011       -0.80910
