21

C          0.95758       -0.02214       -0.08781
C          2.26144       -0.02214       -0.08781
C          3.78144       -0.02214       -0.08781
C          4.38837        1.08097       -1.01470
C          5.12294        0.28774       -2.05581
N          5.75479        0.80361       -3.08834
O          6.46091       -0.15239       -3.88957
C          5.81974       -1.44857       -3.99280
C          5.66589       -2.03715       -2.58419
N          5.03483       -1.02161       -1.77352
O          4.28331       -1.31990       -0.61500
C          4.16058        0.10525        1.37862
C          4.48581        0.21453        2.63653
H         -0.10812       -0.02447       -0.08564
H          5.10817        1.72873       -0.50545
H          3.63967        1.70652       -1.51375
H          6.44055       -2.10020       -4.62164
H          4.86367       -1.32272       -4.51115
H          6.66548       -2.25278       -2.19536
H          5.08894       -2.96234       -2.62332
H          4.75053        0.30106        3.66518
