25

C          1.03775        0.07163       -0.13456
C          2.50938        0.15296        0.18154
O          3.29336       -0.61654       -0.74839
C          3.42303        0.80762       -0.85029
C          4.66216        1.49588       -0.49086
C          4.80451        2.78713       -0.14339
C          6.25203        2.94295        0.06786
N          6.81518        3.99696        0.55215
N          6.93626        1.79910       -0.28142
O          7.93150        1.46774        0.64992
C          5.97525        0.73472       -0.54865
C          2.85930        0.12961        1.61580
C          2.86527        1.16377        2.46675
H          0.85525        0.06659       -1.21525
H          0.50259        0.92836        0.28815
H          0.60588       -0.84673        0.27768
H          2.94095        1.25628       -1.71505
H          4.05960        3.54902       -0.01540
H          6.11626        4.72216        0.73707
H          8.28451        2.35287        0.88998
H          6.01208       -0.05797        0.20491
H          6.14731        0.31905       -1.54637
H          3.11362       -0.85290        2.01219
H          2.61415        2.16932        2.14680
H          3.12884        1.01980        3.51002
