26

C          0.78241        0.30881        0.14316
C          2.29074        0.04514        0.05767
C          2.72551       -1.28413       -0.62534
C          1.53157       -2.17463       -1.02242
C          3.71476       -1.16802       -1.78246
N          4.20299       -2.36710       -2.26986
C          5.07223       -2.61813       -3.29516
O          5.40819       -3.75493       -3.60221
C          4.10898        0.01406       -2.27056
C          3.70238        1.34439       -1.75832
O          4.89832        2.11354       -1.66425
C          2.97068        1.31990       -0.41798
O          2.91659        2.34200        0.27742
H          0.27363       -0.47596        0.71246
H          0.33027        0.37909       -0.85099
H          0.56945        1.25132        0.66061
H          2.63539       -0.04405        1.10336
H          3.26458       -1.84582        0.15419
H          0.92116       -1.70584       -1.80119
H          0.89845       -2.38970       -0.15571
H          1.85045       -3.15050       -1.40222
H          3.90112       -3.22772       -1.82425
H          5.45291       -1.73590       -3.82881
H          4.80300        0.07883       -3.10249
H          3.05466        1.83184       -2.49387
H          5.24307        2.00219       -0.75971
