18

C          1.71398       -0.03258        0.38051
C          2.83903        0.10115       -0.33847
C          3.55243        1.34604       -0.47867
C          4.63004        1.66444       -1.20095
C          5.39988        0.75675       -2.14639
N          6.03853        0.00376       -2.93070
N          4.88368        2.97971       -0.93530
C          5.91572        3.84188       -1.45796
C          5.46424        4.62859       -2.61831
N          5.11361        5.25379       -3.53319
C          3.92907        3.44726       -0.05651
O          3.85334        4.58250        0.38651
O          3.05609        2.43329        0.27463
H          1.21302       -0.99139        0.46839
H          1.25218        0.80300        0.90159
H          3.24048       -0.77847       -0.83700
H          6.80224        3.24926       -1.70006
H          6.20408        4.53772       -0.65823
