27

C          1.19174       -0.07686        0.15120
N          2.64301       -0.07255        0.24566
C          3.23471       -1.21120        0.31849
C          2.58469       -2.57254        0.36079
C          3.81789       -3.44538        0.26906
N          4.94666       -2.79104        0.30368
N          4.58852       -1.46561        0.37392
C          5.60901       -0.44591        0.42651
C          3.70582       -4.93927        0.12149
C          3.52825       -5.28368       -1.35362
C          4.92838       -5.64340        0.70401
O          5.02715       -5.37861        2.09993
H          0.84464        0.93967       -0.05687
H          0.73277       -0.40165        1.08962
H          0.83241       -0.70780       -0.67009
H          1.91595       -2.74491       -0.48115
H          2.08465       -2.73254        1.31948
H          6.61155       -0.88383        0.37638
H          5.53309        0.11351        1.36493
H          5.50336        0.25536       -0.40719
H          2.81412       -5.24988        0.67963
H          4.37939       -4.93490       -1.95020
H          2.62862       -4.81094       -1.76273
H          3.43293       -6.36510       -1.49541
H          5.86268       -5.33655        0.22069
H          4.83262       -6.72764        0.58430
H          5.35295       -4.46112        2.18125
