25

C          1.96896        1.11408        1.16289
C          2.42144       -0.16497        0.48542
C          3.47536       -0.97828        1.19927
C          4.67690       -1.26950        0.64662
C          5.37794       -0.41878       -0.38559
N          6.83661       -0.39342       -0.20138
C          5.38831       -2.45906        1.15116
C          5.93445       -2.22436        2.34978
O          7.21843       -1.69319        2.37177
N          5.18415       -2.06938        3.48971
N          3.97913       -1.70998        3.53741
C          3.09979       -1.70566        2.46803
N          1.94754       -2.24892        2.67121
H          1.16503        1.56791        0.56977
H          2.78384        1.84010        1.22835
H          1.57442        0.92698        2.16533
H          2.75561        0.08614       -0.52886
H          1.54148       -0.80046        0.32498
H          5.03397        0.62055       -0.30642
H          5.14132       -0.77583       -1.39149
H          7.03552        0.16889        0.63123
H          7.24880        0.13068       -0.97422
H          4.65075       -3.27184        1.13870
H          7.51469       -1.69394        1.43779
H          1.34655       -2.17138        1.85263
