28

C          0.91535       -0.06289        0.00654
C          2.42720       -0.06601       -0.15445
C          3.16064        0.98923       -1.03950
N          4.28253       -0.00497       -1.15479
C          3.26390       -1.08851       -0.97195
C          2.50780       -1.22032       -2.35563
C          3.42762       -2.11049       -3.28524
C          2.16536       -2.94536       -3.56780
O          1.83271       -3.69763       -4.45804
C          1.46073       -2.38000       -2.31198
C          2.09138        0.08295       -3.00399
C          1.26188        0.14216       -4.24636
C          2.50317        1.18917       -2.35527
H          0.60209        0.79997        0.60349
H          0.58987       -0.96584        0.53289
H          0.37154       -0.01348       -0.93891
H          2.81276       -0.02423        0.88171
H          3.43269        1.92696       -0.54812
H          4.94036        0.05887       -0.37762
H          3.59686       -1.99663       -0.46677
H          4.20200       -2.69990       -2.78079
H          3.86254       -1.61989       -4.15892
H          1.53008       -3.06287       -1.45850
H          0.41527       -2.10460       -2.46876
H          0.90059       -0.83887       -4.56255
H          1.83314        0.57009       -5.07420
H          0.37441        0.76198       -4.07450
H          2.28795        2.18984       -2.70727
