29

C          1.03140       -0.38987       -0.06606
C          2.54841       -0.38751       -0.06356
O          3.01060        0.71867       -0.83992
C          4.44360        0.80126       -0.84595
C          4.91434        1.99450       -1.69114
O          4.48908        3.23121       -1.08624
C          4.81051        4.36211       -1.91311
C          4.32781        5.62995       -1.27287
C          2.85649        5.92768       -1.13642
N          3.66438        5.59475        0.03422
C          6.44524        1.94540       -1.82482
N          7.16127        2.07063       -0.66284
O          7.02074        1.85186       -2.90264
H          0.64128       -1.27387        0.44709
H          0.64369       -0.37429       -1.08977
H          0.64487        0.50318        0.43623
H          2.92009       -1.32093       -0.50000
H          2.91498       -0.30336        0.96592
H          4.84657       -0.13011       -1.26429
H          4.78905        0.90053        0.19003
H          4.46739        1.92040       -2.68714
H          4.36553        4.24866       -2.90872
H          5.89764        4.43315       -2.01923
H          4.98684        6.46835       -1.46368
H          2.13175        5.18865       -1.45053
H          2.53887        6.96078       -1.20659
H          3.52506        4.60996        0.29262
H          6.72396        2.45749        0.16609
H          8.15754        2.20128       -0.76543
