22

C          4.09559       -0.97406       -0.73094
C          2.76754       -0.28508       -0.60591
N          1.61373       -0.86478       -0.46440
O          1.67082       -2.27435       -0.40340
C          2.51282       -2.81167       -1.43044
C          2.32829       -4.32986       -1.49624
C          3.31845       -5.06424       -2.40260
O          3.38341       -4.52637       -3.73575
C          3.96540       -3.34149       -4.05229
N          4.59651       -2.47734       -3.32132
O          4.88758       -2.92189       -2.02522
C          3.94480       -2.44991       -1.05690
H          4.61599       -0.84825        0.22675
H          4.69182       -0.44176       -1.47810
H          2.78828        0.81780       -0.59686
H          2.20077       -2.37669       -2.38490
H          1.30455       -4.53101       -1.83475
H          2.39197       -4.75385       -0.48576
H          2.97467       -6.09967       -2.50982
H          4.32205       -5.14303       -1.97350
H          3.78245       -3.13439       -5.11939
H          4.19399       -2.98874       -0.13337
