30

C          2.30651       -1.12069       -0.70462
C          2.53986        0.15686        0.08851
C          2.94249        1.35746       -0.76719
C          1.84983        2.28089       -1.24620
N          0.48517        1.86033       -0.96044
C          4.25783        1.57888       -1.03620
C          5.34075        0.59031       -0.74973
O          5.79966       -0.32865       -1.75111
C          6.49985        0.90717       -1.65640
C          6.07543        2.01697       -2.56781
C          4.93936        2.73556       -1.78943
C          4.17171        3.65843       -2.72405
O          5.55118        3.60043       -0.81381
H          1.98344       -1.92129       -0.02943
H          3.22334       -1.45835       -1.19721
H          1.53413       -0.99175       -1.46802
H          3.30849       -0.03799        0.84681
H          1.64762        0.39109        0.68017
H          1.91283        2.38156       -2.33344
H          1.99536        3.26517       -0.79006
H          0.25627        1.05895       -1.54687
H         -0.14902        2.60276       -1.25162
H          5.55894        0.38093        0.29173
H          7.50384        0.95012       -1.26752
H          5.70392        1.60029       -3.51213
H          6.91215        2.68715       -2.77938
H          3.64777        3.11313       -3.51264
H          4.85614        4.36962       -3.20201
H          3.45799        4.28090       -2.17558
H          5.91120        3.05205       -0.09815
