23

C          3.90819        1.04535        0.67027
C          2.78166        0.21045        0.11520
O          1.64432        0.35542        0.58616
C          3.08977       -0.80658       -0.99013
C          2.31518       -0.76855       -2.38087
C          3.54743       -1.68542       -2.77854
N          4.32056       -0.58467       -1.93775
C          3.50591       -2.86461       -1.83232
N          3.71620       -4.16535       -1.87260
S          3.66124       -4.67380       -0.25438
C          3.44351       -3.09211        0.43826
C          3.58042       -2.84199        1.89257
C          3.26302       -2.25004       -0.61059
H          3.49708        1.79630        1.35136
H          4.42275        1.56395       -0.13968
H          4.59641        0.40210        1.22069
H          2.25158        0.20615       -2.88288
H          1.33066       -1.24199       -2.41696
H          3.83619       -1.81445       -3.81930
H          4.35138        0.32588       -2.39281
H          3.63397       -3.76788        2.47343
H          2.74997       -2.24164        2.27390
H          4.50966       -2.28711        2.07194
