29

N          0.95196       -0.27915       -0.26030
C          2.30346        0.19050       -0.02734
C          3.43579       -0.80747       -0.48702
C          4.26379        0.54835       -0.53023
C          2.90629        1.01981       -1.20512
C          2.93061        0.20174       -2.49786
C          1.59187        0.02142       -3.20041
C          1.18084       -1.42423       -2.96898
C          2.36614       -2.11160       -2.30794
N          3.36127       -1.10539       -1.94810
C          3.99038        0.69227       -3.51497
N          4.93975       -0.18432       -3.96172
N          4.01963        1.91668       -3.95264
H          0.60823       -0.89619        0.47518
H          0.26060        0.46604       -0.34203
H          2.42022        0.62911        0.97149
H          3.77821       -1.59597        0.18316
H          5.17939        0.56376       -1.13023
H          4.50820        1.00124        0.43958
H          2.69933        2.09004       -1.23982
H          1.67574        0.18414       -4.28198
H          0.82553        0.71459       -2.83794
H          0.91420       -1.91189       -3.91376
H          0.28782       -1.48109       -2.33830
H          2.82918       -2.77838       -3.04573
H          2.06321       -2.74995       -1.47015
H          5.08350       -0.95633       -3.31429
H          5.78387        0.27803       -4.27400
H          3.24753        2.45489       -3.54853
