23

C          1.17887       -0.08654        0.49673
N          2.56542        0.01471        0.08677
C          3.30814        1.10036        0.37452
C          3.15269        1.97782        1.41319
N          4.12978        2.94769        1.32356
O          4.15473        3.94525        2.29987
C          5.27628        4.66395        2.49919
N          5.62016        4.92283        3.71753
N          5.92406        5.25155        1.46624
C          6.24971        4.73647        0.24949
C          5.84234        3.61555       -0.34319
C          4.86094        2.74188        0.17283
C          4.40597        1.54945       -0.38011
H          0.78066       -1.06086        0.19570
H          0.57305        0.68772        0.01389
H          1.07086       -0.00494        1.58258
H          2.75449       -0.47432       -0.78768
H          2.43744        2.01275        2.22226
H          4.97174        4.40833        4.32233
H          6.58357        5.94462        1.80646
H          6.98870        5.35093       -0.26042
H          6.28549        3.35835       -1.30261
H          4.80147        1.09179       -1.27938
