27

C          1.23061       -0.04307       -0.41281
C          2.53631       -0.14013        0.33957
C          3.22775       -1.49841        0.33619
C          4.65806       -1.15667        0.65531
C          4.90926        0.31365        0.47580
C          4.65472        1.36235        1.57966
N          3.76979        2.10354        0.65002
C          3.59969        0.87984       -0.15714
N          4.33286       -1.87635       -0.57041
N          4.72213       -3.20110       -0.35183
C          6.02279       -3.63028       -0.50355
N          6.95338       -2.65372       -0.66062
O          6.34058       -4.80964       -0.46698
H          0.51998       -0.79710       -0.05007
H          1.35272       -0.17249       -1.48951
H          0.77923        0.94105       -0.23982
H          2.29450        0.05833        1.39406
H          2.69309       -2.28502        0.84520
H          5.13752       -1.61278        1.51118
H          5.81957        0.52155       -0.09883
H          5.53599        1.92123        1.90784
H          4.12916        0.99800        2.46978
H          4.27125        2.83062        0.13060
H          3.64448        1.00594       -1.24311
H          4.02765       -3.93901       -0.37473
H          6.62405       -1.80454       -1.09026
H          7.88740       -2.96582       -0.88741
