28

C          0.81842        0.06792        0.35329
C          2.25873        0.35224        0.12956
C          3.08574       -0.42262       -0.77798
C          2.85285       -0.90132       -2.25000
C          3.76837        0.04284       -3.12441
C          2.71013        1.12492       -2.54644
C          1.67373       -0.02442       -2.90954
C          1.09539       -0.08068       -4.31055
C          2.86686        1.22875       -0.96475
C          3.32428        2.64281       -0.42503
C          4.67216        2.88680       -1.08389
C          5.82836        3.09610       -1.64907
H          0.70612       -0.88878        0.87862
H          0.20349       -0.00596       -0.54877
H          0.38101        0.84028        0.95730
H          2.69694        0.42951        1.11968
H          3.82577       -1.05828       -0.27665
H          2.87292       -1.97029       -2.45576
H          3.78384       -0.13872       -4.20276
H          4.80459        0.11892       -2.78202
H          2.64426        2.07066       -3.08933
H          0.77609       -0.02601       -2.29551
H          1.83747       -0.08083       -5.10552
H          0.44566        0.79103       -4.45566
H          0.46272       -0.97133       -4.42165
H          3.42313        2.63885        0.66387
H          2.59135        3.39328       -0.73481
H          6.77324        3.26444       -2.11171
