26

C          0.98440       -0.07291        0.01456
C          2.52285       -0.03092       -0.05259
C          3.12281       -1.35400       -0.64379
C          2.61566       -1.45467       -2.07315
N          2.19494       -1.53818       -3.25892
N          4.61243       -1.42835       -0.57084
C          5.23572       -0.65013        0.50544
C          5.36958        0.81433        0.18305
C          4.45020        1.60028       -0.40752
C          3.10062        1.19578       -0.77175
C          2.44692        1.88566       -1.72098
N          5.28615       -2.09096       -1.55230
C          6.48277       -1.72628       -1.84855
H          0.65707       -0.91535        0.63416
H          0.51334       -0.18172       -0.96559
H          0.59591        0.84284        0.47483
H          2.80272        0.04707        1.00731
H          2.72090       -2.20652       -0.08204
H          6.23224       -1.05170        0.72950
H          4.70069       -0.77558        1.45312
H          6.33597        1.25470        0.41439
H          4.73624        2.62233       -0.65498
H          2.90270        2.72281       -2.24238
H          1.46109        1.59807       -2.07160
H          6.99937       -2.23317       -2.68246
H          7.05466       -0.91770       -1.35996
