27

C          4.91383        3.17271       -0.20196
C          5.37093        4.57297       -0.97582
C          6.46348        4.79517       -2.39880
N          6.61979        3.42998       -2.66957
C          6.18482        2.31997       -3.00861
N          4.99258        2.04253       -3.64699
C          7.10171        1.26318       -2.49100
C          8.53536        1.87286       -2.58587
C          8.77149        3.35633       -2.08710
C          9.27815        4.56425       -2.85822
C          9.71277        5.60040       -3.51969
C          7.96035        5.86824       -2.84950
O          7.80143        7.07603       -2.74139
H          3.96391        3.34441        0.35683
H          5.59606        2.78944        0.57147
H          4.63258        2.32751       -0.84865
H          5.46039        5.34485       -0.20528
H          4.39113        4.74104       -1.45758
H          5.74500        5.20814       -3.09234
H          4.29561        1.73838       -2.98464
H          4.60745        2.84988       -4.10026
H          7.02955        0.32444       -3.04877
H          6.85467        1.01404       -1.43948
H          9.15274        1.21230       -1.95155
H          8.85687        1.77656       -3.62232
H          9.80566        3.13048       -1.73925
H          8.37252        3.58727       -1.08632
