31

C          1.48413        0.42671        1.04300
C          2.80694        0.00094        0.31385
N          3.70754        1.09403        0.73956
C          3.43057       -1.58921        0.41139
C          2.13022       -2.21544        0.67693
C          1.68769       -1.70108       -0.80106
C          2.32566       -2.78392       -1.56987
N          3.57765       -2.72954       -0.81389
C          2.54953       -0.28071       -1.12785
C          1.76298        0.72649       -1.94644
O          3.89507       -0.41546       -1.77521
C          5.11067       -0.49652       -0.89625
C          4.90168       -1.34835        0.43612
H          1.54785        0.25488        2.12254
H          0.57338       -0.05633        0.66738
H          1.28338        1.49785        0.90181
H          3.77297        1.11342        1.76350
H          3.34242        1.99671        0.44889
H          1.56295       -1.81528        1.51749
H          2.10892       -3.30570        0.82431
H          0.60315       -1.61556       -0.91448
H          2.44179       -2.57493       -2.63864
H          1.83803       -3.75604       -1.43667
H          4.24960       -2.37106       -1.49492
H          0.69733        0.72441       -1.70362
H          1.87212        0.51891       -3.01609
H          2.14927        1.73993       -1.78649
H          5.47560        0.51859       -0.70976
H          5.88943       -0.96920       -1.50671
H          5.25280       -0.79922        1.31964
H          5.52365       -2.25240        0.41259
