21

O          1.31895       -0.21554       -1.35410
C          2.25422       -0.17096       -0.55940
C          2.66766        1.11167        0.11437
C          3.46476        2.03433       -0.81724
C          4.01524        1.59258       -2.19501
C          5.32229        1.31117       -1.43362
C          5.67127       -0.08587       -0.91436
C          4.98778       -1.20490       -1.66501
N          3.81413       -1.70637       -1.41293
N          3.15733       -1.20839       -0.31033
O          4.84721        2.15047       -0.32973
H          3.24414        0.89391        1.02145
H          1.76019        1.62042        0.46321
H          2.99328        3.02382       -0.86845
H          4.10812        2.41788       -2.91214
H          3.53385        0.75923       -2.70623
H          6.19192        1.77491       -1.91462
H          5.45950       -0.16526        0.15557
H          6.75085       -0.24988       -1.00605
H          5.50866       -1.57311       -2.56728
H          3.74626       -1.08651        0.50478
