24

C          1.08463       -0.20478        0.06437
O          0.53072        0.84668        0.85733
C         -0.89320        0.81510        0.87534
C         -1.37381        2.03877        1.67749
C         -2.10554        1.69205        2.76072
C         -2.15989        0.28505        2.76410
C         -1.48692       -0.27609        1.70747
C         -1.56949       -1.68519        1.70625
C         -2.28313       -2.12929        2.80722
S         -2.87286       -0.82921        3.78632
C          2.57887       -0.08950        0.00223
C          3.23733        1.15172       -0.53798
N          3.29857        0.83102        0.88612
H          0.67057       -0.17190       -0.94978
H          0.84649       -1.17122        0.51528
H         -1.30959        0.84947       -0.13786
H         -1.13388        3.05262        1.39269
H         -2.55688        2.34807        3.48955
H         -1.13139       -2.35028        0.97321
H         -2.49518       -3.15047        3.09156
H          3.06023       -1.04122       -0.19075
H          2.62773        2.00139       -0.81324
H          4.16067        1.03259       -1.08991
H          2.60192        1.36971        1.41517
