28

C          1.02039        0.06070       -0.31825
C          2.53991        0.07311       -0.34255
C          3.13784       -1.31724       -0.66748
C          4.07514       -1.16355       -1.87550
C          4.04008        0.29287       -2.12520
C          3.15554        0.95690       -1.37660
C          3.08605        2.45194       -1.43609
C          2.14527        2.91023       -2.55640
C          4.49068        3.00828       -1.59587
C          5.14259        3.41088       -2.90072
C          5.49228        2.09069       -2.29053
O          4.95697        0.90328       -2.94926
H          0.66283       -0.61704        0.46494
H          0.59874       -0.27238       -1.27215
H          0.62325        1.05723       -0.09917
H          2.89912        0.38993        0.64558
H          2.36519       -2.06675       -0.87448
H          3.70671       -1.68614        0.19553
H          3.70115       -1.72125       -2.74000
H          5.08532       -1.50851       -1.63850
H          2.68796        2.82764       -0.48623
H          2.46596        2.54299       -3.53972
H          2.11130        4.00310       -2.61033
H          1.12475        2.54598       -2.39572
H          4.83485        3.48342       -0.68328
H          5.88693        4.20143       -2.85622
H          4.56392        3.42190       -3.81113
H          6.47121        1.99168       -1.83839
