34

C          2.38820        1.46745        0.98729
C          2.18789        0.22640        0.12332
C          2.66614        0.38872       -1.32406
C          1.87976        1.42016       -2.19525
C          0.39153        1.54087       -1.84073
O         -0.25103        2.49382       -2.67855
C          2.05383        0.91116       -3.63643
O          3.30692        1.31721       -4.18322
C          1.98977       -0.60469       -3.50314
C          2.77254       -0.90821       -2.21312
N          2.58342       -2.24226       -1.61571
C          1.21861       -2.57602       -1.20821
C          3.05339       -3.30121       -2.52489
H          1.73039        1.41810        1.86070
H          2.16396        2.39337        0.45025
H          3.42076        1.52449        1.35038
H          1.12317       -0.01431        0.14881
H          2.71804       -0.60477        0.60384
H          3.69807        0.76935       -1.24684
H          2.34569        2.40938       -2.10138
H          0.24387        1.87510       -0.81068
H         -0.13017        0.58620       -1.95953
H          0.03451        3.37838       -2.38976
H          1.28140        1.27648       -4.32048
H          4.02124        1.10735       -3.55889
H          2.44154       -1.10917       -4.36612
H          0.94676       -0.92171       -3.42327
H          3.82970       -0.89929       -2.51219
H          0.82021       -1.89346       -0.46082
H          1.20656       -3.56128       -0.72671
H          0.51670       -2.60797       -2.04660
H          4.05470       -3.08883       -2.91225
H          2.37812       -3.44270       -3.37832
H          3.12346       -4.25391       -1.98726
