28

C          0.95184        0.61555       -0.04475
C          2.40144        0.21808        0.20441
O          3.21725        0.43752       -1.02807
C          4.40030       -0.46617       -1.27763
C          4.73297       -1.64331       -0.24383
N          4.09872       -1.11174        0.91135
C          2.62042       -1.22588        0.53250
C          2.05966       -2.01576       -0.78656
C          2.96573       -3.15337       -1.21300
C          4.09507       -3.11087       -0.21838
C          3.38555       -3.48724        1.21353
C          2.35827       -2.33236        1.53196
O          1.50420       -2.35084        2.40283
H          0.88049        1.70228       -0.16218
H          0.31939        0.32055        0.79904
H          0.54237        0.18833       -0.96371
H          2.77626        0.90843        0.97202
H          5.24982        0.22899       -1.26432
H          4.31710       -0.84189       -2.30201
H          5.81782       -1.73301       -0.12334
H          4.39435       -0.15054        1.09070
H          1.91577       -1.37373       -1.66367
H          1.05486       -2.40644       -0.56985
H          3.33008       -3.01125       -2.23640
H          2.43496       -4.11216       -1.19465
H          4.85693       -3.86487       -0.44729
H          4.13622       -3.53696        2.00851
H          2.84650       -4.43633        1.13616
