25

C          2.33984        0.56323        0.30428
C          2.11085       -0.87417       -0.07493
N          1.40472       -1.77810        0.82910
C          0.71057       -1.35196       -0.38042
C         -0.38374       -0.33535       -0.40086
C         -1.72359       -0.77479       -0.96041
C         -2.63364        0.12866       -0.56348
C         -1.90215        1.17896        0.22289
N         -1.11131        1.94086       -0.79578
C          0.10572        1.04771       -0.90551
C          1.06469        1.41445        0.24809
O          0.26887        1.10804        1.42832
C         -0.82450        0.30714        0.92124
H          3.08064        0.98673       -0.38385
H          2.76757        0.59985        1.31284
H          2.94417       -1.30963       -0.61284
H          1.08730       -1.27414        1.66194
H          0.62216       -2.08406       -1.17610
H         -1.90597       -1.64107       -1.57606
H         -3.68328        0.14425       -0.81058
H         -2.50616        1.80511        0.88080
H         -0.82944        2.82328       -0.36938
H          0.55488        1.06917       -1.90234
H          1.31933        2.47967        0.27347
H         -1.20540       -0.36990        1.69412
