19

N          1.33374        1.02462       -0.20022
C          2.36225        0.03005        0.07501
C          2.82581       -0.52898       -1.21482
C          3.41137        0.10427       -2.28072
C          3.84790        1.39413       -2.80274
C          3.95544        1.06199       -4.31735
O          4.06056       -0.38439       -4.45754
N          3.62266       -0.82377       -3.21965
N          3.22851       -2.05058       -2.92314
C          2.76078       -1.88587       -1.67322
H          0.97765        1.39072        0.68019
H          0.54739        0.57009       -0.66204
H          1.95613       -0.75621        0.71975
H          3.19759        0.50149        0.60293
H          4.83334        1.65590       -2.40203
H          3.15625        2.21935       -2.61775
H          4.82662        1.53701       -4.77806
H          3.05260        1.38326       -4.84964
H          2.37187       -2.74922       -1.14739
