29

C          1.07772        0.10521       -0.03719
C          2.54632       -0.07856        0.17431
C          3.18311       -0.56256        1.25863
C          4.71073       -0.50445        1.23572
C          5.29057       -0.01496        2.56255
C          4.76665       -0.88243        3.70409
C          3.24853       -0.77646        3.73772
C          2.56173       -1.72677        4.72677
N          1.39173       -2.16089        3.98072
N          0.16785       -2.52696        4.57652
C          1.42932       -1.76761        2.64444
N          0.47661       -2.03074        1.81359
N          2.63751       -1.10337        2.43018
H          0.91651        0.85826       -0.81400
H          0.58227        0.47102        0.86620
H          0.61612       -0.81959       -0.38973
H          3.14391        0.28373       -0.66075
H          5.07956        0.14773        0.43482
H          5.09194       -1.51208        1.02316
H          5.00384        1.03295        2.72954
H          6.38314       -0.04923        2.53086
H          5.18955       -0.54680        4.65696
H          5.08709       -1.92195        3.55106
H          2.96330        0.25222        3.98709
H          2.29641       -1.20849        5.65564
H          3.18507       -2.59370        4.97131
H          0.30247       -2.76222        5.55849
H         -0.16948       -3.39607        4.15230
H         -0.25613       -2.46678        2.37642
