30

C          0.77691        0.02162        0.27084
C          2.29360        0.06798        0.15013
O          2.76885        1.41772        0.32225
C          3.24666        2.05700       -0.88782
C          4.26974        3.10358       -0.47235
C          2.03488        2.65495       -1.60205
C          1.63951        1.61259       -2.64969
C          2.55229        0.41373       -2.45002
N          2.77809       -0.34213       -3.69712
C          3.83325        1.05496       -1.90243
O          4.24848       -0.19616       -1.28353
C          2.80380       -0.52938       -1.17296
C          2.65899       -2.04537       -1.23578
H          0.45631        0.48534        1.21188
H          0.40586       -1.00651        0.24790
H          0.27856        0.57067       -0.52954
H          2.71158       -0.49555        0.99231
H          3.82807        3.82917        0.21837
H          4.67509        3.63817       -1.33644
H          5.10580        2.62943        0.05575
H          2.27347        3.60276       -2.09808
H          1.20321        2.84625       -0.91479
H          1.82289        2.06555       -3.63367
H          0.57552        1.35917       -2.61986
H          2.48741        0.13880       -4.54642
H          2.30045       -1.24352       -3.72720
H          4.55235        1.43216       -2.64046
H          3.06767       -2.50976       -0.32987
H          3.21271       -2.47134       -2.07840
H          1.61275       -2.34545       -1.33065
