20

C          3.14720        1.64807       -0.60071
N          2.44579        0.38683       -0.38290
N          3.26382       -0.67248       -0.76654
S          4.07731       -1.60248        0.40879
C          4.53395       -2.69315       -0.81235
C          4.07063       -2.42454       -2.03869
C          3.95970       -3.75661       -2.64191
C          5.29425       -4.52355       -2.25336
C          4.63198       -4.16894       -0.85631
O          3.36145       -4.67166       -1.56166
C          3.20632       -1.24391       -2.04744
O          2.56101       -0.87263       -3.01264
H          2.47918        2.48562       -0.38264
H          3.48713        1.74490       -1.63779
H          4.01444        1.72950        0.06316
H          1.62254        0.36374       -0.99186
H          3.52172       -3.89404       -3.62939
H          6.24268       -4.03733       -2.49549
H          5.33266       -5.58694       -2.50966
H          4.89635       -4.73943        0.03315
