25

C          0.85976       -0.04779        0.31877
C          2.32811       -0.03792        0.10944
C          2.95439        0.01959       -1.27725
N          3.09789        1.06522       -0.40710
C          2.67073        2.31087       -0.10067
C          1.77839        3.22153       -0.90336
O          1.39502        4.47318       -0.29580
C          3.23442        3.06094       -1.25307
O          3.53298        2.51576       -2.59538
C          2.63609        1.60795       -3.12378
C          2.29486        0.45087       -2.52775
C          1.19158       -0.39769       -3.08611
H          0.46184       -1.03736        0.07038
H          0.32642        0.69665       -0.27881
H          0.63388        0.13871        1.37312
H          2.83358       -0.65884        0.84447
H          3.82597       -0.60859       -1.44245
H          2.86911        2.65247        0.90844
H          1.02582        2.76450       -1.53404
H          2.12194        4.88521        0.19867
H          3.91163        3.86281       -0.96817
H          2.22954        1.97798       -4.05705
H          0.65590        0.11951       -3.89077
H          0.44630       -0.62192       -2.31724
H          1.57912       -1.34063       -3.47652
