31

C         -2.51471       -1.04109       -0.30259
C         -1.14325       -0.54019       -0.27851
C          0.00273       -0.17512       -0.33727
C          1.35825        0.19588       -0.53073
C          2.34229       -0.27115        0.24604
C          3.80406       -0.01153       -0.02336
C          4.64560       -1.31628       -0.10508
C          4.22277       -2.25865       -1.26877
C          4.24756       -1.67033       -2.68420
N          3.80265       -2.67871       -3.65450
N          6.08851       -0.99428       -0.21235
C          6.66553       -0.39738        0.99663
C          6.93982       -1.82818        0.64523
H         -3.08975       -0.55281       -1.09427
H         -3.02058       -0.86252        0.65023
H         -2.52054       -2.11909       -0.49612
H          1.58143        0.83107       -1.38550
H          2.10512       -0.89270        1.10696
H          4.16687        0.61081        0.80250
H          3.93739        0.58325       -0.93273
H          4.45294       -1.88121        0.81917
H          3.20874       -2.62672       -1.06320
H          4.86773       -3.14836       -1.24737
H          5.25330       -1.33614       -2.95685
H          3.57148       -0.81418       -2.76368
H          4.43524       -3.47772       -3.63162
H          3.86569       -2.29567       -4.59721
H          6.03582       -0.20490        1.85661
H          7.45820        0.32473        0.83684
H          6.49328       -2.58990        1.27417
H          7.92673       -2.06741        0.26847
