25

C          1.09743        0.38912       -0.04020
C          2.54372       -0.12027        0.21172
C          2.67652       -0.21593        1.74108
C          2.86878       -1.34749       -0.84398
O          2.24124       -2.62193       -0.63819
C          2.78622       -0.71039       -2.21354
C          3.36040        0.50035       -2.06653
C          3.77853        0.54243       -0.62014
C          4.58718        1.66929       -0.12508
C          4.04831        2.82794        0.26729
S          4.65530       -1.14833       -0.41099
O          5.55815       -1.40878       -1.52025
O          4.99918       -1.49257        0.95237
H          0.37630       -0.30287        0.41376
H          0.82801        0.47017       -1.09639
H          0.94506        1.37691        0.40623
H          2.27851       -1.16745        2.10614
H          2.11137        0.58661        2.23244
H          3.69448       -0.08512        2.11082
H          1.30699       -2.48054       -0.86078
H          2.40050       -1.16247       -3.11283
H          3.53634        1.25366       -2.81871
H          5.66745        1.53775       -0.08796
H          2.98104        3.02114        0.25286
H          4.69249        3.63054        0.62333
