21

C          2.09866        1.57992       -3.20955
C          2.73483        0.55480       -2.62683
C          3.07515        0.50880       -1.16451
C          4.54976        0.39431       -0.94051
C          5.39776        1.44704       -0.78791
C          6.81345        0.96378       -0.54795
O          7.80304        1.64828       -0.37538
C          6.67876       -0.46208       -0.56510
C          5.36726       -0.73686       -0.79387
N          5.15416       -2.06852       -0.81695
C          6.38601       -2.66721       -0.59340
C          7.35267       -1.67800       -0.43460
H          1.87746        1.56875       -4.27226
H          1.78876        2.45343       -2.64360
H          3.02677       -0.29920       -3.23524
H          2.56472       -0.34679       -0.70647
H          2.69330        1.40010       -0.65152
H          5.16564        2.49799       -0.82363
H          4.27598       -2.55113       -0.96247
H          6.46547       -3.74601       -0.56488
H          8.40594       -1.83671       -0.24356
