18

O          0.95642        0.40638       -0.85480
C          2.21571        0.31712       -0.44424
C          3.20699        1.25838       -0.33235
C          3.23730        2.71731       -0.62374
C          2.29286        3.85725       -0.69800
N          2.59751        3.28522        0.58269
C          3.57713        3.56032        1.50343
N          4.66112        2.93278        1.83045
C          5.17000        1.74186        1.28494
O          6.35778        1.46947        1.39931
C          4.23731        0.82280        0.56962
N          4.27475       -0.50251        0.75297
S          2.90026       -1.16648        0.08395
H          0.67491        1.32206       -0.68704
H          4.25617        3.07017       -0.81185
H          1.29557        3.67812       -1.06961
H          2.69437        4.84994       -0.85457
H          3.29725        4.43652        2.11231
