29

C          1.81836       -0.33623       -0.85302
N          2.94756        0.09252       -0.00267
C          3.13940       -0.99338        1.04561
C          2.11400       -0.18907        1.88394
C          2.57633        1.06038        1.08018
C          1.72127        2.21339        0.60128
C          2.74236        3.31219        0.30045
O          3.93138        3.06857        1.05270
C          3.76962        1.82017        1.62281
C          4.47184        1.52105        2.72098
C          4.56480       -1.50823        0.69915
C          5.33907       -2.53991        1.48809
N          4.75291       -2.87114        0.19774
H          1.90139       -1.39148       -1.12898
H          1.80196        0.24197       -1.77628
H          0.82313       -0.21743       -0.38445
H          3.79050       -0.82966        1.93482
H          2.22331       -0.17005        2.97482
H          1.07082       -0.49107        1.71517
H          1.05386        2.54958        1.40193
H          1.09661        2.03452       -0.27684
H          2.35858        4.29548        0.59443
H          3.00503        3.35210       -0.76179
H          5.23994        2.20676        3.06338
H          4.30416        0.65056        3.34086
H          5.16192       -0.73695        0.21313
H          4.88595       -2.97400        2.36882
H          6.41561       -2.41807        1.52398
H          3.90111       -3.41816        0.30869
