26

C          1.13664       -0.14238       -0.46801
C          2.57184        0.17013       -0.13276
C          3.13002        1.32949       -0.52792
C          3.36948       -0.85579        0.65364
C          3.47835       -2.22576       -0.07645
C          4.05938       -2.36774       -1.43626
C          3.01045       -3.22467        0.71477
C          2.57965       -2.69643        1.95900
C          2.77903       -1.34291        1.93350
S          2.33696       -0.67160        3.39296
N          1.84341       -2.13140        4.07459
C          2.03811       -3.12324        3.18697
C          1.69080       -4.51707        3.56388
H          0.68347        0.64220       -1.08443
H          0.53407       -0.23220        0.44076
H          1.06173       -1.07678       -1.03300
H          2.56993        2.06792       -1.09348
H          4.16376        1.57269       -0.29922
H          4.38881       -0.49437        0.84486
H          4.39738       -1.40430       -1.82853
H          3.31852       -2.77307       -2.13127
H          4.92637       -3.03690       -1.41308
H          2.98417       -4.27460        0.45703
H          1.25429       -4.57066        4.56669
H          2.58466       -5.14912        3.54980
H          0.96444       -4.93219        2.85764
