29

C          1.01399        0.21356        0.07097
C          2.53129        0.05088        0.07071
C          3.09128       -0.39199       -1.32366
C          3.95071        0.67521       -1.95148
C          4.53113        0.48741       -3.33170
N          3.44745        1.43500       -3.09106
C          3.92009       -1.64376       -0.95495
C          4.45853       -1.30803        0.44074
C          3.05862       -1.07151        1.01284
C          3.02739       -0.75662        2.49242
N          2.43667       -2.33134        0.66955
C          2.89291       -2.70451       -0.59276
O          2.45458       -3.59578       -1.29277
H          0.71885        1.03072       -0.59440
H          0.64589        0.44649        1.07482
H          0.50340       -0.69249       -0.27338
H          2.96993        1.01129        0.37294
H          2.27392       -0.66718       -2.00396
H          4.55715        1.23062       -1.24433
H          4.28679       -0.40322       -3.89733
H          5.50202        0.92134       -3.53837
H          2.56450        1.06111       -3.44573
H          4.66526       -1.98498       -1.67383
H          5.10675       -0.42665        0.46804
H          4.97504       -2.15683        0.90448
H          3.58320        0.16125        2.71216
H          3.47576       -1.56760        3.07720
H          2.00076       -0.62704        2.84948
H          1.57980       -2.71871        1.04756
