29

C          7.01686       -1.58584        1.64653
C          6.50371       -1.26750        0.25096
N          5.04127       -1.27593        0.25651
C          4.47349       -1.00060       -1.06644
C          4.81149       -2.03858       -2.10428
C          5.52807       -1.68798       -3.26153
C          5.83764       -2.64317       -4.24355
C          5.43483       -3.97082       -4.09209
C          4.75379       -4.32534       -2.94327
C          4.43553       -3.37399       -1.97273
C          3.65630       -4.03563       -0.88672
C          3.87155       -5.51708       -1.24054
N          4.20885       -5.60542       -2.67120
H          8.11155       -1.60068        1.64961
H          6.66641       -2.56870        1.98033
H          6.68618       -0.83663        2.37370
H          6.90196       -2.02365       -0.43425
H          6.88188       -0.28826       -0.06311
H          4.70394       -0.56825        0.90708
H          4.78046       -0.00087       -1.40091
H          3.38049       -0.96145       -0.97581
H          5.85181       -0.65933       -3.41265
H          6.38627       -2.34423       -5.13281
H          5.64827       -4.70366       -4.86227
H          2.59931       -3.76008       -0.95463
H          4.03657       -3.82359        0.11554
H          2.98099       -6.11274       -1.01484
H          4.70235       -5.92828       -0.65185
H          4.86963       -6.34035       -2.90795
