27

C          0.50886        0.56337       -0.10890
N          1.83632       -0.01965       -0.10458
C          2.98073        0.91578       -0.06002
C          2.97811        1.68523        1.26763
N          3.80818        1.69735        2.27468
O          4.94125        0.88884        2.11233
C          4.69444       -0.43819        2.59113
C          6.01401       -1.11149        2.93858
O          3.96878       -1.22784        1.65165
C          4.45080       -1.18290        0.30724
C          4.29614        0.18593       -0.38507
C          4.44129        0.05715       -1.88634
O          4.58288       -0.99889       -2.49132
H         -0.22246       -0.24500       -0.00396
H          0.30206        1.08522       -1.04653
H          0.34124        1.24247        0.73065
H          1.92171       -0.66078       -0.89453
H          2.81394        1.68441       -0.82834
H          2.11583        2.36146        1.39997
H          4.09309       -0.38418        3.50664
H          6.68986       -1.14224        2.07823
H          5.84450       -2.14359        3.26251
H          6.53270       -0.56275        3.73028
H          3.87092       -1.93878       -0.23504
H          5.48874       -1.52598        0.25906
H          5.14749        0.82330       -0.11282
H          4.44604        1.01360       -2.44188
