31

C          0.90501       -0.15905        0.34494
C          2.41434       -0.01533        0.09883
C          2.86506        1.45002        0.32812
N          2.22594        2.44671       -0.56108
C          2.70562        3.78636       -0.19569
C          2.53859        2.19418       -1.97138
C          3.24067       -1.01588        0.94785
C          2.86557       -2.47489        0.65558
C          2.66590       -3.02234       -0.73861
C          4.01830       -3.08654       -0.10564
N          5.01091       -2.07324       -0.21956
C          4.73083       -0.95371        0.54668
O          5.53435       -0.08692        0.82753
H          0.34227        0.28074       -0.48610
H          0.59895        0.34845        1.26537
H          0.59238       -1.20431        0.42007
H          2.60305       -0.26322       -0.95109
H          3.94902        1.53663        0.20742
H          2.64431        1.71269        1.37145
H          2.30467        4.07853        0.78155
H          2.36234        4.53986       -0.91418
H          3.80000        3.83864       -0.15157
H          2.08136        1.26245       -2.31895
H          3.61789        2.14588       -2.15569
H          2.11467        2.97905       -2.60715
H          3.14934       -0.82551        2.02037
H          2.48742       -3.01702        1.51404
H          2.50525       -2.34619       -1.56716
H          2.10917       -3.94845       -0.83480
H          4.39270       -4.05672        0.19655
H          5.96530       -2.24108       -0.51137
