26

C          1.25716       -0.26879        0.22945
C          2.74993       -0.28568        0.00781
C          3.40399       -1.45900       -0.09622
C          4.74916       -1.57491       -0.61903
C          5.40096       -2.50617       -1.57631
C          4.55710       -1.40742       -2.14528
C          4.89308       -0.03530       -2.64319
O          5.26277        0.76328       -1.51999
N          4.29233        1.59495       -0.94346
C          3.37406        1.10134       -0.16836
C          2.82504        2.13893        0.81427
C          3.82544        0.59120       -3.53960
O          3.00682       -0.04054       -4.20400
H          0.82010       -1.27057        0.15978
H          0.77267        0.33991       -0.54422
H          0.99899        0.13971        1.20992
H          2.86151       -2.38840        0.06162
H          5.47851       -1.00503       -0.04721
H          5.03092       -3.52333       -1.62025
H          6.47704       -2.43155       -1.69512
H          3.65630       -1.77937       -2.62751
H          5.79204       -0.10023       -3.26653
H          3.45667        3.03413        0.82431
H          2.84373        1.71784        1.82637
H          1.80643        2.42807        0.55135
H          3.88577        1.68815       -3.64617
