26

C          0.79841       -0.27642       -1.83580
C          2.30959       -0.35298       -1.98912
N          2.92254       -0.75140       -0.71697
C          4.35547       -1.03088       -0.86726
C          5.18094        0.24729       -1.12873
C          6.67717       -0.07430       -1.17338
C          7.17743       -1.27410       -0.32079
N          7.21582       -2.04808       -1.56872
C          7.13272       -0.94414       -2.36309
O          7.38613       -0.79693       -3.53109
C          6.19336       -1.82479        0.63563
C          4.87717       -1.70388        0.38365
H          0.34296        0.05580       -2.77447
H          0.51475        0.43366       -1.05237
H          0.37502       -1.25542       -1.58496
H          2.67579        0.62869       -2.30391
H          2.54447       -1.07807       -2.77782
H          2.46308       -1.60876       -0.40915
H          4.48002       -1.74722       -1.68982
H          4.99690        0.97748       -0.32891
H          4.88961        0.72873       -2.06894
H          7.28955        0.82867       -1.05858
H          8.17943       -1.15743        0.10788
H          7.82746       -2.79870       -1.84981
H          6.54811       -2.30490        1.54166
H          4.16703       -2.10318        1.10084
