33

C          7.49734       -0.37465        1.07158
N          6.69925       -0.51588       -0.14088
C          5.32780       -0.92742        0.18398
C          4.45245       -1.10465       -1.06792
C          4.99365       -2.12614       -2.02570
C          5.15412       -3.55927       -1.59656
N          4.11361       -3.17791       -2.54853
C          4.41302       -3.54843       -3.95748
C          4.50909       -5.07839       -4.10582
C          3.28340       -3.01135       -4.88583
O          2.01685       -3.58932       -4.53151
C          3.15210       -1.48137       -4.85927
O          2.21054       -1.01420       -5.82690
H          8.51297       -0.06679        0.80473
H          7.56767       -1.32103        1.61816
H          7.08360        0.39194        1.73389
H          7.13654       -1.22173       -0.73550
H          4.85946       -0.16789        0.82225
H          5.34620       -1.86706        0.74885
H          4.35833       -0.14330       -1.59133
H          3.43699       -1.38500       -0.74304
H          5.75751       -1.70484       -2.67105
H          4.79077       -3.85476       -0.62821
H          6.04316       -4.08298       -1.93623
H          5.36288       -3.11947       -4.30189
H          3.60072       -5.57839       -3.76324
H          5.35250       -5.48847       -3.53844
H          4.66902       -5.34843       -5.15483
H          3.48167       -3.33408       -5.91503
H          1.92336       -3.44076       -3.56895
H          4.11307       -1.01072       -5.08991
H          2.80589       -1.12784       -3.88538
H          1.91780       -1.77967       -6.35614
