24

C          1.05992        0.07174        0.01099
C          2.58339        0.01107        0.07878
C          3.08971       -1.44933        0.15994
S          3.39621       -1.78700        1.91172
O          2.20176       -2.36449        2.49430
O          4.69573       -2.40634        2.05958
C          3.48786       -0.14812        2.30676
C          3.09282        0.65630        1.32056
C          3.40801        2.06911        1.63761
N          4.17476        1.90100        2.87457
C          4.15222        0.53739        3.40883
C          4.98064        2.88985        3.36696
O          5.11677        3.99978        2.87192
H          0.69410       -0.44574       -0.88258
H          0.70957        1.10861       -0.03433
H          0.59431       -0.40092        0.88341
H          3.00290        0.48854       -0.81371
H          4.05689       -1.54144       -0.34948
H          2.39196       -2.18974       -0.24028
H          2.51342        2.66192        1.84686
H          4.02435        2.55633        0.87736
H          3.56207        0.53000        4.32951
H          5.17167        0.19629        3.60321
H          5.51944        2.58696        4.28158
