19

C          1.49073        0.39550       -0.35485
N          2.77340        0.25391       -0.32670
N          3.28386        0.77151        0.86160
C          4.54355        0.52940        1.04858
N          5.25358        0.86480        2.18091
O          6.61367        0.55577        2.02925
C          6.64574       -0.08894        0.74958
C          7.47564       -1.30899        0.54221
C          7.90175        0.00930       -0.06229
C          9.07690        0.62682        0.50495
C         10.04327        1.10378        1.03362
O          5.35945       -0.07765        0.14108
H          0.90991        0.01175       -1.20725
H          0.92279        0.89103        0.45222
H          5.06791        1.80474        2.51121
H          7.10614       -2.06582       -0.13987
H          8.01234       -1.70305        1.39537
H          7.77645        0.13241       -1.13046
H         10.89270        1.51063        1.52918
