30

C          0.93142        0.11565       -0.21322
C          2.45658        0.09305       -0.13509
O          2.94691        0.57264       -1.39370
C          3.05039        0.91123        1.05568
C          2.53306        0.37673        2.39624
C          4.59226        0.91767        1.05092
C          4.88509        2.25571        0.49426
C          3.76358        2.97515        0.42710
O          2.63377        2.30134        0.91772
C          3.63683        4.30896       -0.16073
N          2.33561        4.98335       -0.10132
C          3.42167        5.51301        0.71664
C          4.03983        6.81700        0.34389
H          0.59138       -0.39218       -1.12277
H          0.54957        1.14056       -0.26811
H          0.47314       -0.38552        0.64337
H          2.78570       -0.94949       -0.05391
H          2.68296        1.51067       -1.45474
H          2.77814       -0.68372        2.52044
H          1.45137        0.50363        2.49340
H          2.97328        0.93078        3.23461
H          5.01073        0.11312        0.43807
H          5.02190        0.83775        2.05594
H          5.85816        2.57986        0.15860
H          4.17265        4.44880       -1.09539
H          1.69597        4.41640        0.46137
H          3.32008        5.38961        1.78854
H          4.12806        6.94014       -0.74142
H          5.04404        6.89064        0.77289
H          3.44207        7.64800        0.73128
