25

C          1.17708       -0.06418       -0.01755
C          2.66644        0.07793       -0.04204
N          3.22117        1.23941        0.02143
C          4.57649        1.30482        0.00185
O          5.19818        2.36313        0.01677
N          5.26482        0.13343       -0.03298
C          4.68481       -1.08823       -0.09912
O          3.28769       -1.13230       -0.12604
C          5.39965       -2.22215       -0.14118
C          6.89284       -2.32816        0.00257
C          7.68822       -2.39305       -1.27001
C          7.65507       -1.33538       -2.35008
C          8.84141       -1.42991       -1.43726
H          0.70652        0.92417       -0.01100
H          0.87260       -0.60234        0.88397
H          0.84187       -0.60576       -0.90540
H          6.26797        0.24048       -0.05688
H          4.86449       -3.16774       -0.20408
H          7.10619       -3.23903        0.57754
H          7.26508       -1.51730        0.64061
H          7.82702       -3.41686       -1.60315
H          6.99748       -0.48145       -2.25225
H          7.80057       -1.65081       -3.37910
H          8.97619       -0.62668       -0.72008
H          9.77231       -1.81823       -1.83420
