29

C          1.68836        1.16194        0.14616
O          2.08691       -0.18901       -0.06994
C          2.78923       -0.51359       -1.31329
C          1.92683       -0.35522       -2.61035
C          2.23449       -1.81973       -3.01069
N          0.95087       -2.54158       -3.13286
C          3.15088       -2.10500       -4.19582
O          2.58524       -1.56872       -5.38954
C          2.78766       -2.06329       -1.58692
C          4.17191        0.17667       -1.33894
C          5.04355       -0.23787       -0.15682
O          4.88220       -0.09184       -2.54642
H          1.20967        1.22107        1.12849
H          0.97038        1.47804       -0.61281
H          2.54984        1.83138        0.15540
H          2.28710        0.40411       -3.31350
H          0.86929       -0.13645       -2.41370
H          0.38805       -2.23251       -3.92514
H          0.33696       -2.45245       -2.32120
H          3.29748       -3.18263       -4.33614
H          4.14120       -1.66771       -4.08416
H          1.82695       -2.13853       -5.60372
H          3.76524       -2.55442       -1.54629
H          2.12651       -2.61508       -0.90420
H          4.03804        1.26230       -1.31816
H          5.24256       -1.31538       -0.17143
H          4.57955        0.01187        0.79870
H          6.01755        0.25868       -0.21705
H          5.36312       -0.93070       -2.44191
