23

C          1.06869        0.20769        0.16180
C          2.40377        0.20765        0.08872
C          3.19861        1.41411        0.05072
C          4.53304        1.37833       -0.03857
C          5.32640        2.62170       -0.07801
N          6.61584        2.57986       -0.20247
N          7.16947        3.85731       -0.18647
C          8.46518        3.82263       -0.16477
C          9.37947        2.63170       -0.18286
N         10.69478        3.18577        0.22063
N         10.59963        4.58595        0.07223
C          9.31905        5.05244       -0.11242
O          8.93725        6.19887       -0.20477
H          0.52044       -0.72941        0.18691
H          0.48734        1.12376        0.19558
H          2.92635       -0.74715        0.05790
H          2.67028        2.36560        0.09265
H          5.09672        0.45279       -0.08454
H          4.77179        3.57572        0.00983
H          9.42749        2.24212       -1.20538
H          9.05653        1.84910        0.50960
H         11.41905        2.81898       -0.40422
H         11.35326        5.22682        0.30238
