26

C          0.94040       -0.16862        0.11482
C          2.45526       -0.12203       -0.07915
C          2.96594        1.34514       -0.08725
N          3.46281        1.93772        1.16802
C          4.86393        1.65295        1.53297
C          5.78410        1.46956        0.36698
C          6.06282        0.17921        0.12008
C          5.46480       -0.76085        1.14008
C          5.05625        0.27984        2.17342
O          4.87107        0.04029        3.36395
C          4.22623       -1.48911        0.67698
C          4.23329       -2.74518        0.21330
O          3.01166       -0.89899        0.98764
H          0.41942        0.35654       -0.69293
H          0.65007        0.27710        1.07134
H          0.59079       -1.20717        0.12937
H          2.67686       -0.58782       -1.04760
H          2.14649        1.98705       -0.43450
H          3.69909        1.45147       -0.89674
H          2.86190        1.64572        1.94180
H          5.24477        2.40882        2.22320
H          6.12582        2.30331       -0.22748
H          6.67813       -0.16448       -0.70284
H          6.23363       -1.41784        1.55280
H          5.14830       -3.30068        0.05705
H          3.29314       -3.25860        0.01906
