23

C          0.97154       -0.08579       -0.22543
C          2.50682       -0.02006       -0.18220
C          2.91714        1.21028        0.62547
C          3.41490        1.13389        1.87259
C          3.57651       -0.17324        2.51940
C          3.74764       -0.20250        3.85505
C          3.88826       -1.40632        4.71669
N          4.09209       -1.12215        6.03472
O          3.82307       -2.56254        4.33423
C          3.58462       -1.35904        1.66708
C          3.06700       -1.30024        0.42683
C          3.03080        0.11035       -1.56577
N          3.41977        0.20325       -2.65550
H          0.54137       -0.12894        0.78284
H          0.61751       -0.96835       -0.77282
H          0.54683        0.79457       -0.72437
H          2.78619        2.18580        0.16278
H          3.68898        2.03656        2.41002
H          3.72678        0.73391        4.40588
H          4.20273       -0.19342        6.41334
H          4.19786       -1.91109        6.65921
H          4.01266       -2.28997        2.02779
H          3.06568       -2.19972       -0.18605
