31

C          1.06336        0.13752        0.64095
C          2.53833        0.11603        0.23011
C          2.92653        0.98797       -0.99638
N          1.81981        1.55369       -1.75912
C          3.81774        0.09112       -1.88848
C          3.63880       -1.33580       -1.46118
C          2.35585       -2.11657       -1.12982
N          1.17273       -1.74487       -1.91283
C          2.38876       -3.53716       -0.53884
O          1.05599       -4.05188       -0.47238
C          2.93497       -3.41090        0.89774
C          3.71609       -2.10520        0.92520
C          3.03184       -1.26998       -0.10922
H          0.80339        1.09716        1.09711
H          0.84391       -0.65683        1.36286
H          0.37945       -0.01053       -0.19993
H          3.11174        0.47762        1.09334
H          3.51783        1.83936       -0.64199
H          1.27460        0.77386       -2.13599
H          2.18684        2.05633       -2.56847
H          4.86925        0.36406       -1.69539
H          3.65133        0.23059       -2.95825
H          4.51062       -1.93778       -1.68503
H          0.45783       -2.47702       -1.79415
H          1.38957       -1.79504       -2.90732
H          2.99885       -4.20469       -1.15468
H          0.55880       -3.42412        0.08498
H          3.56237       -4.26493        1.17264
H          2.12273       -3.36227        1.63206
H          4.76443       -2.28290        0.65268
H          3.71465       -1.65122        1.92550
