24

C          1.03964       -0.02819       -0.06183
C          2.38309       -0.01899       -0.00038
C          3.17054       -1.27312        0.32574
C          4.03894       -1.05607        1.55037
C          3.43379       -0.11717        2.56272
C          3.67730        1.32090        2.14698
N          3.57040        1.87315        0.97154
N          3.15279        1.14129       -0.13219
C          3.46367        1.62787       -1.39854
N          4.15833        2.67467       -1.70259
C          5.26582       -1.60546        1.62382
C          6.22566       -1.38177        2.72412
O          7.32562       -1.93026        2.72568
H          0.46510       -0.93605        0.09143
H          0.48466        0.88920       -0.23504
H          3.78202       -1.53896       -0.54665
H          2.49726       -2.11739        0.51649
H          3.85885       -0.26228        3.56008
H          2.35796       -0.28503        2.68723
H          3.97231        1.99459        2.97051
H          3.06299        0.99783       -2.21154
H          4.43139        3.09739       -0.80450
H          5.64940       -2.24226        0.83081
H          5.92181       -0.70500        3.53351
