21

C          1.57243       -0.41296       -0.90081
O          2.72394       -0.08203       -0.11608
C          3.30604       -1.11709        0.54096
N          2.96176       -2.35955        0.35292
N          3.61842       -3.27074        1.14334
C          3.79831       -2.91438        2.55165
C          4.73324       -3.74349        3.39482
O          5.32083       -2.79018        4.29854
N          5.39789       -1.54778        3.60872
C          4.57981       -1.64055        2.61208
C          4.29600       -0.65065        1.54854
C          4.93737        0.52483        1.50177
H          1.15026        0.51805       -1.29083
H          0.81103       -0.89828       -0.28107
H          1.85418       -1.04981       -1.74337
H          3.20493       -4.19994        1.04378
H          2.83662       -2.76352        3.05499
H          5.53774       -4.21363        2.81935
H          4.20237       -4.51310        3.96313
H          5.67505        0.79466        2.25246
H          4.76077        1.23730        0.70215
