23

C          4.35485       -6.85611        6.37507
N          5.13705       -5.61040        6.30415
C          4.41734       -4.63217        5.45424
C          5.16420       -4.52135        4.09100
C          6.37930       -5.40129        4.23970
C          7.48047       -4.90894        5.13699
N          7.53879       -3.48021        5.34486
C          6.68142       -2.77587        4.69115
O          6.68457       -1.39145        4.65846
N          5.54216       -0.99076        3.82351
C          4.98858       -2.10848        3.46078
N          5.64952       -3.18294        3.90868
C          6.43896       -5.88682        5.64765
H          3.37837       -6.68257        6.83858
H          4.87376       -7.60302        6.98708
H          4.19335       -7.29133        5.37911
H          4.40207       -3.67425        5.99077
H          3.36380       -4.89496        5.29519
H          4.53060       -4.85789        3.26464
H          6.58545       -6.07225        3.42502
H          8.47231       -5.35120        5.07542
H          4.07904       -2.24144        2.85832
H          6.85908       -6.86670        5.86172
