26

C          0.86273       -0.11206       -0.03856
C          2.37617        0.08005        0.03533
C          2.94498        1.27045       -0.77177
C          3.88455        2.03726        0.19935
C          4.10183        1.07538        1.35634
N          2.88871        0.29391        1.38739
C          2.56327       -0.44418        2.49822
O          3.17457       -0.42495        3.55889
C          3.16822        3.33004        0.65032
C          1.83628        3.29987       -0.01443
C          0.68594        3.86025        0.36846
C          1.90226        2.29596       -1.09825
O          1.15254        2.26388       -2.06536
H          0.52526       -0.17342       -1.07800
H          0.32468        0.70032        0.46100
H          0.55914       -1.04303        0.45019
H          2.85470       -0.84108       -0.32334
H          3.47012        0.95476       -1.67783
H          4.84158        2.29442       -0.26933
H          4.30421        1.55816        2.31713
H          4.92812        0.38744        1.13741
H          1.64619       -1.03908        2.37490
H          3.73093        4.20033        0.29541
H          3.07885        3.40819        1.73913
H          0.63137        4.49666        1.24463
H         -0.23757        3.65802       -0.16678
