23

C          0.92770        0.02755        0.18486
C          2.44299        0.07699        0.16047
N          2.95145        0.58915       -1.13295
C          4.12364       -0.30060       -1.01130
C          3.28784       -1.22622       -0.06811
O          4.02239       -1.68824        1.10091
C          4.04265       -3.04482        1.09939
O          4.58587       -3.74037        1.93611
N          3.33211       -3.50146        0.03010
C          2.57139       -2.46548       -0.60844
C          2.54186       -2.63364       -2.11208
H          0.50943        1.03585        0.27439
H          0.57810       -0.55286        1.04497
H          0.51195       -0.42634       -0.72120
H          2.81370        0.65516        1.02015
H          3.17272        1.58520       -1.13848
H          4.98077        0.17580       -0.51790
H          4.47480       -0.72042       -1.95643
H          3.08291       -4.48153        0.02312
H          1.55786       -2.54549       -0.20076
H          3.54834       -2.73139       -2.53262
H          2.04353       -1.79041       -2.59919
H          1.99717       -3.54611       -2.37992
