31

C          0.56569       -0.11722        0.34158
C          2.06523        0.09639        0.34113
N          2.46059        1.07853       -0.73887
C          2.26760        2.47749       -0.39351
C          3.86077        0.53233       -0.61878
C          4.70386        1.03227        0.58998
C          4.83248        0.02878        1.72471
C          5.35114        0.48036        3.06164
N          4.54305       -1.23261        1.62380
N          3.99850       -1.64638        0.48829
C          3.11729       -0.85489       -0.37911
C          2.45087       -1.78788       -1.39875
N          3.40833       -2.52194       -2.25192
H          0.06748        0.75053        0.79105
H          0.30334       -0.99380        0.93885
H          0.15774       -0.24270       -0.66536
H          2.34610        0.40619        1.36204
H          1.23637        2.75332       -0.65148
H          2.91771        3.11345       -1.00010
H          2.40581        2.71455        0.66094
H          4.43263        0.60003       -1.55520
H          4.29259        1.94561        1.03033
H          5.71334        1.30365        0.25133
H          5.33756        1.56750        3.15100
H          6.36507        0.10111        3.21151
H          4.70374        0.05531        3.83442
H          4.63752       -2.24313       -0.06014
H          1.73247       -1.27135       -2.03604
H          1.88053       -2.54303       -0.83723
H          3.62141       -1.93456       -3.05690
H          2.91460       -3.33054       -2.63680
