25

C          1.09277        0.00850       -0.18125
N          2.49393        0.38782       -0.07698
C          3.13595       -0.10408        1.14281
C          4.61860        0.06091        0.79153
N          5.19254        1.26602        1.34076
C          6.20195        1.00786        2.25626
O          6.83892        1.86706        2.83832
N          6.40094       -0.38559        2.31599
C          5.45379       -1.29394        2.86517
C          5.48332       -1.02139        1.39052
C          4.50236        0.11170       -0.71329
C          5.68305        0.01130       -1.62480
N          3.29270        0.25737       -1.16863
H          0.58319        0.11452        0.78276
H          0.97957       -1.02732       -0.51807
H          0.57852        0.66439       -0.89142
H          2.88841       -1.15760        1.32280
H          2.84142        0.49159        2.01499
H          4.93248        2.20922        1.08102
H          4.68640       -0.85147        3.48766
H          5.89336       -2.20953        3.23621
H          5.97967       -1.68979        0.70281
H          6.61888        0.03688       -1.06221
H          5.66764        0.85177       -2.32649
H          5.62587       -0.92225       -2.19014
