29

C          0.88377       -0.06699        0.29131
C          2.40156       -0.03639       -0.00085
C          3.07233        0.39663        1.31958
C          2.90299       -1.45923       -0.35264
C          2.55776       -1.88409       -1.77941
C          3.03972       -0.82646       -2.77774
O          4.47699       -0.85068       -2.75075
C          2.49296        0.59984       -2.42564
C          0.97036        0.67734       -2.73721
N          2.80700        0.95520       -1.03414
C          3.05877        1.58409       -3.43634
C          3.54413        2.42838       -4.30331
H          0.67845       -0.58727        1.23505
H          0.30527       -0.60690       -0.45614
H          0.47402        0.94515        0.38342
H          2.82839       -0.30493        2.12894
H          2.73205        1.39039        1.63367
H          4.16456        0.42430        1.23104
H          2.49001       -2.19563        0.34830
H          3.99390       -1.50819       -0.23005
H          1.47937       -2.04815       -1.87915
H          3.04360       -2.84305       -1.98947
H          2.73866       -1.11820       -3.79162
H          4.73501       -0.21708       -2.04996
H          0.39357       -0.16666       -2.36111
H          0.78785        0.68190       -3.82021
H          0.53169        1.60257       -2.34338
H          2.39392        1.86152       -0.82027
H          3.95054        3.11334       -5.01096
