30

C          0.97981        0.67177        2.47269
N          2.43444        0.73755        2.35982
C          3.03433       -0.17109        1.33156
C          2.67405        0.16354       -0.12933
C          1.18346       -0.02804       -0.35695
N         -0.05312       -0.18698       -0.54577
C          4.59319       -0.14508        1.57142
C          5.47241       -1.03279        0.70399
C          5.50495        0.45806        0.49585
C          6.73289        1.23955        0.80152
O          7.67288        1.01675       -0.24390
N          5.03873       -0.00899        2.99530
C          4.74149       -1.17034        3.82476
H          0.67466        1.05484        3.45167
H          0.59357       -0.35081        2.39405
H          0.49626        1.32121        1.73480
H          2.79057        0.42217        3.26053
H          2.71114       -1.19522        1.55748
H          3.20008       -0.48204       -0.83957
H          2.91757        1.20629       -0.36374
H          5.01311       -1.64310       -0.06532
H          6.33239       -1.50510        1.16056
H          5.08677        0.82846       -0.43139
H          7.20291        0.97314        1.75165
H          6.49996        2.30935        0.81736
H          7.89571        0.07057       -0.21083
H          4.64664        0.84442        3.39645
H          5.36128       -2.02357        3.53400
H          3.69175       -1.47328        3.77247
H          4.96329       -0.93779        4.87097
