25

C          1.20445       -0.07163        0.38798
C          2.61902        0.07236       -0.18212
C          3.42810       -1.17266        0.07494
C          4.89380       -1.21730       -0.28663
C          4.46331       -1.20659        1.16025
O          4.60317       -2.45396        1.85609
C          4.67994       -0.01497        2.03489
C          4.11195        1.28842        1.54145
N          4.38247        2.35744        2.22293
N          3.85572        3.56960        1.76655
C          2.90195        3.55121        0.89722
O          2.43112        2.46786        0.24564
C          3.33815        1.36785        0.24298
H          0.73967       -0.99956        0.03275
H          0.55925        0.75048        0.05976
H          1.20983       -0.10047        1.48060
H          2.48177        0.13547       -1.27074
H          2.85303       -2.07796       -0.09815
H          5.37487       -0.33769       -0.69733
H          5.27481       -2.13793       -0.71546
H          4.82996       -3.19357        1.26715
H          5.75579        0.11905        2.20148
H          4.22572       -0.20188        3.01607
H          2.36724        4.45979        0.59398
H          4.08671        1.59040       -0.52961
