23

C          1.98170        0.79216       -1.03865
C          2.43186       -0.00182       -0.05802
C          3.16982        0.48784        1.14724
C          2.22069        0.82961        2.34553
C          3.39043        1.27381        3.24887
N          4.18283        0.03344        3.21081
C          4.10580       -0.49259        1.93433
N          4.69504       -1.51119        1.43018
C          2.96141        1.73853        4.63103
C          2.59339        2.13717        5.81665
C          4.07680        2.34246        2.43126
O          3.38241        2.99499        1.34469
C          4.02175        1.76699        1.03035
H          1.45293        0.38858       -1.89837
H          2.11586        1.87268       -1.00932
H          2.25767       -1.07641       -0.12852
H          1.68069       -0.03818        2.75059
H          1.50877        1.63566        2.14391
H          4.82804       -0.23389        3.93532
H          5.27771       -1.96908        2.13674
H          2.28965        2.46395        6.78479
H          4.94985        2.81932        2.83390
H          4.94316        1.67900        0.47196
