24

C          0.50796        1.36345       -1.44980
N          1.94778        1.57063       -1.58718
C          2.67358        0.36802       -1.15982
C          4.16575        0.50068       -1.43329
C          4.92034        1.61968       -0.63088
O          6.34202        1.73596       -0.98031
C          6.70517        0.75034       -1.96404
C          6.45175       -0.64080       -1.33895
O          7.34829       -1.18491       -2.33099
C          8.02634        0.04947       -2.34326
O          9.11413        0.29890       -2.80239
C          4.92192       -0.83704       -1.22218
O          4.35120       -1.88074       -0.92049
H         -0.02501        2.27692       -1.72973
H          0.24540        1.12135       -0.41535
H          0.15919        0.56136       -2.10763
H          2.21272        2.37712       -1.02354
H          2.30052       -0.48482       -1.74329
H          2.48523        0.15404       -0.10405
H          4.25512        0.71370       -2.50563
H          4.86703        1.42399        0.45202
H          4.47737        2.60304       -0.82154
H          6.20814        0.99854       -2.91577
H          6.90794       -0.78283       -0.33753
