31

C          1.49350        0.38712        0.20254
C          2.85617       -0.33305        0.31696
C          3.42850       -0.67708        1.74306
C          2.31283       -0.51916        2.79188
C          1.94642       -1.98796        3.04192
C          2.95782       -2.39183        4.13475
N          3.64079       -3.66282        4.15427
C          4.22063       -2.57404        3.35718
C          3.84962       -2.21447        1.93366
C          2.44549       -2.79538        1.77262
C          2.01895       -2.60527        0.30351
N          2.67802       -1.54516       -0.47911
C          3.91791       -1.88381       -1.18657
H          1.50397        1.35989        0.70308
H          0.67245       -0.21119        0.61315
H          1.22705        0.56035       -0.84838
H          3.56922        0.34681       -0.17318
H          4.28171       -0.02889        1.97066
H          1.44403        0.07185        2.51440
H          2.71639       -0.01560        3.68128
H          0.90968       -2.15150        3.34161
H          2.99857       -1.76609        5.01811
H          3.12047       -4.36782        3.63512
H          5.20304       -2.26647        3.67361
H          4.58207       -2.62426        1.23845
H          2.35608       -3.86632        1.97002
H          0.93480       -2.46606        0.26129
H          2.19483       -3.55548       -0.22379
H          3.84516       -2.84897       -1.67966
H          4.81905       -1.87597       -0.55625
H          4.09472       -1.13469       -1.96989
