26

C          2.46572        1.26395        0.73754
C          2.43193       -0.12105        0.10887
C          2.94746       -1.21375        1.04749
C          2.06270       -1.40435        2.34903
C          2.10387       -2.86399        2.51582
N          1.74195       -3.71098        3.46835
N          2.06894       -4.92387        2.87230
N          2.61998       -4.83469        1.60095
C          2.61973       -3.52407        1.42093
C          3.01272       -2.62525        0.32848
C          1.84689       -6.16911        3.49544
C          1.22887       -6.11613        4.86251
O          2.15466       -7.21947        2.93590
H          2.04144        1.99958        0.04663
H          3.49394        1.56558        0.96137
H          1.88597        1.30231        1.66436
H          3.04309       -0.10783       -0.80169
H          1.40533       -0.34957       -0.20098
H          3.96786       -0.96141        1.37148
H          1.03405       -1.06631        2.18652
H          2.49560       -0.86749        3.19782
H          2.29691       -2.68580       -0.49780
H          4.02043       -2.82499       -0.04573
H          0.93555       -5.11990        5.19529
H          1.94233       -6.52289        5.58535
H          0.32987       -6.74029        4.85821
