26

C          1.18730        1.22079       -0.55402
C          2.69658        1.25566       -0.37070
C          3.11771        0.99271        1.06628
O          2.29522        0.76179        1.95537
C          4.60342        0.93237        1.35875
C          5.32527        2.18447        1.08371
C          5.99411        3.16872        0.91737
C          6.84189        4.31046        0.76354
C          6.61993        5.18375       -0.23203
C          8.01089        4.58839        1.67699
O          8.73391        5.56675        1.52752
N          8.20349        3.66535        2.68341
C          9.27546        3.78432        3.64186
H          0.92431        1.43388       -1.59492
H          0.69458        1.96417        0.08153
H          0.77979        0.23745       -0.29519
H          3.07260        2.23796       -0.67090
H          3.15458        0.49096       -1.00697
H          5.03090        0.10449        0.78448
H          4.72484        0.68117        2.41914
H          5.80665        5.05932       -0.93835
H          7.25491        6.05700       -0.36685
H          7.57767        2.87736        2.76828
H          9.87846        4.67977        3.47538
H          9.90701        2.89595        3.55862
H          8.83545        3.81901        4.64199
