23

C          0.86424       -0.35570        0.22611
O          2.23585       -0.09148       -0.02297
C          2.82969        0.78480        0.93825
C          4.31654        0.95319        0.58790
N          4.45510        1.83189       -0.56712
C          3.68820        2.96886       -0.65635
C          2.58924        3.25272        0.06125
N          1.98637        4.48373       -0.05930
C          0.70909        4.54983        0.09774
N          0.03210        5.72013       -0.04462
C          2.18478        2.18355        1.05776
O          1.32232        2.39859        1.91813
H          0.53739       -1.12959       -0.47396
H          0.26211        0.53922        0.04733
H          0.71464       -0.72188        1.24591
H          2.77819        0.30144        1.92263
H          4.77124       -0.01500        0.35350
H          4.85945        1.39364        1.43253
H          5.38248        1.89369       -0.98195
H          4.05787        3.68859       -1.38374
H          0.04333        3.70145        0.32836
H          0.64340        6.53064       -0.07795
H         -0.78390        5.84636        0.54302
