29

N          2.69725        0.00364        1.54069
C          1.97450       -0.06306        0.27399
C          2.75771       -0.93028       -0.71436
C          2.81494       -2.41656       -0.39958
C          1.90661       -1.93686       -1.49417
C          2.22414       -2.32583       -2.87564
C          1.84291       -1.67042       -3.97911
C          3.99069       -0.22705       -1.38983
C          3.74846        1.12135       -2.00706
C          4.18881        2.52443       -2.04079
C          5.45853        2.70629       -1.66687
C          5.94416        1.41611       -1.09884
N          4.67699        0.77410       -0.71318
H          2.26718        0.71479        2.12647
H          3.63209        0.36115        1.31651
H          1.83054        0.94513       -0.12946
H          0.97510       -0.46917        0.46120
H          2.36204       -2.75529        0.52762
H          3.72355       -2.95116       -0.64846
H          0.84089       -1.96526       -1.27692
H          2.76278       -3.26077       -3.00011
H          1.28348       -0.74492       -3.92655
H          2.09033       -2.06185       -4.96318
H          4.62967       -0.91609       -1.94319
H          3.97061        0.83904       -3.05096
H          3.52275        3.30957       -2.37426
H          5.99060        3.64317       -1.65542
H          6.54051        1.60831       -0.20122
H          6.54714        0.84145       -1.81035
