29

C          2.31410       -1.61220        0.23841
C          2.44692       -0.11349       -0.00923
C          2.91810        0.26983       -1.40831
C          2.00148       -0.11771       -2.53244
C          4.10025        0.90811       -1.52972
N          4.89051        1.47142       -2.53433
N          4.33153        1.92335       -3.76103
C          3.51017        3.11289       -3.55775
C          6.29912        1.54564       -2.43791
N          7.24543        2.32365       -2.85192
N          6.90257        3.44322       -3.52437
C          6.94863        0.46331       -1.70927
C          7.48021       -0.43631       -1.11754
H          2.03460       -1.78849        1.28361
H          3.25627       -2.13693        0.05083
H          1.53681       -2.06170       -0.38654
H          3.13656        0.28145        0.74832
H          1.48413        0.37390        0.18401
H          1.10203       -0.61824       -2.15332
H          2.49315       -0.81764       -3.21488
H          1.65072        0.75361       -3.08834
H          4.64413        1.05603       -0.59525
H          3.79875        1.17918       -4.20629
H          3.97531        3.83609       -2.87894
H          2.51889        2.86086       -3.17166
H          3.36770        3.61650       -4.52013
H          7.73282        3.84917       -3.95883
H          6.23097        3.22864       -4.26453
H          7.94810       -1.23322       -0.60301
