30

C          1.11586        0.15156        1.06156
O          2.52692        0.34410        1.04721
C          2.96955        1.40653        0.17559
C          2.38530        2.74615        0.64854
C          4.55117        1.37542        0.14932
C          5.08347        2.48835       -0.77790
N          5.04260        1.64916        1.54254
C          6.42164        1.12235        1.61367
S          6.56622       -0.36055        0.62238
O          6.37143       -1.51911        1.46942
O          7.71272       -0.23564       -0.25516
C          5.05085       -0.05520       -0.28591
C          5.24823       -0.26148       -1.78458
H          0.90434       -0.81290        1.53103
H          0.70492        0.14496        0.04743
H          0.63228        0.92703        1.66279
H          2.60530        1.19282       -0.83774
H          2.58237        2.91091        1.71401
H          1.29629        2.75692        0.52940
H          2.76627        3.59413        0.07781
H          4.87752        3.48717       -0.38008
H          4.61518        2.43143       -1.76724
H          6.16782        2.42544       -0.91763
H          4.45955        1.07701        2.16824
H          6.71176        0.89897        2.64251
H          7.12016        1.85838        1.20405
H          4.35929       -0.82601        0.07458
H          6.02179        0.39839       -2.19329
H          4.32082       -0.08190       -2.33541
H          5.57377       -1.28679       -1.99050
