23

C          1.14239        0.06923        0.24771
C          2.59309       -0.09289        0.54380
C          3.11839       -0.02238        1.78241
C          4.60891        0.07019        1.76328
C          4.70395        0.50841        0.31305
N          5.47275        1.46442       -0.12108
O          6.17312        2.05796        0.94229
C          3.65266       -0.20554       -0.54845
O          3.25838        0.44323       -1.73142
C          2.68866       -0.49245       -2.64698
O          3.55101       -1.59269       -2.93377
N          3.87048       -2.37832       -1.81011
C          3.96921       -1.70186       -0.71183
H          0.60268        0.44861        1.12133
H          0.70076       -0.88387       -0.05021
H          0.98940        0.80038       -0.55437
H          2.54882        0.09404        2.69331
H          5.09211       -0.90059        1.90733
H          4.98446        0.79912        2.48389
H          6.65560        2.78273        0.51031
H          2.50484        0.03022       -3.58831
H          1.72081       -0.86084       -2.28592
H          4.27993       -2.24820        0.18909
