24

C          1.41168       -0.54034        0.16502
C          2.92491       -0.51992       -0.06470
C          3.37443        0.92133       -0.11986
N          3.73179        1.72745        0.83171
N          3.73933        1.35900        2.17680
C          4.42645        0.32305        2.52649
C          4.86984       -0.69727        1.54022
N          6.14183       -0.81165        1.31480
O          6.41161       -1.62755        0.20921
C          6.39065       -3.01015        0.55449
C          5.01199       -3.53870        0.31530
C          3.86969       -2.84069        0.42329
C          3.68294       -1.42300        0.92390
H          0.89887        0.13989       -0.52443
H          1.15868       -0.22127        1.18245
H          1.00395       -1.54488        0.01091
H          3.09969       -0.89898       -1.08207
H          3.35649        1.36990       -1.13073
H          4.61220        0.07414        3.58246
H          6.72356       -3.19001        1.58393
H          7.09105       -3.51685       -0.11786
H          4.96008       -4.57577       -0.00895
H          2.94600       -3.36392        0.17488
H          3.01524       -1.57548        1.78887
