26

N          1.22101       -0.31500        0.15396
N          2.55173       -0.08559        0.19593
C          3.25397       -0.92586        0.88608
C          2.74463       -2.08142        1.67563
C          2.59389       -3.46135        1.10709
C          3.90452       -3.06040        1.72751
C          5.02477       -2.45711        0.91523
C          4.76444       -0.93329        0.93256
C          5.23182       -0.24836        2.22331
N          6.67434       -0.41591        2.44030
N          7.14152        0.05752        3.61897
C          8.40019       -0.16569        3.80317
H          0.74076        0.46200       -0.30393
H          0.80187       -0.42705        1.07694
H          2.25480       -1.84372        2.61246
H          2.52284       -3.56136        0.03354
H          1.97465       -4.16261        1.65839
H          4.20687       -3.43569        2.69457
H          4.96276       -2.82498       -0.11758
H          6.00915       -2.73157        1.30198
H          5.19204       -0.44534        0.05076
H          4.69548       -0.65450        3.09136
H          4.98828        0.81962        2.18244
H          7.18271       -0.02841        1.64136
H          8.88207        0.18024        4.73134
H          9.04148       -0.69846        3.07951
