22

C          0.98729       -0.10112        0.03134
C          2.50172       -0.02644        0.01177
C          3.12050       -1.15951        0.87351
O          2.96925       -2.35871        0.68921
O          3.87288       -0.62795        1.90656
N          3.76463        0.73594        1.75351
C          4.26211        1.76310        2.47525
C          3.81892        2.92535        1.84589
C          4.09977        4.32488        2.26163
C          3.02836        2.51885        0.71491
C          2.36496        3.35539       -0.22625
C          1.81098        4.08227       -1.00532
C          3.02077        1.15222        0.71998
H          0.63822       -0.99870       -0.48980
H          0.54029        0.77113       -0.45724
H          0.59816       -0.14648        1.05564
H          2.91055       -0.08702       -1.00167
H          4.87207        1.60437        3.35332
H          4.72559        4.35648        3.15849
H          3.16476        4.85105        2.48045
H          4.62099        4.86233        1.46289
H          1.32405        4.74079       -1.68538
