26

C          1.18128       -0.00543       -0.01242
C          2.68742        0.08261        0.01570
C          3.35688       -0.38801        1.08586
C          3.36055        0.70583       -1.22194
C          2.85956        2.14944       -1.46276
O          3.20601        3.02495       -0.38431
O          4.78769        0.72880       -1.02275
C          5.64775        1.09250       -2.04772
C          5.36039        1.02168       -3.35794
C          6.98352        1.63115       -1.53384
O          6.72689        2.74318       -0.67009
C          7.68650        0.51791       -0.77428
N          8.26968       -0.40560       -0.14416
H          0.78181       -0.53206        0.86183
H          0.84464       -0.54447       -0.90401
H          0.73124        0.99211       -0.01298
H          2.84081       -0.82436        1.93660
H          4.44158       -0.36614        1.14604
H          3.11604        0.06101       -2.07336
H          1.77550        2.18711       -1.60634
H          3.31163        2.57507       -2.36267
H          2.94017        2.58441        0.44284
H          4.42512        0.63329       -3.74173
H          6.07524        1.35872       -4.10739
H          7.62602        1.97845       -2.34941
H          5.91864        2.51558       -0.17103
