20

C          1.33061       -0.67572       -0.63999
C          2.29169       -0.07813        0.07872
C          3.01936       -0.64957        1.17262
C          2.83641       -1.92512        1.66584
S          3.90123       -2.28746        2.95419
C          4.59101       -0.72621        2.90532
C          4.03690        0.04442        1.90171
C          5.65808       -0.24995        3.84440
N          6.12436        1.00709        3.82492
N          7.02314        1.03781        4.82343
C          7.17071       -0.15625        5.46229
C          6.29368       -1.01880        4.85075
H          0.84676       -0.14787       -1.45621
H          0.99936       -1.68987       -0.44926
H          2.55187        0.94425       -0.19412
H          2.13733       -2.68091        1.33914
H          4.35260        1.06339        1.70593
H          7.49877        1.91366        5.01458
H          7.86582       -0.28301        6.27912
H          6.13266       -2.05845        5.09705
