29

C          3.12808        1.31202        0.52730
C          2.58251        0.03298       -0.10659
C          2.86810       -0.06634       -1.61808
C          4.36098       -0.07774       -1.94654
O          4.96568       -1.23525       -1.37390
N          6.33352       -1.23998       -1.68327
C          6.86459       -2.27313       -1.12063
C          8.34452       -2.53372       -1.30624
N          8.95117       -2.11567       -2.45035
N          9.02156       -3.12267       -0.37843
C          2.77233       -1.23851        0.76685
C          1.27531       -1.48303        0.57007
N          1.11141       -0.08261        0.14316
H          4.21800        1.36125        0.44643
H          2.89017        1.36988        1.59578
H          2.71064        2.20156        0.04272
H          2.41070        0.78862       -2.13300
H          2.41113       -0.97387       -2.03263
H          4.86368        0.82413       -1.57868
H          4.49036       -0.11477       -3.03437
H          6.32284       -3.00494       -0.50091
H          8.49556       -1.33106       -2.90580
H          9.95462       -2.01164       -2.34577
H          8.42817       -3.36611        0.42001
H          3.04613       -1.04064        1.81010
H          3.41685       -2.03311        0.38631
H          0.72470       -1.75322        1.47655
H          1.03459       -2.21144       -0.21221
H          0.76807        0.51899        0.89244
