29

C          0.70446        0.01275        0.04834
C          2.17005       -0.10746        0.25863
C          3.08612        1.03422       -0.02887
N          2.94715        2.12916       -0.92022
C          4.07256        2.64907       -1.29588
N          5.36041        2.33047       -0.91695
C          6.07918        1.08487       -1.28903
C          7.56172        1.36325       -0.92496
C          6.00750        0.84918       -2.80292
C          5.66941       -0.16631       -0.47127
C          4.43115       -0.92574       -0.91100
O          4.48427       -2.08425       -1.31330
C          3.13731       -0.22584       -0.88338
H          0.23431        0.41160        0.95268
H          0.27534       -0.97673       -0.14157
H          0.44687        0.66633       -0.79070
H          2.38067       -0.70820        1.13524
H          3.78232        1.19595        0.79027
H          4.05925        3.50139       -1.99714
H          5.49350        2.52852        0.07206
H          7.94050        2.25541       -1.43571
H          8.20744        0.52003       -1.19593
H          7.67367        1.53497        0.15357
H          6.43560        1.69565       -3.35349
H          4.97869        0.72446       -3.15278
H          6.57069       -0.04752       -3.08645
H          5.57529        0.06695        0.59577
H          6.48215       -0.90530       -0.52543
H          2.67125       -0.18781       -1.86860
