24

C          1.74325        1.01245        0.79421
C          2.74648        0.08326        0.14791
O          3.18318       -0.88048        0.79034
C          3.24636        0.48935       -1.30612
C          2.27061        0.05286       -2.41024
O          2.13920       -1.36640       -2.42169
C          3.81499        1.92650       -1.43367
C          5.08753        1.29933       -2.02069
N          4.62870       -0.02988       -1.58226
C          5.18765        1.34961       -3.46035
C          5.19131        1.39675       -4.65996
C          5.11362        1.44487       -6.18768
C          5.01059        1.47635       -7.38123
H          1.43247        0.60761        1.76110
H          0.86333        1.11465        0.15581
H          2.20296        1.98973        0.96002
H          2.60246        0.35718       -3.40768
H          1.27944        0.48776       -2.25277
H          3.04890       -1.71919       -2.48455
H          3.99862        2.43524       -0.47934
H          3.24970        2.60985       -2.07580
H          6.00406        1.63366       -1.52092
H          5.08554       -0.36655       -0.72954
H          4.90206        1.49670       -8.44093
