29

C          1.05494        0.19956       -0.66604
C          2.49517       -0.03966       -0.20792
N          3.39422        0.09641       -1.37150
C          2.95616        0.88404        0.94766
N          2.91032        2.30906        0.60331
C          2.71417        3.05204        1.73100
N          3.08684        4.26545        1.91713
C          1.96491        2.24374        2.75423
C          2.45444        2.32531        4.19093
C          2.87437        2.39527        5.42333
C          2.11168        0.77511        2.23896
C          2.75227       -0.21979        3.23838
N          2.86225       -1.57209        2.69371
H          0.82218       -0.39586       -1.55644
H          0.87532        1.25150       -0.90885
H          0.33861       -0.10384        0.10254
H          2.56966       -1.07864        0.13093
H          3.27266        1.02440       -1.77129
H          3.09812       -0.56114       -2.09239
H          4.00775        0.66034        1.17231
H          3.62670        2.61531       -0.04836
H          3.57959        4.60741        1.08441
H          0.91167        2.54838        2.71952
H          3.22194        2.47039        6.42781
H          1.09542        0.41984        2.03584
H          2.14653       -0.28365        4.14693
H          3.75736        0.11069        3.52480
H          1.92970       -1.96897        2.57234
H          3.32299       -2.16631        3.38422
