27

C          1.70606        1.48476        4.81836
O          2.88869        1.37025        4.02283
C          3.82618        2.33212        4.04194
N          3.78460        3.41947        4.72012
N          4.96926        2.08995        3.32365
C          5.32955        1.11192        2.38008
S          4.20081        0.27811        1.45218
N          6.74898        0.92862        2.29232
C          7.43779        0.41367        1.18650
N          6.94468        0.07750        0.04870
C          7.57768        1.16712        3.50779
C          8.25239       -0.11568        4.01269
C          8.59808        2.28902        3.30224
H          1.06682        0.62642        4.59073
H          1.15913        2.39994        4.56835
H          1.96589        1.45462        5.87925
H          2.90769        3.49427        5.23555
H          5.61995        2.85252        3.44170
H          8.52622        0.32633        1.32734
H          5.92194        0.19163        0.06313
H          6.93194        1.47553        4.33571
H          8.99516       -0.50435        3.31007
H          7.50682       -0.90033        4.18054
H          8.76509        0.07132        4.96258
H          9.38148        2.00873        2.59169
H          9.08580        2.53848        4.25103
H          8.11025        3.19409        2.92550
