30

C          1.81257        0.44936       -0.65926
C          3.22945        0.07992       -0.34895
C          3.58780       -1.16319        0.02178
C          4.88398       -1.08502        0.78659
C          6.07259       -1.46093       -0.09852
C          6.64327       -0.13185       -0.65334
C          6.87065       -0.11212       -2.16434
N          7.86809       -1.11826       -2.54933
C          5.79744        1.01893       -0.09023
C          6.55602        2.30983        0.13664
O          7.51926        2.13826        1.16742
C          5.04275        0.40118        1.02859
C          4.23509        1.11867       -0.01670
H          1.15764       -0.42978       -0.66623
H          1.71718        0.96149       -1.61819
H          1.43365        1.11341        0.12850
H          2.96403       -2.04362       -0.01480
H          4.83082       -1.65917        1.71412
H          5.80494       -2.17346       -0.88754
H          6.84102       -1.94556        0.51655
H          7.63829       -0.02915       -0.19305
H          7.24083        0.87059       -2.47561
H          5.93793       -0.29820       -2.70494
H          8.73537       -0.94789       -2.03935
H          8.09805       -1.01433       -3.53602
H          5.89274        3.13129        0.42542
H          7.07502        2.60955       -0.77441
H          7.02794        1.91211        1.97467
H          5.05256        0.75214        2.04294
H          3.82011        2.09599        0.20459
