25

C          2.38854       -1.45582        3.57344
N          3.32985       -0.99231        2.57724
S          4.60795        0.01477        3.06197
N          5.79947       -0.48678        1.92799
C          5.26641       -1.48294        1.27978
C          3.86530       -1.87961        1.69584
N          3.46536       -2.98650        1.13669
C          4.79521       -3.41650        0.66557
C          5.04922       -4.66113       -0.11991
N          6.50944       -4.50516       -0.33303
C          6.73155       -3.05195       -0.55392
C          5.58895       -2.24797        0.05081
C          5.15326       -1.22320       -1.01660
H          1.88050       -0.60639        4.03359
H          2.88374       -2.02436        4.36526
H          1.61535       -2.08941        3.12606
H          5.30167       -3.70084        1.62160
H          4.48869       -4.73161       -1.05311
H          4.85236       -5.56081        0.47529
H          6.99636       -4.77773        0.52563
H          6.69312       -2.98134       -1.65173
H          7.72508       -2.72590       -0.25646
H          5.90480       -0.41190       -1.02702
H          4.19688       -0.73304       -0.81472
H          5.12603       -1.61012       -2.03621
