34

C          0.87398       -0.18604       -0.24323
C          2.39904       -0.22041       -0.10313
C          2.96036       -1.47263       -0.78917
C          4.48782       -1.54790       -0.83997
N          5.08002       -0.53355       -1.71264
C          5.41148        0.69980       -0.97876
C          6.83704        0.52595       -0.31835
C          7.09862        1.98132       -0.78538
N          8.48283        2.15443       -1.19300
C          6.19703        1.63048       -1.99764
C          4.26144        1.42516       -0.22634
C          4.44827        1.36700        1.29529
N          2.91012        1.03148       -0.65990
H          0.42252       -1.05558        0.24988
H          0.56017       -0.19052       -1.29251
H          0.45618        0.70960        0.23151
H          2.59500       -0.28560        0.97247
H          2.55729       -1.56191       -1.80518
H          2.59764       -2.35429       -0.24156
H          4.75393       -2.52513       -1.26134
H          4.92042       -1.53172        0.16685
H          4.47679       -0.38475       -2.52090
H          7.47079       -0.23778       -0.79466
H          6.87377        0.35076        0.75875
H          6.71227        2.77713       -0.14008
H          8.93158        1.31727       -1.56043
H          9.08171        2.47845       -0.43219
H          6.70851        1.10457       -2.81845
H          5.63732        2.46407       -2.43153
H          4.31683        2.49288       -0.47703
H          4.57390        0.34246        1.65927
H          3.59906        1.82216        1.81538
H          5.33925        1.92646        1.60056
H          2.86670        1.01774       -1.67491
