30

C          4.24146       -2.24239        2.74248
C          3.14652       -1.94944        1.72963
C          3.10086       -0.48546        1.31120
C          4.28672        0.07597        0.53846
C          3.02470       -0.23306       -0.19582
C          2.17329        0.38627        2.19292
C          2.34046        0.62532        3.77134
N          1.15999        1.44213        4.14226
C          1.12893        2.40802        3.16826
N          0.41483        3.45380        3.01519
C          2.34951        1.96903        2.28820
C          3.50342        1.59731        3.31227
N          3.74199        2.67898        4.27827
H          4.28924       -3.31743        2.94383
H          4.05918       -1.73098        3.69016
H          5.22197       -1.92481        2.37509
H          2.17494       -2.24922        2.14049
H          3.31449       -2.58758        0.85273
H          5.14382       -0.56458        0.35898
H          4.55552        1.12102        0.64007
H          3.03133       -1.07510       -0.87893
H          2.43083        0.60283       -0.55184
H          1.14749        0.08100        1.92898
H          2.54435       -0.20774        4.44002
H          1.19597        1.79705        5.09184
H         -0.29979        3.47631        3.74991
H          2.58204        2.53818        1.39132
H          4.41967        1.12497        2.95397
H          2.91860        3.22443        4.53493
H          4.39458        3.37873        3.92041
