25

C          1.03098        0.06289        0.25093
N          2.44816       -0.10500       -0.05286
C          3.08149       -1.34058        0.01799
C          2.85576       -2.52095       -0.58787
C          1.80865       -2.64010       -1.62685
O          1.39654       -3.68840       -2.11239
N          3.77760       -3.49036       -0.20589
N          4.83999       -2.83717        0.54808
C          6.01638       -2.63522       -0.31961
C          4.28436       -1.51850        0.91471
C          3.72973       -4.88560       -0.25828
N          2.62680       -5.47567       -0.78170
S          4.87380       -5.95543        0.35993
H          0.77376        1.12510        0.19341
H          0.81273       -0.28779        1.26449
H          0.39387       -0.47256       -0.45657
H          2.98756        0.60720        0.44421
H          1.40952       -1.68136       -1.99404
H          6.44944       -3.58677       -0.64018
H          6.80201       -2.10540        0.23084
H          5.77748       -2.05699       -1.22064
H          5.00369       -0.69860        0.80455
H          3.95754       -1.54162        1.96149
H          2.00371       -4.98245       -1.41733
H          2.63786       -6.48241       -0.87956
