24

C          1.04624       -0.04486        0.07648
C          2.56624       -0.04486        0.07648
C          3.87010       -0.04486        0.07648
C          5.39010       -0.04486        0.07648
C          6.10536        0.92331        0.65515
C          7.57271        0.67803        0.51298
C          7.66106       -0.63643       -0.27793
O          8.27983       -1.64951        0.53442
N          7.34015       -2.65564        0.84319
C          6.23073       -2.34229        0.25532
C          6.23611       -1.09948       -0.55980
C          5.95294       -1.37068       -2.03322
O          5.96478       -0.18513       -2.83057
H          0.67313        0.83854       -0.44909
H          0.67309       -0.03153        1.10429
H          0.67332       -0.94173       -0.42590
H          5.69220        1.78016        1.17020
H          8.05662        0.61287        1.49307
H          8.02573        1.49821       -0.05278
H          8.26764       -0.51304       -1.17982
H          5.32671       -2.96428        0.34514
H          4.98931       -1.87305       -2.17601
H          6.72242       -2.03265       -2.44646
H          5.30498        0.43895       -2.47216
