24

O          0.67228        0.06997        0.04783
C          2.05522       -0.00514        0.41315
C          2.92106       -0.89296       -0.43393
C          3.04800        0.60933       -0.52642
C          2.77975        0.95657       -1.94086
O          2.67889        2.10397       -2.34280
C          2.83231       -0.29365       -2.77599
C          2.44598       -1.39376       -1.77802
O          3.07775       -2.61507       -2.15149
C          2.74649       -3.75040       -1.32441
C          1.31828       -4.21897       -1.25507
C          2.30603       -4.96280       -2.10114
H          0.10330       -0.37759        0.69996
H          2.29438        0.06224        1.47129
H          3.74979       -1.43404       -0.00460
H          3.91956        1.08504       -0.09314
H          3.85595       -0.42512       -3.14566
H          2.14511       -0.24945       -3.62338
H          1.35763       -1.52323       -1.79619
H          3.37470       -3.93101       -0.45744
H          0.54454       -3.65872       -1.76506
H          0.98733       -4.68821       -0.33476
H          2.21069       -4.87461       -3.17714
H          2.64422       -5.93449       -1.76170
