31

C          2.71205        0.80982        3.45325
N          2.38866       -0.30549        2.55674
C          0.93664       -0.34821        2.34943
C          3.07780       -0.17728        1.25229
C          4.63768       -0.22780        1.30045
C          5.12406       -1.56718        1.91375
N          6.58905       -1.72680        1.99233
C          7.18519       -2.00615        0.68171
C          7.52409       -0.73610       -0.08224
C          6.56006        0.44372       -0.05233
N          5.14961        0.02936       -0.06113
N          8.65309       -0.73704       -0.74251
O          8.88724        0.48036       -1.38876
H          2.17447        0.70487        4.40250
H          2.45066        1.78019        3.01603
H          3.77384        0.81899        3.71397
H          0.41770       -0.49616        3.30306
H          0.65986       -1.19162        1.70921
H          0.55706        0.57331        1.89090
H          2.76572        0.75596        0.76344
H          2.74053       -0.99750        0.60318
H          4.97489        0.59487        1.94222
H          4.68309       -2.41841        1.37967
H          4.74951       -1.62891        2.94227
H          6.77483       -2.52871        2.59649
H          6.55478       -2.65113        0.06028
H          8.12384       -2.55011        0.84943
H          6.70191        1.06089       -0.94454
H          6.80417        1.07669        0.80797
H          5.01810       -0.78117       -0.66316
H          9.75034        0.32917       -1.81800
