24

C          3.05012        0.50378       -1.40803
C          2.62073        0.06050       -0.00738
C          1.09582        0.10194        0.10363
C          3.14902       -1.34566        0.32454
C          4.65970       -1.39073        0.30252
N          5.35719       -0.65968        1.11806
N          6.77243       -0.68842        1.03907
N          7.40886       -1.38330        0.20351
N          6.68691       -2.15564       -0.62399
C          7.12904       -2.99791       -1.60588
C          5.98374       -3.54348       -2.14862
N          4.85939       -3.04552       -1.53281
C          5.33579       -2.21721       -0.63010
H          2.67975        1.51105       -1.62555
H          2.66202       -0.17558       -2.17440
H          4.14021        0.53287       -1.50101
H          3.03103        0.77673        0.71586
H          0.62559       -0.60053       -0.59314
H          0.71835        1.10486       -0.12442
H          0.76907       -0.15408        1.11685
H          2.73542       -2.08064       -0.37579
H          2.82344       -1.63999        1.33042
H          8.17777       -3.12782       -1.82151
H          5.91016       -4.26392       -2.95425
