24

C          1.12613        0.09155        0.00839
N          2.59061        0.07502       -0.05458
C          3.06568        1.29708       -0.70536
C          3.14689       -0.08739        1.30673
C          4.68420       -0.17318        1.35616
N          5.11744       -0.36350        2.74710
C          6.38299       -0.42338        2.92374
N          6.88827       -0.57686        4.19945
C          8.15745       -0.59096        4.00539
C          8.42652       -0.44551        2.56570
N          7.31729       -0.33794        1.91177
C          9.66482       -0.41197        1.86141
N         10.69997       -0.38950        1.33304
H          0.69906        0.16331       -0.99852
H          0.74799        0.93270        0.60132
H          0.74461       -0.83853        0.44348
H          2.59773        1.41684       -1.68921
H          4.14223        1.25136       -0.89681
H          2.85150        2.19242       -0.11108
H          2.75181       -1.01844        1.73604
H          2.80765        0.72563        1.96254
H          5.11780        0.75719        0.97369
H          5.01858       -1.01025        0.73115
H          8.98187       -0.68768        4.72326
