30

C          2.19202       -1.03500       -1.39050
C          2.61227       -0.49974       -0.03087
O          1.65366        0.45648        0.41804
C          2.77590       -1.54869        1.04168
C          1.55964       -2.37477        1.42603
C          2.01977       -3.83404        1.28977
N          3.45211       -3.82348        1.62837
C          3.94453       -2.51563        1.14541
C          3.93526       -1.29366        2.00843
C          3.73766       -1.25726        3.48989
C          4.80937       -2.01778        4.24101
N          4.56535       -3.31043        4.58541
N          5.95431       -1.49056        4.53372
H          1.95615       -0.20349       -2.06398
H          1.28956       -1.65034       -1.32995
H          2.98712       -1.63722       -1.83940
H          3.54936        0.05168       -0.16557
H          0.77829        0.03482        0.40363
H          0.69622       -2.19445        0.77879
H          1.24130       -2.16044        2.44983
H          1.90249       -4.15597        0.25199
H          1.44715       -4.51361        1.92718
H          3.91623       -4.60139        1.15698
H          4.65158       -2.55191        0.32110
H          4.68655       -0.55413        1.73546
H          2.76518       -1.64944        3.79684
H          3.76530       -0.21014        3.81659
H          4.03843       -3.81440        3.87273
H          5.41981       -3.78995        4.84434
H          5.99104       -0.52200        4.19998
