22

O          2.18426        0.25396        1.31433
C          2.27203       -0.09474        0.14331
C          3.07970       -1.28412       -0.32250
C          2.50936       -1.90278       -1.59869
C          3.00370       -3.35158       -1.54230
N          3.46591       -3.58843       -0.15147
C          2.89899       -2.46492        0.63462
C          4.94587       -3.51570       -0.06961
C          5.50547       -2.12634       -0.24063
O          5.29375       -1.52930       -1.52500
C          4.55911       -0.95875       -0.42905
H          1.82097        0.52278       -0.65442
H          2.82146       -1.38787       -2.51294
H          1.41073       -1.89369       -1.57371
H          3.79069       -3.52928       -2.28568
H          2.18793       -4.04058       -1.78559
H          3.40186       -2.33151        1.60115
H          1.84017       -2.66056        0.84872
H          5.40535       -4.20429       -0.78893
H          5.23801       -3.88619        0.92148
H          6.44931       -1.96965        0.26130
H          4.84946        0.02762       -0.09533
