24

C          0.84673       -0.92462        0.71968
C         -0.08662       -1.39083       -0.41218
O          0.90502       -0.96249       -1.39354
C          1.43464       -0.02349       -0.38714
C          0.84412        1.38207       -0.55321
C          1.67081        2.43280        0.21226
C          1.44738        3.72706       -0.57894
C          1.32706        3.20202       -1.97335
C          1.00134        1.90278       -1.96040
O         -0.52543        1.56065       -0.14039
C         -1.49400        0.63656       -0.36685
C         -1.38044       -0.68865       -0.51581
H          1.52767       -1.70421        1.07724
H          0.39395       -0.42390        1.57932
H         -0.21876       -2.47773       -0.44610
H          2.53195       -0.04354       -0.41270
H          2.74271        2.18840        0.20460
H          1.36002        2.54523        1.25585
H          2.28072        4.42304       -0.46137
H          0.51709        4.22518       -0.28332
H          1.44188        3.80395       -2.86384
H          0.82326        1.29679       -2.83889
H         -2.46179        1.12631       -0.35696
H         -2.27272       -1.28595       -0.68559
