33

C          0.93995        0.00349       -0.34457
C          2.38619        0.17896       -0.04970
N          3.38575       -0.74253       -0.57324
C          3.32760        0.60248       -1.14862
C          4.39300        1.53718       -0.80455
C          4.31915        2.88906       -0.79692
C          3.05664        3.64405       -1.15911
C          2.94833        4.10479       -2.59156
C          3.76562        3.83682       -3.61918
C          5.52920        3.71355       -0.40572
N          5.34606        4.59749        0.75894
C          4.97441        3.85982        1.96926
C          6.59464        5.32808        1.00468
H          0.48239       -0.66958        0.38630
H          0.76358       -0.40524       -1.34475
H          0.43069        0.97077       -0.28027
H          2.56086        0.54127        0.95713
H          2.96798       -1.42022       -1.21219
H          2.97019        0.65358       -2.17242
H          5.33995        1.07426       -0.52765
H          2.94996        4.51880       -0.50607
H          2.17355        3.02731       -0.94763
H          2.07744        4.73058       -2.79111
H          4.65020        3.21838       -3.51288
H          3.55829        4.24209       -4.60677
H          5.78771        4.33100       -1.27490
H          6.39216        3.05553       -0.23644
H          3.99165        3.38801        1.86182
H          4.88562        4.54648        2.81965
H          5.70766        3.08815        2.22821
H          6.89307        5.89914        0.11760
H          7.41897        4.65622        1.27190
H          6.46519        6.05300        1.81610
