26

C          1.11237       -0.44625        0.02314
C          2.60672       -0.11392       -0.13032
C          3.38697       -1.04029        0.76299
C          4.46042       -2.07420        0.71770
C          4.86217       -0.62889        0.63793
O          5.40050       -0.36180       -0.68846
C          4.98407        0.58144        1.54449
O          4.78403        0.24845        2.91077
C          3.97095        1.64407        1.11294
C          2.92530        1.36897        0.28533
N          2.09461        2.34028       -0.23676
C          2.13890        3.69773       -0.08074
O          1.34027        4.45145       -0.62465
H          0.95154       -1.52939        0.03751
H          0.52786       -0.03316       -0.80406
H          0.70838       -0.04208        0.95928
H          2.88534       -0.26041       -1.18140
H          2.89985       -1.05351        1.73963
H          4.52601       -2.68486       -0.17613
H          4.70730       -2.60685        1.62854
H          6.34103       -0.61077       -0.72774
H          5.99489        0.99309        1.45206
H          3.83813        0.35997        3.10231
H          4.21255        2.64745        1.44138
H          1.35472        2.04896       -0.86732
H          2.94163        4.07334        0.56771
