25

N          2.82648        0.03053        2.54030
C          2.15637       -0.53412        1.60602
N          2.71171       -1.39005        0.69970
C          4.19251       -1.79900        0.82122
C          5.24292       -1.68144       -0.42592
N          5.19240       -0.48111       -1.35921
C          4.90887       -0.80284       -2.82093
C          3.34041       -0.78539       -3.00945
C          3.02447       -0.91906       -1.56695
C          3.94745        0.19005       -1.02873
C          2.04503       -1.28045       -0.52255
O          0.86292       -1.50693       -0.72232
H          2.23193        0.72084        3.01587
H          1.09313       -0.28162        1.44156
H          4.16794       -2.85710        1.11368
H          4.63852       -1.25940        1.66255
H          5.18996       -2.61785       -1.00142
H          6.24923       -1.69989        0.01123
H          5.34617       -1.76272       -3.11189
H          5.35306       -0.02024       -3.44721
H          2.97289       -1.59955       -3.63929
H          2.98588        0.16848       -3.41936
H          3.37408       -1.97150       -1.54683
H          3.91280        0.49580        0.01866
H          3.83363        1.13937       -1.57020
