28

C          0.70213        0.29127        0.24571
C          2.13638        0.10069       -0.09234
C          2.96351        0.93694       -0.73323
C          4.30135        0.27593       -0.87296
N          5.12935        0.80250        0.22780
C          4.99853        0.47357       -2.22970
C          6.25358       -0.39475       -2.44503
C          6.00503       -1.86465       -2.64903
C          5.43905       -2.69328       -1.75374
C          4.81368       -2.27544       -0.45366
O          5.85255       -1.89725        0.44490
C          3.77768       -1.17949       -0.72853
O          2.71364       -1.13214        0.25217
H          0.29970        1.19550       -0.21624
H          0.56765        0.35451        1.32677
H          0.12097       -0.56164       -0.12855
H          2.71468        1.92632       -1.07948
H          5.22600        1.81091        0.12173
H          6.07745        0.42566        0.15360
H          5.30289        1.52751       -2.32541
H          4.29437        0.29771       -3.05209
H          6.97367       -0.26770       -1.62756
H          6.77048       -0.02623       -3.34018
H          6.35809       -2.28747       -3.58816
H          5.32820       -3.74350       -2.01153
H          4.31029       -3.13970       -0.00392
H          5.43078       -1.31435        1.10784
H          3.25988       -1.47499       -1.65951
