26

C          0.93060       -0.18709       -0.26291
C          2.41570        0.03024       -0.13214
C          2.88296        1.29020       -0.07979
O          4.18027        1.65014        0.13615
C          4.58390        1.49417        1.52764
C          4.03565        0.30422        2.39021
C          5.11490       -0.56471        1.67404
C          4.75329       -1.13910        0.28219
C          3.23607       -1.24689        0.02842
C          5.97736        0.76911        1.66697
C          6.68022        1.08278        2.90477
C          7.14450        1.38019        3.97742
H          0.38610        0.75381       -0.40193
H          0.54434       -0.65297        0.65078
H          0.70214       -0.83609       -1.11240
H          2.26851        2.17303       -0.21268
H          4.50774        2.46292        2.03312
H          2.98956        0.00920        2.31036
H          4.20437        0.42009        3.46994
H          5.52527       -1.36256        2.30637
H          5.18076       -2.14778        0.20902
H          5.22769       -0.56731       -0.52500
H          2.79619       -1.83655        0.84394
H          3.09578       -1.83707       -0.88670
H          6.63123        0.87636        0.79162
H          7.48705        1.65651        4.94755
