24

C          1.39914        0.09381       -0.74534
N          2.44113        0.01504        0.27143
C          2.81625       -1.37336        0.69870
C          3.90016       -1.21677        1.79159
C          4.24569       -2.43272        2.64017
N          4.10350       -3.69796        2.37139
N          3.68393       -4.06608        1.11282
C          4.22782       -3.37632        0.04454
O          5.38938       -3.49658       -0.34201
C          3.33354       -2.25766       -0.48778
O          4.12629       -1.47303       -1.40486
C          1.56572       -2.01043        1.32893
O          1.12042       -3.11532        1.01754
H          1.35899        1.11637       -1.13431
H          0.41538       -0.13671       -0.32471
H          1.58284       -0.56387       -1.59851
H          2.20233        0.61235        1.06091
H          3.56743       -0.46706        2.52483
H          4.83599       -0.82875        1.36947
H          4.69891       -2.19779        3.61996
H          2.66847       -4.21289        1.09007
H          2.52111       -2.70109       -1.07246
H          5.03646       -1.83652       -1.37014
H          1.08277       -1.42362        2.13225
