29

C          3.49749       -0.49822        1.30935
C          2.55858       -0.14002        0.17031
C          2.95401        1.12301       -0.57419
C          2.55902        2.40375       -0.11963
N          2.00044        2.56499        1.16479
C          2.87959        3.53443       -0.89752
C          2.49192        4.94615       -0.53186
C          3.57234        3.37551       -2.11899
C          3.98534        2.12511       -2.59083
N          4.55134        2.04271       -3.87629
C          5.75127        1.24942       -4.12430
C          3.64292        1.01271       -1.80536
O          3.87549       -0.24924       -2.29844
H          3.13593       -1.40037        1.81877
H          3.56169        0.30039        2.05499
H          4.50840       -0.70248        0.94285
H          1.53389       -0.03614        0.54724
H          2.49755       -0.99188       -0.51719
H          1.60741        1.72703        1.56977
H          1.36335        3.35136        1.24925
H          1.89031        5.01901        0.37501
H          1.89321        5.38325       -1.34086
H          3.38898        5.55623       -0.38431
H          3.77302        4.26408       -2.71647
H          4.70321        2.98295       -4.24163
H          5.91554        0.42139       -3.43265
H          6.63988        1.88920       -4.10449
H          5.67265        0.83353       -5.13570
H          3.89935       -0.11441       -3.26434
