31

C          0.88745       -0.23923        0.21888
C          2.39416       -0.11843        0.03311
C          3.04464        0.94294        0.94264
C          4.56096        1.01886        0.75634
C          5.29754        0.80836       -0.54229
N          6.72113        0.48678       -0.47878
C          4.84912        2.18730       -0.16618
C          3.49974        2.75138       -0.59083
C          3.50332        4.19684       -0.97744
C          4.12772        4.64024       -2.27421
O          2.70948        4.49133       -2.13816
C          2.59412        2.40349        0.62571
N          2.85503        3.27602        1.79500
H          0.49347       -1.01731       -0.44248
H          0.36701        0.69098       -0.03111
H          0.64134       -0.51002        1.24925
H          2.58351        0.08899       -1.02551
H          2.85370       -1.09194        0.23800
H          2.81730        0.68445        1.98525
H          5.10137        0.95979        1.69267
H          4.77720        0.31383       -1.35433
H          7.18227        0.95827        0.29820
H          7.20106        0.79563       -1.32244
H          5.55643        2.93223        0.16986
H          3.14977        2.17630       -1.45935
H          3.46372        4.89408       -0.15257
H          4.65741        3.91051       -2.87399
H          4.51351        5.64965       -2.34218
H          1.53429        2.49044        0.37836
H          3.85858        3.33276        1.96021
H          2.46874        2.84078        2.63295
