26

C          0.81156        0.03007        0.13175
C          2.34348        0.04325        0.15135
C          2.88336        0.03799        1.58183
N          2.30931       -0.59376        2.56300
N          4.07453        0.68773        1.83043
O          4.20337        1.06645        3.17653
C          2.93069       -1.08307       -0.73195
C          2.62613       -0.86795       -2.23925
O          4.00995       -0.61338       -2.54710
C          4.39506       -0.83384       -1.17761
C          2.62396       -2.53134       -0.22254
N          3.36515       -2.97566        0.83942
O          1.77131       -3.28598       -0.69516
H          0.41336        0.84357        0.74818
H          0.39692       -0.91052        0.50824
H          0.42412        0.16405       -0.88257
H          2.64483        1.01138       -0.27389
H          1.43871       -1.05221        2.26994
H          4.38255        1.40841        1.18072
H          3.54292        0.48845        3.62857
H          2.01123       -0.00075       -2.49975
H          2.24871       -1.73678       -2.78786
H          4.88803        0.05546       -0.77441
H          5.07967       -1.68346       -1.09446
H          3.89190       -2.35591        1.44469
H          3.11303       -3.87928        1.22285
