24

C          1.11090       -0.12939       -0.07396
C          2.61735        0.02595       -0.12891
C          3.39819       -0.81386        0.93526
C          4.55208       -0.71029       -0.10090
C          3.46180       -0.72449       -1.22920
N          2.98469       -2.08166       -1.53063
N          5.20882        0.63262       -0.00310
C          6.54921        0.74478        0.30004
O          7.32479       -0.19442        0.46748
C          4.32099        1.69089       -0.18068
C          4.69467        2.93888       -0.47786
O          2.94446        1.44500       -0.08664
H          0.80356       -1.17917       -0.12629
H          0.63248        0.40361       -0.90204
H          0.71557        0.27872        0.86164
H          3.01950       -1.82414        1.13136
H          3.57359       -0.33155        1.90158
H          5.26321       -1.54310       -0.10966
H          3.68318       -0.14277       -2.13052
H          2.95854       -2.74022       -0.75425
H          3.53771       -2.54099       -2.25637
H          6.89342        1.78142        0.43289
H          5.72112        3.23771       -0.64819
H          3.93790        3.70221       -0.63508
