28

C          1.21321        0.36882        0.70583
C          2.70286        0.26085        0.43227
N          3.04590        0.78019       -0.93380
C          4.47298        1.06795       -0.84840
C          4.63179        1.68503        0.51805
C          3.59798        2.58215        1.20792
C          3.56683        1.09255        1.36834
C          6.03244        2.19945        0.61938
C          6.24029        2.71000       -0.80770
C          6.70827        1.82694       -1.92773
C          5.21444        2.02801       -1.72026
C          4.47090        2.80998       -2.73371
O          3.94213        3.87998       -2.45808
H          0.64677       -0.22366       -0.01909
H          0.85787        1.40293        0.64999
H          0.97824       -0.00766        1.70736
H          3.01241       -0.78992        0.49565
H          2.55251        1.66626       -1.05291
H          4.99856        0.10211       -0.87471
H          2.87200        3.09668        0.59186
H          3.90268        3.16237        2.07288
H          3.80922        0.63239        2.31291
H          6.73574        1.39243        0.84838
H          6.16140        3.00475        1.34747
H          6.34466        3.78522       -0.87585
H          7.14402        0.86473       -1.68491
H          7.18013        2.30985       -2.77787
H          4.40255        2.36171       -3.73984
