28

C          0.90921        0.06509        0.04688
C          2.43804       -0.08114        0.01795
N          3.01174        1.12053        0.64504
N          4.43570        1.14949        0.61904
C          5.11785        1.18613        1.82737
O          4.59976        1.15282        2.94154
C          5.10462        1.15408       -0.57790
N          5.60924        2.24317       -1.05428
C          5.23084       -0.15192       -1.33406
C          5.35458       -1.39834       -0.45901
C          4.20044       -1.88450        0.38772
C          2.97578       -1.36617        0.63582
C          2.08081       -2.07312        1.62918
H          0.59907        0.97249       -0.48579
H          0.51327        0.13296        1.06604
H          0.42794       -0.78271       -0.45441
H          2.66874       -0.08012       -1.04986
H          2.74003        1.12943        1.63583
H          6.21175        1.21985        1.69183
H          5.35791        3.02231       -0.43465
H          6.14871       -0.07765       -1.93339
H          4.41999       -0.24271       -2.06166
H          6.20698       -1.25516        0.22095
H          5.63189       -2.23193       -1.11648
H          4.45984       -2.80710        0.91320
H          2.57696       -2.92417        2.10827
H          1.18586       -2.46040        1.13228
H          1.77833       -1.38851        2.42826
