29

C          0.94208        0.00180       -0.05853
C          2.46512       -0.06259       -0.16751
C          3.02564        1.30987       -0.53631
C          4.54136        1.24766       -0.68387
N          4.94536        0.31791       -1.72967
C          4.97388        0.91055       -3.07915
C          4.99476       -0.10473       -4.25614
N          5.55347       -1.42043       -3.89626
C          4.71534       -1.99250       -2.81372
C          5.25771       -2.20202       -1.43352
C          4.32048       -1.03806       -1.67433
C          2.89438       -1.11009       -1.18115
O          2.16675       -2.04768       -1.50841
H          0.63217        0.76376        0.66384
H          0.53199       -0.95858        0.27167
H          0.48492        0.24020       -1.02556
H          2.87096       -0.37541        0.80301
H          2.77088        2.03494        0.24634
H          2.56787        1.67282       -1.46529
H          4.98647        0.92906        0.26667
H          4.93950        2.25071       -0.88000
H          5.89096        1.51052       -3.14056
H          4.13126        1.59365       -3.23603
H          5.56715        0.31463       -5.09037
H          3.96902       -0.24775       -4.62031
H          6.49641       -1.26585       -3.53770
H          3.96752       -2.70276       -3.15942
H          6.30457       -1.99162       -1.25099
H          4.88411       -3.05485       -0.87784
