24

O          5.40815        5.02243       -1.68958
C          5.62740        3.76242       -1.05579
C          4.29856        3.12464       -0.63215
N          4.35988        1.67495       -0.45721
C          5.43744        1.04776       -0.16272
N          6.67363        1.55917        0.16140
C          7.84846        0.73278        0.04402
C          8.25689        0.13050       -1.28015
C          9.01950        1.29748       -0.73651
C          6.79700        2.71853        0.91454
O          7.28329        2.73505        2.05011
C          6.50002        3.98699        0.16253
H          5.00218        4.83907       -2.55558
H          6.14472        3.13274       -1.79045
H          3.56057        3.32251       -1.41842
H          3.89699        3.59914        0.27187
H          5.42687       -0.05689       -0.17805
H          8.07863        0.17126        0.94560
H          7.62471        0.29873       -2.14425
H          8.75910       -0.82951       -1.28189
H          8.89484        2.25378       -1.23612
H         10.01354        1.13966       -0.33841
H          7.45989        4.42469       -0.14126
H          6.02820        4.70268        0.84814
