23

N          2.80674        1.60306       -0.45400
C          3.79962        0.85338        0.29227
C          3.35170        0.70093        1.73398
C          4.10358       -0.03407        2.58162
C          4.70550        0.66113        3.78765
N          4.33938        0.02319        5.04107
C          6.25264        0.67258        3.53957
O          6.93890       -0.34907        3.43344
N          6.73212        1.94637        3.21587
C          7.22048        2.17327        1.86047
C          6.11904        1.97715        0.90681
C          5.08925        1.58779        0.39910
H          1.87985        1.36994       -0.10100
H          2.81256        1.26282       -1.41407
H          3.95297       -0.13017       -0.16747
H          2.81785        1.56618        2.12869
H          4.71492       -0.84523        2.17437
H          4.36352        1.69885        3.82912
H          4.61730       -0.96086        5.00297
H          3.32711        0.04254        5.12084
H          6.17778        2.70864        3.57844
H          7.59808        3.20540        1.82693
H          8.04004        1.48343        1.65317
