22

C          1.32406        0.39459       -1.08162
N          2.54982        0.20281       -0.30909
N          3.18361        1.34958        0.04882
C          4.45285        1.21603        0.27939
C          5.31741       -0.06233        0.12896
C          6.56974        0.42475        0.70971
C          7.79004       -0.04685        1.11749
C          8.35673       -1.41334        1.09560
O          7.47158       -2.24243        1.84032
S          8.65867        1.30772        1.76303
N          7.42293        2.43782        1.56019
C          6.43409        1.77251        1.00033
O          5.22083        2.27953        0.73572
H          0.84003       -0.57232       -1.24862
H          1.55090        0.83370       -2.05762
H          0.62177        1.04473       -0.55041
H          2.28504       -0.31529        0.53576
H          5.42313       -0.30680       -0.93195
H          4.88912       -0.89271        0.69205
H          9.35456       -1.47848        1.53905
H          8.40337       -1.79755        0.07202
H          7.46976       -1.90778        2.75445
