30

C          0.84534       -0.09832        0.15973
C          2.35557        0.00157        0.13724
C          3.04219        1.11171        0.95688
C          4.15115        0.04210        1.26101
C          4.75300       -0.02332        2.69262
C          3.80301       -0.27028        3.72086
C          3.00584       -0.51206        4.59426
N          3.08704       -0.99881        0.96100
C          5.35457       -0.02615        0.33870
C          5.07422       -0.32260       -1.15327
C          6.12994        1.32583        0.32450
C          6.31671       -1.11061        0.79547
C          7.14203       -2.04086        1.18729
H          0.41981        0.68730       -0.47844
H          0.43355        0.02194        1.16333
H          0.50857       -1.05655       -0.25064
H          2.63816       -0.02098       -0.91955
H          2.46929        1.42990        1.83208
H          3.31976        2.00241        0.38522
H          5.31477        0.89898        2.88123
H          5.50149       -0.82474        2.77711
H          2.31499       -0.71014        5.35517
H          2.58077       -1.28341        1.79776
H          4.50431        0.48416       -1.62678
H          4.54578       -1.27037       -1.29994
H          6.01045       -0.40333       -1.72442
H          5.48908        2.15209       -0.00275
H          6.98125        1.28881       -0.36896
H          6.54725        1.60187        1.29710
H          7.81193       -2.80609        1.50524
