25

C          0.90317        0.06560       -0.06731
C          2.40442        0.01430       -0.06451
C          3.06304       -1.16131       -0.05335
C          4.56305       -1.28151       -0.05374
C          5.36687        0.03172       -0.03913
N          4.53950        1.21115       -0.18616
C          5.12454        2.54233       -0.11253
C          3.85742        3.39064       -0.02879
C          2.66061        2.49805       -0.01467
C          3.15803        1.25307       -0.08162
N          3.93281        4.67952        0.03064
N          2.77579        5.36893        0.16166
H          0.46028       -0.93668       -0.06311
H          0.53451        0.57939       -0.96194
H          0.53018        0.58937        0.81931
H          2.50875       -2.09499       -0.04594
H          4.85814       -1.86645       -0.93371
H          4.85988       -1.88116        0.81613
H          6.10545        0.00831       -0.84962
H          5.93480        0.09449        0.89724
H          5.69332        2.78580       -1.01360
H          5.72647        2.68380        0.79026
H          1.64240        2.82216        0.06360
H          2.91784        6.34249       -0.11341
H          2.01222        5.00588       -0.40762
