27

C          2.90135       -0.24881        0.96174
N          2.12668       -0.91574       -0.09938
C          2.94551       -1.40102       -1.23222
C          3.98658       -2.42924       -0.85252
C          2.90304       -2.82190       -1.81296
C          3.08184       -2.74881       -3.33903
C          2.37841       -3.79841       -4.17374
C          4.56871       -2.69129       -3.64935
C          5.84415       -2.64196       -3.91554
C          2.50664       -1.31060       -3.60731
O          2.81766       -0.76779       -4.88541
C          3.07364       -0.46593       -2.44071
H          2.55119       -0.58557        1.94719
H          2.74930        0.83304        0.91940
H          3.98340       -0.43783        0.93740
H          1.56261       -1.65433        0.30928
H          3.91442       -2.87108        0.14158
H          4.99985       -2.26011       -1.15954
H          2.08706       -3.46182       -1.49561
H          2.79314       -4.79578       -4.00143
H          2.48939       -3.57834       -5.24411
H          1.30704       -3.83494       -3.95380
H          6.88776       -2.60962       -4.13027
H          1.41273       -1.33439       -3.52457
H          3.78542       -0.76403       -4.98733
H          2.53009        0.47301       -2.34235
H          4.12852       -0.20944       -2.60700
