18

C          2.62605       -0.33378       -0.02569
C          1.16278       -0.04947       -0.00680
C          0.16830       -1.00607        0.04968
S         -1.40070       -0.32920        0.06542
C         -0.78756        1.26604       -0.01114
C          0.59442        1.26693       -0.04414
C         -1.65549        2.41175       -0.03711
N         -1.21439        3.65966       -0.10673
C         -2.35069        4.42787       -0.11603
C         -3.45554        3.62271       -0.04877
O         -3.03147        2.33186        0.00300
H          2.82433       -1.41064       -0.03677
H          3.10622        0.09103        0.86176
H          3.08864        0.10549       -0.91524
H          0.28535       -2.08115        0.08455
H          1.17650        2.18144       -0.09342
H         -2.30946        5.50653       -0.17038
H         -4.52327        3.78175       -0.03071
