33

C          3.55145        0.10259        1.15829
N          2.52405        0.01616        0.12837
C          2.88177       -0.81209       -1.03579
C          3.13101       -2.27097       -0.61068
C          3.10721       -3.25830       -1.77588
C          3.87229       -2.79389       -3.00612
O          5.10859       -2.16432       -2.66332
C          5.00928       -0.79980       -2.47696
C          6.12235       -0.02057       -3.13873
C          7.35416        0.19422       -2.25067
C          8.04413       -1.10252       -1.83192
N          9.24090       -0.79941       -1.04833
C          4.00651       -0.18308       -1.82332
H          3.20586        0.77681        1.94882
H          4.49391        0.50472        0.77477
H          3.73721       -0.86623        1.63067
H          2.27688        0.95154       -0.18739
H          1.99580       -0.79922       -1.68442
H          2.37155       -2.59087        0.11498
H          4.09915       -2.35890       -0.09956
H          2.07140       -3.47308       -2.06376
H          3.53181       -4.20558       -1.42134
H          3.25759       -2.14236       -3.64183
H          4.11415       -3.66832       -3.62140
H          5.74650        0.96538       -3.44370
H          6.41624       -0.52395       -4.06748
H          7.06885        0.76791       -1.35893
H          8.06529        0.81815       -2.81011
H          8.32747       -1.68704       -2.71502
H          7.37777       -1.71715       -1.21881
H          9.89648       -0.26347       -1.61481
H          9.71274       -1.67063       -0.81050
H          4.01648        0.90757       -1.81595
