27

C         12.50759        2.09772        0.35824
C         11.34999        1.11077        0.26503
C         11.77817       -0.01428        1.24583
N         10.73098       -0.82082        0.69336
C          9.56669       -0.68793        1.43436
N          8.33356       -0.39168        1.22171
C          7.80610       -0.06258        0.02217
N          8.31724       -0.07610       -1.13171
C          9.65463       -0.44908       -1.50885
C          9.83867       -1.97092       -1.73207
N         11.29951       -2.16426       -1.90322
C         11.91552       -0.87081       -1.51643
C         10.86176       -0.14497       -0.61725
H         12.44285        2.60964        1.33392
H         12.47124        2.87650       -0.40492
H         13.49447        1.61859        0.33868
H         10.46462        1.68649        0.58001
H         11.72214        0.20491        2.31418
H         12.76121       -0.47055        1.05370
H          9.78975       -0.88848        2.48805
H          6.72398        0.24548        0.09329
H          9.80200        0.03910       -2.48235
H          9.27498       -2.36070       -2.58519
H          9.51857       -2.54765       -0.85287
H         11.51567       -2.39292       -2.87150
H         12.07094       -0.28163       -2.43508
H         12.89631       -1.01206       -1.06267
