24

C          1.24101        0.15103        0.08572
N          2.61204       -0.01276       -0.36039
C          3.65013        1.00455        0.02923
C          3.05978        2.29422       -0.52652
O          3.80693        3.45324       -0.19401
C          3.18826        1.76301       -1.96581
C          2.79021        0.19878       -1.80612
C          4.19049       -0.35403       -1.80825
O          4.63954       -1.36031       -2.32305
C          4.86879        0.72948       -1.02471
N          4.68485        1.71889       -2.11705
N          5.40267        2.86257       -2.13742
C          5.59796        3.27964       -3.34760
H          1.19273        0.21181        1.17694
H          0.66398       -0.73239       -0.21144
H          0.71445        1.00944       -0.34181
H          3.95704        1.01209        1.07743
H          2.03425        2.50525       -0.22427
H          4.60165        3.42575       -0.77492
H          2.65728        2.32365       -2.73662
H          2.13027       -0.25982       -2.54146
H          5.85649        0.48039       -0.64505
H          6.15644        4.21307       -3.52280
H          5.22696        2.74900       -4.24389
