27

C          1.04218       -0.05363        0.07536
C          2.57802       -0.02548        0.03640
C          3.13263       -1.45570        0.25405
O          2.68946       -1.93983        1.52474
C          3.02679       -3.19948        1.80060
N          3.75635       -3.94866        1.00560
C          3.93077       -5.19413        1.57744
C          3.32487       -5.37855        2.80082
S          2.50914       -3.94270        3.25745
N          3.09449        0.52826       -1.23137
C          2.77030        1.94043       -1.40798
C          3.31097        2.42733       -2.71743
C          2.55049        2.91450       -3.70923
H          0.67701       -0.50163        1.00500
H          0.63541       -0.63276       -0.76067
H          0.61506        0.95283        0.03284
H          2.92835        0.59178        0.87346
H          4.23039       -1.43258        0.23907
H          2.77534       -2.11566       -0.54702
H          4.51603       -5.93967        1.05160
H          3.32182       -6.25937        3.42662
H          2.71053        0.00249       -2.01662
H          3.21975        2.53574       -0.60448
H          1.68882        2.10805       -1.38340
H          4.39068        2.39593       -2.84232
H          1.47041        2.97024       -3.62520
H          2.99926        3.26894       -4.63148
