26

C          1.04406       -0.03657        0.06968
N          2.48733       -0.08802        0.05811
C          3.30172        1.01680        0.08658
C          4.61200        0.58259        0.08592
C          4.57714       -0.83412        0.03944
C          3.25913       -1.22267        0.03381
N          2.73592       -2.46084        0.01469
C          5.75556        1.41899        0.14306
C          5.81071        2.75139        0.22131
C          7.21097        3.25125        0.29243
C          8.03964        1.97787        0.45613
C          7.11881        0.80096        0.13117
H          0.71183        1.00486        0.07268
H          0.68811       -0.53957        0.97244
H          0.67202       -0.53857       -0.82686
H          2.88343        2.01393        0.11505
H          5.42502       -1.50541        0.02599
H          3.33460       -3.28098        0.06208
H          1.74415       -2.66005        0.07574
H          4.94989        3.40554        0.23415
H          7.34715        3.91875        1.14862
H          7.47506        3.79002       -0.62242
H          8.39904        1.89482        1.48960
H          8.92431        1.98626       -0.18936
H          7.23308        0.01386        0.88485
H          7.35263        0.38104       -0.85394
