30

C          0.82112        0.48852        0.14370
C          2.28702        0.15600        0.14054
C          2.80553       -0.78145        0.94916
C          3.13322        0.87294       -0.86687
C          3.16911        2.41732       -0.69974
N          4.56564        2.38776       -1.18338
C          4.67890        0.99631       -0.66890
C          5.52995        0.20011       -1.58929
C          6.87364        0.13343       -1.48848
C          7.69148        0.85451       -0.44822
C          7.67693       -0.65129       -2.50500
C          8.45933       -1.82511       -1.94008
O          8.47454       -2.18586       -0.76718
H          0.24431       -0.20282        0.76761
H          0.41713        0.43182       -0.87180
H          0.65897        1.50161        0.52516
H          2.18244       -1.30957        1.66527
H          3.85497       -1.05801        0.93572
H          2.84308        0.57451       -1.88581
H          3.07415        2.78061        0.33150
H          2.47831        2.97767       -1.33591
H          5.19143        3.04833       -0.72801
H          4.99868        0.94887        0.38051
H          5.01629       -0.33221       -2.38643
H          7.13160        1.63113        0.07911
H          8.55015        1.35051       -0.91419
H          8.06565        0.15122        0.30195
H          8.39257        0.01639       -2.99846
H          7.02957       -1.06038       -3.28996
H          9.05710       -2.37256       -2.68966
