24

C          1.00877        0.05773        0.15625
C          2.53434        0.00771        0.11030
C          3.13148        1.16850        0.90512
C          4.45821        0.60054        1.28943
C          4.29587       -0.88752        1.34667
O          3.00596       -1.17576        0.77678
C          5.57543        1.32990        1.43548
C          6.88374        0.73653        1.77307
O          7.89796        1.57241        1.47235
O          7.04395       -0.36389        2.26646
O          3.00002        0.12185       -1.25334
N          2.51564       -0.94459       -2.03355
C          2.85184       -0.75568       -3.26314
H          0.64252        0.00173        1.18679
H          0.56715       -0.79069       -0.37720
H          0.63169        0.97286       -0.31224
H          2.56216        1.36311        1.82118
H          3.21294        2.08806        0.31757
H          4.28166       -1.24684        2.38023
H          5.05684       -1.42390        0.77586
H          5.53156        2.40481        1.31978
H          7.64800        2.38520        1.00050
H          2.54990       -1.48488       -4.03100
H          3.43086        0.11911       -3.60310
