26

C          1.20315       -0.92702       -0.27856
N          2.32711       -0.01763       -0.11657
C          3.28523       -0.37552        0.91351
N          2.92302        0.38839       -1.34031
C          2.75440        1.74459       -1.61114
N          3.12049        2.41340       -2.66531
N          3.82829        1.68446       -3.56849
C          3.63041        0.23513       -3.68144
C          3.43391       -0.46897       -2.33053
C          3.73635       -1.78098       -2.19868
C          4.18386       -2.73679       -3.27506
C          3.23108       -3.85502       -3.38795
N          2.48031       -4.73442       -3.48165
H          0.70910       -1.08760        0.68448
H          1.48976       -1.91129       -0.66053
H          0.45421       -0.50009       -0.95259
H          2.79016       -0.36987        1.89355
H          4.09339        0.36268        0.97529
H          3.72966       -1.36342        0.77215
H          2.22540        2.28912       -0.80822
H          3.78500        2.12291       -4.48880
H          4.51580       -0.15253       -4.19330
H          2.75339        0.03470       -4.30657
H          3.63245       -2.24854       -1.22336
H          5.17786       -3.11920       -3.02035
H          4.26891       -2.25724       -4.25385
