24

N          1.49927        0.92916       -0.33387
C          2.54233        0.20352       -0.17682
N          2.89332       -0.96413       -0.80376
C          4.33808       -1.12093       -0.57857
C          4.82296       -2.46392       -0.98766
C          5.88093       -2.59944       -1.80229
C          6.64832       -1.45867       -2.26260
C          6.33327       -0.19682       -1.92544
C          5.06885        0.11934       -1.18173
N          5.12815        0.97292        0.04007
C          5.77728        0.08904        1.10112
C          4.55876       -0.82090        0.90524
C          3.78291        0.52329        0.78839
H          0.88349        0.47336       -1.01445
H          2.61234       -1.03170       -1.77545
H          4.30010       -3.34125       -0.62244
H          6.22104       -3.58298       -2.11343
H          7.50963       -1.65669       -2.89910
H          6.92675        0.63760       -2.28916
H          4.43521        0.64090       -1.91103
H          5.86025        0.55999        2.09056
H          6.75398       -0.33565        0.85013
H          4.25229       -1.51323        1.68843
H          3.56216        1.07535        1.70702
