31

C          0.94743       -0.18367       -0.13169
C          2.47361       -0.08591       -0.06007
N          3.01937       -1.27603       -0.73532
N          4.42456       -1.40843       -0.59004
C          5.26815       -0.71890       -1.44543
O          5.83350       -1.29049       -2.37472
N          5.45232        0.62566       -1.15298
C          6.52669        1.33954       -1.82392
C          4.55484        1.42730       -0.29113
C          4.93305        1.27130        1.20941
N          4.10998        2.04489        2.13481
C          3.05774        1.20585       -0.68648
C          2.22019        2.46653       -0.43021
H          0.60172       -1.12909        0.30231
H          0.58233       -0.12622       -1.16341
H          0.47476        0.61466        0.45054
H          2.71707       -0.14213        1.00552
H          2.80230       -1.25887       -1.73761
H          4.74437       -1.41964        0.37187
H          7.15676        0.67629       -2.42111
H          7.15261        1.81693       -1.06242
H          6.09672        2.10640       -2.47480
H          4.78058        2.47315       -0.54669
H          5.97808        1.57731        1.34159
H          4.89725        0.22501        1.52104
H          4.28906        3.04125        2.01024
H          4.38146        1.82791        3.09423
H          3.02569        1.08804       -1.78094
H          2.06360        2.66001        0.63441
H          1.23688        2.38298       -0.90101
H          2.69825        3.34495       -0.87730
