24

C          1.20746        0.01611       -0.04998
C          2.69290       -0.03032        0.03550
C          3.52097       -1.09237        0.11137
C          3.12665       -2.47366        0.02889
C          3.75684       -3.51856        0.57943
N          4.80985       -0.63623        0.18704
C          4.84842        0.78405        0.46133
C          6.10767        1.32610       -0.18241
C          6.93828        0.07261       -0.28220
O          8.12875        0.02913       -0.52851
C          6.03475       -1.16418       -0.12612
O          6.40307       -2.29594       -0.35527
C          3.48276        1.26728       -0.00883
H          0.75192       -0.97724       -0.03065
H          0.89145        0.51375       -0.97158
H          0.80520        0.57532        0.80086
H          2.19683       -2.67653       -0.49828
H          4.67392       -3.41496        1.14860
H          3.35722       -4.52161        0.46888
H          4.92279        0.89050        1.55384
H          6.59757        2.06411        0.45623
H          5.93679        1.73320       -1.18203
H          3.50316        1.65403       -1.03372
H          3.07695        2.03276        0.65843
