26

C          2.31684       -1.10476        0.89844
C          2.54255        0.09943       -0.00512
O          3.38736        1.02098        0.68447
C          3.09340       -0.27228       -1.39036
C          2.25838       -0.46685       -2.44384
C          0.76340       -0.44673       -2.47816
O          0.33844        0.57059       -3.37159
C          4.49212       -0.41126       -1.71427
C          5.26025       -0.08227       -2.82067
C          6.60659       -0.43040       -2.54754
C          6.63314       -0.97123       -1.28635
O          7.62049       -1.44223       -0.53831
N          5.34940       -0.99384       -0.80936
H          1.93591       -0.77526        1.87188
H          3.24727       -1.64262        1.10377
H          1.59773       -1.80601        0.46477
H          1.59062        0.63006       -0.11450
H          4.29613        0.92881        0.35843
H          2.67583       -0.70769       -3.41965
H          0.28320       -0.29112       -1.51027
H          0.40543       -1.40333       -2.87030
H          0.41425        1.41548       -2.89669
H          4.89130        0.37823       -3.72915
H          7.45377       -0.29243       -3.20490
H          8.44448       -1.33140       -1.04648
H          5.10728       -1.37583        0.09636
