29

C          0.98886        0.09240       -0.36692
C          2.47436        0.14389       -0.03443
C          2.78870        1.04569        1.17942
C          3.04636        2.52820        0.89545
C          4.00851        3.15109        1.88578
C          4.59959        2.47392        2.88936
C          4.40356        0.98811        3.09779
C          4.05400        0.38194        1.75177
C          3.83907       -1.07948        1.64716
N          2.58395       -1.82142        1.63191
C          3.03318       -1.23178        0.37809
C          3.68539       -2.04176       -0.69604
H          0.63026        1.07203       -0.69567
H          0.39111       -0.21049        0.49968
H          0.79415       -0.63174       -1.16472
H          3.02717        0.49500       -0.91536
H          1.97442        0.96939        1.91932
H          2.09622        3.07504        0.93707
H          3.44799        2.66388       -0.11406
H          4.24324        4.20366        1.74314
H          5.29948        2.98271        3.54766
H          3.62378        0.82125        3.84745
H          5.32796        0.54017        3.47736
H          4.89393        0.59660        1.07276
H          4.73211       -1.67125        1.80358
H          1.81872       -1.29680        2.05495
H          3.00638       -2.21012       -1.53672
H          4.03249       -3.01256       -0.32888
H          4.56488       -1.50348       -1.07632
