29

C          2.78089       -0.71489       -1.33312
C          2.53389       -0.06856        0.03315
C          3.12584        1.35005        0.20252
C          4.67032        1.29271        0.14645
C          5.34511        2.63137        0.45056
N          6.79355        2.48801        0.32891
N          2.61439        2.22608       -0.85669
C          1.65170        3.16296       -0.70256
N          1.49932        3.89771       -1.81794
N          0.86258        3.36145        0.27557
C          1.06559       -0.11502        0.39414
O          0.23595        0.41489       -0.52552
O          0.65324       -0.60254        1.43727
H          3.83558       -0.98128       -1.45415
H          2.50530       -0.05278       -2.16144
H          2.19245       -1.63174       -1.44244
H          3.02023       -0.72199        0.77320
H          2.84614        1.74043        1.18847
H          4.99675        0.94672       -0.84325
H          5.02291        0.54867        0.87427
H          5.09221        2.97149        1.45985
H          5.01657        3.39921       -0.25637
H          7.14337        1.83630        1.03125
H          7.24187        3.38227        0.53136
H          3.32793        2.52447       -1.51992
H          1.53003        3.37400       -2.68313
H          0.63401        4.42929       -1.75218
H          1.02838        2.71202        1.05019
H          0.70845        0.94635       -1.19677
