30

C          1.39983       -1.18387        0.13588
C          2.77112       -0.55190       -0.03012
C          3.13410       -0.31571       -1.48557
O          2.42453       -0.66881       -2.42345
N          4.35237        0.34313       -1.60722
N          4.89371        0.63966       -2.88451
C          4.44620        1.97110       -3.35292
C          4.91711        2.31409       -4.78435
N          4.47711        3.64358       -5.23154
C          5.00833        3.91661       -6.56415
C          6.35405        0.43772       -2.91806
C          7.08510        1.34036       -2.00703
C          7.65033        2.08511       -1.25588
H          1.19949       -1.38819        1.19236
H          1.32755       -2.12672       -0.41507
H          0.61590       -0.51595       -0.23669
H          3.53005       -1.20604        0.41289
H          2.79462        0.40750        0.49837
H          4.90048        0.55433       -0.77696
H          4.77310        2.75340       -2.65576
H          3.34781        1.99207       -3.34869
H          4.53521        1.55040       -5.47230
H          6.01075        2.29706       -4.82689
H          4.82191        4.35206       -4.58409
H          4.66023        3.17228       -7.28759
H          6.10412        3.92406       -6.56286
H          4.66651        4.89771       -6.90639
H          6.73664        0.53966       -3.93903
H          6.57266       -0.60200       -2.64668
H          8.13578        2.75457       -0.58180
