24

C          2.57998        1.02178        0.37037
N          3.66634        0.53215       -0.43576
C          3.46177        0.34440       -1.83980
C          4.91428        0.26605       -1.75668
C          4.90981        1.13059       -0.67285
C          6.26694        0.86213       -0.24506
N          6.64172       -0.41275       -0.53684
N          5.76977       -0.75487       -1.49484
C          7.30602        1.82434        0.07401
C          8.59026        1.50324        0.36195
C          9.45861        2.71838        0.38793
C          8.47060        3.80321        0.09177
C          7.24466        3.27001       -0.07553
H          2.33259        0.24644        1.10939
H          1.66869        1.15866       -0.22885
H          2.80630        1.94579        0.89839
H          3.04823        1.22943       -2.32668
H          2.92373       -0.56362       -2.10628
H          5.67667       -1.73311       -1.74142
H          8.96302        0.49506        0.46270
H         10.23028        2.66425       -0.38649
H          9.93056        2.85106        1.36447
H          8.72771        4.84659        0.00882
H          6.34804        3.81923       -0.32214
