28

C          2.63360        1.31034        0.74174
C          2.29220       -0.01251        0.06099
C          3.01332       -1.26352        0.63490
C          2.54736       -1.49119        2.09136
C          2.52684       -2.52186       -0.12804
N          4.49668       -1.16449        0.49711
N          5.12886       -0.46166       -0.61850
C          4.98410       -1.14191       -1.90333
N          6.42547       -0.13713       -0.30037
C          6.58749       -0.37047        0.95525
C          5.35525       -0.93977        1.55677
N          5.25082       -1.09767        2.82749
H          2.10312        2.12730        0.24311
H          3.70285        1.53379        0.69151
H          2.32905        1.31556        1.79134
H          2.49718        0.09124       -1.01068
H          1.20595       -0.15597        0.13741
H          1.46035       -1.62672        2.13982
H          2.78687       -0.65018        2.74800
H          2.99917       -2.39433        2.51889
H          1.43436       -2.60801       -0.08159
H          2.94918       -3.43350        0.30898
H          2.79517       -2.52021       -1.18497
H          3.94446       -1.17579       -2.23612
H          5.40052       -2.15270       -1.88555
H          5.51327       -0.57064       -2.67760
H          7.48870       -0.22643        1.56426
H          6.08905       -0.77284        3.31604
