28

C          0.98447        0.04931        0.16123
N          2.44287        0.00395        0.20319
C          3.05525       -0.48106       -1.02185
C          4.52966       -0.85944       -1.16280
O          5.25458       -0.05560       -2.11086
C          5.41312        0.26137       -0.72100
C          4.59911        1.37598       -0.15229
C          5.11888        2.73347       -0.64371
C          4.74669        1.37522        1.39988
O          4.48759        0.10807        1.99862
C          3.16562        1.00430       -0.62205
C          2.46667        1.94696       -1.58226
O          2.20138        3.19357       -0.96173
H          0.58912       -0.75939        0.78534
H          0.54664       -0.08002       -0.83460
H          0.61591        0.98990        0.58364
H          2.40319       -0.77696       -1.83676
H          4.84759       -1.87556       -0.97896
H          6.37473        0.08055       -0.26719
H          6.17673        2.86485       -0.38370
H          4.57051        3.56111       -0.17912
H          5.04857        2.84450       -1.73040
H          4.07565        2.10697        1.86241
H          5.77378        1.63337        1.68188
H          3.62656       -0.18589        1.63206
H          1.51522        1.55311       -1.95270
H          3.08330        2.12281       -2.46904
H          1.73468        2.99640       -0.13012
