29

C          1.78299        0.98505        1.06278
C          2.43087        0.03747        0.07265
C          2.85839       -1.25309        0.78205
C          3.50352       -2.18547       -0.22593
C          4.01442       -3.42640        0.47092
C          4.06509       -4.58666       -0.50970
C          4.10855       -5.58193       -1.35088
N          3.23768       -3.79335        1.63335
C          2.05054       -4.63238        1.50897
C          3.50326       -3.11002        2.79942
C          3.61877       -3.94357        4.06306
N          3.76680       -1.83278        2.95182
O          3.83056       -0.99546        1.80076
H          1.43306        1.88833        0.55815
H          2.49477        1.27319        1.83983
H          0.92488        0.50507        1.54273
H          3.28938        0.52587       -0.40637
H          1.71065       -0.18990       -0.72486
H          1.95817       -1.69026        1.23002
H          4.37133       -1.69888       -0.69737
H          2.80556       -2.42304       -1.03629
H          5.05478       -3.26177        0.78726
H          4.14898       -6.39641       -2.03706
H          1.82489       -4.91885        0.47692
H          1.16599       -4.10244        1.87979
H          2.16866       -5.55657        2.08351
H          3.39578       -4.99711        3.87258
H          2.96076       -3.55934        4.84065
H          4.65855       -3.88975        4.40847
