26

C          2.32868       -0.64058        0.01802
C          1.46218        0.60504        0.06580
C          0.03204        0.26360        0.11789
C         -1.14501        0.02909        0.10797
C         -2.61060       -0.19599        0.00920
C         -3.37625        1.14251        0.11633
C         -3.06014        2.08568       -0.97886
C         -2.77539        2.82421       -1.88188
C         -2.97484       -0.96294       -1.25819
C         -4.17978       -1.86873       -1.19436
C         -2.27964       -0.83461       -2.40731
C         -2.66928       -1.60882       -3.65599
N         -2.99252       -2.25109       -4.69186
H          3.38948       -0.36453       -0.00540
H          2.11362       -1.23864       -0.87224
H          2.16167       -1.27313        0.89604
H          1.66124        1.21682       -0.81775
H          1.73102        1.20758        0.94073
H         -2.88811       -0.81574        0.87103
H         -3.13858        1.62101        1.07403
H         -4.45666        0.94845        0.11943
H         -2.50193        3.45838       -2.69455
H         -4.65382       -1.86078       -0.20965
H         -3.89684       -2.90548       -1.41480
H         -4.93793       -1.55323       -1.92241
H         -1.42036       -0.18417       -2.52185
