29

C          1.11535       -0.05009        0.24982
N          2.42591        0.00648       -0.39894
C          3.16868        1.20714        0.00437
C          4.18339        1.60319       -1.07543
C          3.55135        1.64831       -2.48067
N          4.51362        2.23118       -3.43569
C          3.00913        0.28736       -3.00901
N          3.86778       -0.87052       -2.70551
C          4.72111       -1.23373       -3.74894
O          4.84474       -0.65766       -4.82632
C          3.81047       -1.50107       -1.44668
C          4.66409       -2.73728       -1.18842
N          3.12280       -1.14701       -0.39500
H          0.60288        0.91765        0.20701
H          1.18643       -0.37095        1.29406
H          0.47803       -0.75624       -0.29076
H          3.67929        1.04728        0.96283
H          2.49152        2.05883        0.14116
H          5.04597        0.92406       -1.06036
H          4.58118        2.59182       -0.81305
H          2.70680        2.34637       -2.45410
H          5.15779        1.51691       -3.77861
H          5.06902        2.96547       -3.00117
H          2.86060        0.36352       -4.09598
H          1.99412        0.09406       -2.64557
H          5.34804       -2.10353       -3.54728
H          5.13565       -3.19179       -2.05147
H          4.03945       -3.50642       -0.72327
H          5.44678       -2.46395       -0.46970
