26

C          1.01184        0.02934        0.89185
C          2.28544       -0.09891        0.51114
N          3.30838       -0.67543        1.21933
C          4.63935       -0.76132        0.90694
N          5.24741        0.03007        0.08454
N          5.27507       -1.79409        1.54526
C          6.73387       -1.69643        1.76076
C          7.57305       -2.95734        1.70424
C          7.67328       -1.95766        0.58835
C          8.91204       -1.25047        0.40512
C          9.93764       -0.67307        0.17642
C          7.09107       -0.68768        2.78264
C          7.15837       -0.85314        4.11102
H          0.28521        0.47728        0.22027
H          0.65787       -0.30559        1.86007
H          2.57715        0.24437       -0.47935
H          3.03316       -1.05301        2.11573
H          4.59496        0.74549       -0.23366
H          4.75027       -2.29915        2.24323
H          7.08181       -3.89486        1.48269
H          8.41338       -3.05825        2.38042
H          7.18293       -2.22793       -0.34378
H         10.84007       -0.16141       -0.06923
H          7.25500        0.31304        2.38496
H          6.98575       -1.81484        4.58028
H          7.39168       -0.00897        4.75249
