30

C          4.09603        0.30937       -0.77672
N          2.98702        1.23284       -0.54421
C          3.09161        1.90485        0.74671
C          3.14080        1.13360        2.02345
C          4.04705        1.88752        2.97859
C          4.93083        2.72419        2.01505
C          3.92622        3.16827        0.92564
C          2.89644        4.16242        1.54032
C          2.09820        3.26819        2.53086
C          0.81007        3.88173        3.03201
C          3.03791        2.81799        3.69258
C          1.97006        1.99001        1.72700
O          0.71114        1.44321        1.37973
H          4.12292        0.01880       -1.83096
H          3.97844       -0.60124       -0.17895
H          5.06208        0.76266       -0.53229
H          2.11949        0.69443       -0.57621
H          3.05446        0.06741        2.10010
H          4.62548        1.25910        3.65917
H          5.70105        2.08534        1.56718
H          5.41662        3.57078        2.50922
H          4.40110        3.55107        0.01907
H          2.23325        4.53864        0.75061
H          3.37761        5.01412        2.03104
H          1.01347        4.71046        3.71845
H          0.20454        3.14314        3.56887
H          0.20135        4.26597        2.20701
H          2.47428        2.24160        4.43700
H          3.52391        3.66074        4.19441
H          0.29729        1.97084        0.67244
