29

C          0.99441        0.08168       -0.00829
C          2.54232        0.06558       -0.07212
C          3.04203       -1.34009       -0.44274
C          2.66857       -1.71144       -1.88008
C          3.17291       -0.66593       -2.88900
N          4.63985       -0.69054       -2.92011
C          5.38712       -0.37979       -4.00642
N          6.65909       -0.40628       -4.06137
C          2.64439        0.74042       -2.50639
O          3.08007        1.75057       -3.41149
C          3.03885        1.11517       -1.07534
C          3.04343        0.40479        1.32224
C          3.47328        0.69576        2.51831
H          0.52472       -0.15204       -0.96807
H          0.62151        1.06685        0.29433
H          0.61877       -0.65386        0.71171
H          2.63933       -2.08943        0.25150
H          4.13208       -1.38863       -0.31823
H          1.57685       -1.78683       -1.95861
H          3.05809       -2.70730       -2.11489
H          2.79952       -0.93083       -3.88491
H          5.12723       -0.93023       -2.07023
H          4.79351       -0.07812       -4.89072
H          7.04983       -0.72633       -3.16994
H          1.55410        0.73182       -2.59812
H          4.04047        1.87213       -3.27261
H          2.65154        2.11287       -0.83010
H          4.13061        1.21738       -1.01103
H          3.82372        0.93521        3.49609
