23

O          0.94880        0.16316       -0.17493
C          2.36584       -0.00649       -0.18112
C          2.86263       -0.46005        1.19806
C          2.39004       -1.85731        1.54623
C          1.62417       -2.14928        2.60767
C          4.39442       -0.44618        1.25094
N          5.05318       -0.69560        0.16073
N          6.43618       -0.68287        0.13281
C          7.10691       -0.42627        1.20463
C          6.53639       -0.13872        2.54818
C          5.03239       -0.16654        2.58185
H          0.67576        0.22503       -1.10685
H          2.80977        0.95845       -0.44460
H          2.62722       -0.72886       -0.96387
H          2.49025        0.24894        1.94990
H          2.68566       -2.65795        0.86996
H          1.28368       -1.38224        3.29641
H          1.29515       -3.16846        2.78976
H          8.20913       -0.41832        1.12891
H          6.91168        0.84065        2.86726
H          6.95241       -0.87000        3.25148
H          4.65066        0.79314        2.94773
H          4.69135       -0.92911        3.29272
