28

C          3.07220       -1.31651       -0.03855
C          2.52508        0.11436       -0.04012
N          2.89563        0.76254        1.23251
C          3.02050        0.90444       -1.28784
O          4.46298        0.96156       -1.30266
C          4.85888        2.32827       -1.50941
C          3.61450        3.15514       -1.47098
C          2.57258        2.32934       -1.34686
C          3.61592        4.61796       -1.50509
C          4.78298        5.28309       -1.60151
N          2.39427        5.27101       -1.44528
C          2.08942        6.51258       -0.97924
N          0.92467        7.06005       -0.95972
H          2.71291       -1.87441        0.83409
H          4.16749       -1.33701       -0.01722
H          2.74111       -1.85753       -0.93126
H          1.42988        0.06547       -0.07476
H          3.91394        0.84414        1.25910
H          2.63680        0.16274        2.01422
H          2.70246        0.38274       -2.19830
H          5.35837        2.39369       -2.48351
H          5.56604        2.59294       -0.71665
H          1.53139        2.60010       -1.26001
H          5.74647        4.78982       -1.65675
H          4.81866        6.36603       -1.65805
H          1.61324        4.70979       -1.75448
H          2.94557        7.06861       -0.56061
H          0.22758        6.43131       -1.36423
