24

N          1.33831       -0.50252       -0.51345
C          2.69583       -0.03378       -0.11775
C          3.28798       -1.09312        0.85974
O          4.70101       -1.24877        0.75770
C          2.85608       -0.59361        2.22333
C          3.43722        0.62392        2.92892
C          4.44249        1.46684        2.30203
C          4.08045        1.83569        1.06626
C          2.69353        1.27801        0.75162
C          1.82314        2.39298        0.12962
O          1.69146        3.54627        0.96960
N          2.21852        0.74850        2.10494
H          1.03340       -0.05859       -1.37678
H          0.67478       -0.24553        0.21562
H          3.31549        0.07199       -1.01095
H          2.86427       -2.08545        0.66898
H          5.10108       -0.37519        0.63038
H          2.33283       -1.33698        2.80472
H          3.31380        0.68261        4.00305
H          5.35830        1.76167        2.80357
H          4.63591        2.50545        0.42190
H          0.81114        2.05082       -0.11019
H          2.28155        2.72929       -0.80811
H          1.42820        3.20053        1.84121
