29

C          0.88107       -0.75143       -0.40924
C          2.37092       -0.52108       -0.13572
O          2.47011       -0.33247        1.28560
C          3.12483       -1.81133       -0.55474
C          4.64133       -1.63756       -0.62211
C          5.01129       -0.63704       -1.70963
C          4.25406        0.63885       -1.58604
O          4.19701        1.16697       -0.26827
C          2.93391        0.72556       -0.83028
C          2.01490        1.88236       -1.15591
C          1.51637        2.71603        0.01248
N          1.90985        2.47006        1.28774
N          0.68861        3.69409       -0.18761
H          0.54073       -1.67887        0.06686
H          0.67010       -0.81924       -1.48121
H          0.26344        0.04589        0.01969
H          3.23997       -0.83431        1.60455
H          2.77401       -2.14117       -1.54161
H          2.89965       -2.61589        0.15519
H          5.11512       -2.60120       -0.84218
H          5.02977       -1.30693        0.34786
H          4.79982       -1.07163       -2.69320
H          6.08828       -0.43401       -1.67492
H          4.46034        1.32966       -2.39526
H          1.14304        1.52883       -1.71694
H          2.52590        2.58284       -1.83400
H          2.20883        1.51878        1.51203
H          1.32323        2.90397        1.98900
H          0.48517        3.79267       -1.18734
