27

C          1.78362        0.18950        1.27392
C          2.36877       -0.09301       -0.12488
C          1.21916       -0.43603       -1.08645
C          0.67123       -1.81090       -0.75632
N          1.12607       -2.98045       -1.50055
C          1.56872       -2.86979       -0.11179
C          2.99964       -2.54707        0.26263
N          3.87700       -3.59073       -0.29173
C          3.41032       -1.20078       -0.29207
C          4.60430       -0.47491        0.23141
N          5.70299       -1.04531        0.57021
N          4.37108        0.87349        0.14926
O          3.12650        1.08537       -0.49768
H          1.07409       -0.57111        1.60933
H          1.25218        1.15172        1.25354
H          2.55941        0.29316        2.03838
H          1.56305       -0.39787       -2.12801
H          0.42065        0.31240       -1.01712
H         -0.36954       -1.79732       -0.45261
H          1.86515       -2.74120       -2.15879
H          1.11508       -3.57986        0.57234
H          3.10180       -2.56206        1.35363
H          3.83115       -3.57508       -1.31308
H          3.50932       -4.50856       -0.03627
H          3.62795       -1.30612       -1.36778
H          5.60556       -2.07041        0.47468
H          5.15249        1.44865       -0.15317
