30

C          1.01671        0.16491        0.10361
C          2.49243       -0.20553        0.02537
N          3.11337        0.49730       -1.09515
C          4.51644        0.15767       -1.25139
C          5.43537        0.53665       -0.05055
C          6.47151        0.61151       -1.22989
C          5.28623        1.31846       -1.97007
C          6.55234       -0.82351       -1.80063
N          7.31633       -0.84740       -3.04523
C          5.01871       -1.16029       -1.85911
C          4.43122       -1.44086       -3.23578
O          4.71602       -2.28567       -1.02877
H          0.55652       -0.30554        0.97729
H          0.47802       -0.17545       -0.78786
H          0.88120        1.24714        0.19505
H          2.57094       -1.29160       -0.09341
H          2.97066        0.07202        0.96993
H          2.92033        1.49599       -1.01539
H          5.62274       -0.22957        0.70682
H          5.22950        1.48319        0.46405
H          7.39236        1.16871       -1.05897
H          5.31281        1.31776       -3.06266
H          5.07382        2.34489       -1.64141
H          7.06308       -1.47370       -1.08006
H          6.87405       -0.25572       -3.74722
H          7.28741       -1.79281       -3.43071
H          4.58992       -0.62688       -3.94792
H          3.34985       -1.60722       -3.16314
H          4.85529       -2.35894       -3.65728
H          5.00959       -2.09516       -0.12380
