21

N          1.90439        1.55578       -0.24768
C          2.39654        0.19037       -0.01534
C          2.80331       -0.49670       -1.29467
C          3.39376        0.19896       -2.36818
O          3.59550        1.55993       -2.32178
C          3.79118       -0.43375       -3.54077
O          4.33712        0.30399       -4.55392
C          3.63743       -1.79966       -3.71030
C          3.08243       -2.55206       -2.65787
C          2.68583       -1.90054       -1.47923
S          2.07558       -3.09960       -0.38208
C          2.36809       -4.31760       -1.54117
N          2.88495       -3.92512       -2.67961
H          1.61374        1.94232        0.65368
H          1.03683        1.48666       -0.78887
H          1.60571       -0.36848        0.49447
H          3.26455        0.23208        0.65162
H          3.12154        1.87944       -1.51763
H          4.34771        1.21978       -4.20711
H          3.94322       -2.28656       -4.62881
H          2.13474       -5.35607       -1.34453
