25

C          0.87517        0.28345       -0.00842
N          2.30286        0.23868       -0.23768
C          2.89191       -0.59496       -1.04025
N          4.29940       -0.65867       -1.09866
N          4.98666        0.19212       -0.19402
C          6.26319        0.64051       -0.49303
C          6.79805        1.63443        0.50274
O          6.95213        0.27644       -1.44358
C          4.89437       -1.77329       -1.64843
C          4.19899       -2.69197       -2.32032
N          2.84759       -2.62191       -2.52994
C          2.18838       -1.64061       -1.97407
C          0.72818       -1.54208       -2.31446
H          0.67030        0.96618        0.82323
H          0.48089       -0.68966        0.29804
H          0.32955        0.67945       -0.86826
H          4.34864        0.77362        0.34856
H          6.52390        1.35231        1.52273
H          6.41783        2.63115        0.26995
H          7.89196        1.64593        0.44015
H          5.96630       -1.87134       -1.51547
H          4.70846       -3.54560       -2.75979
H          0.49770       -2.22163       -3.14278
H          0.47454       -0.53335       -2.64355
H          0.11587       -1.85520       -1.46761
