28

C          2.54623       -4.81156        2.23587
C          3.30486       -4.65715        0.94570
C          2.97539       -3.69949        0.03517
C          3.63643       -2.38455        0.25849
C          4.93685       -2.36939       -0.11990
C          5.70070       -2.16856        1.10326
C          6.91339       -3.01425        1.35649
C          6.73127       -4.51184        0.93847
N          5.64965       -5.26555        1.60034
C          4.48343       -5.60070        0.75941
C          4.93276       -1.56083        2.02444
C          3.53291       -1.48672        1.48396
O          2.61387       -1.92128        2.45791
H          1.67988       -4.14642        2.28422
H          3.18453       -4.62081        3.10408
H          2.15603       -5.83091        2.31025
H          3.21747       -3.95658       -1.00531
H          5.34606       -3.00710       -0.89404
H          7.17666       -2.98093        2.42208
H          7.76451       -2.59428        0.80932
H          7.66867       -5.01934        1.20167
H          6.67008       -4.59917       -0.15221
H          5.33887       -4.76785        2.43129
H          4.15224       -6.60368        1.05639
H          4.76513       -5.69280       -0.29727
H          5.18496       -1.42494        3.06537
H          3.27171       -0.46396        1.18692
H          2.60969       -1.24837        3.15248
