32

C          2.47378        0.98942        1.08657
N          2.30123       -0.02354        0.05051
C          2.94451       -1.29062        0.38951
C          2.31316       -1.99178        1.59821
C          2.79884       -3.42294        1.45736
O          4.15565       -3.57724        1.89224
C          2.69594       -3.70082       -0.04690
O          3.65062       -4.67355       -0.43609
C          2.84637       -2.33483       -0.75833
C          4.00668       -2.20704       -1.75773
C          3.88094       -3.12536       -2.97253
O          5.01039       -2.90175       -3.82056
C          5.05770       -3.85772       -4.87424
H          1.98526        1.91939        0.77309
H          3.53192        1.20860        1.26150
H          2.00811        0.68840        2.03142
H          2.69095        0.33671       -0.82478
H          4.00576       -1.09722        0.59704
H          1.21837       -1.95771        1.53977
H          2.63415       -1.54057        2.54336
H          2.19477       -4.12644        2.03957
H          4.68582       -2.81990        1.58628
H          1.69964       -4.09791       -0.27720
H          4.29203       -4.74561        0.30054
H          1.90916       -2.15446       -1.30831
H          4.96274       -2.39879       -1.25418
H          4.07196       -1.17177       -2.11564
H          2.96577       -2.89526       -3.52956
H          3.85752       -4.17892       -2.68702
H          5.93140       -3.64437       -5.49533
H          4.15829       -3.78664       -5.49488
H          5.15796       -4.87228       -4.46970
