21

N          1.00668        0.14280        0.18608
N          2.35085        0.05262        0.11947
C          2.93583        0.66908       -0.85669
C          4.49464        0.64519       -0.96713
C          4.79686        1.21807       -2.38776
C          3.50316        1.88018       -2.74203
N          3.27327        2.73602       -3.68779
C          1.92668        3.07119       -3.59666
O          1.33555        3.86178       -4.31398
S          1.09275        2.19661       -2.26115
N          2.51904        1.44723       -1.90567
C          5.11480       -0.70454       -0.74480
C          6.01222       -0.95445        0.21925
H          0.61764       -0.63305        0.72558
H          0.54302        0.15730       -0.72346
H          4.85788        1.36339       -0.21885
H          5.00322        0.43346       -3.12383
H          5.62001        1.93570       -2.37597
H          4.80585       -1.52005       -1.39582
H          6.34005       -0.18174        0.90990
H          6.42909       -1.94682        0.35279
