28

C          0.93742        0.14653        0.12946
C          2.42044        0.00644        0.21037
C          3.27155        0.74004       -0.79012
C          4.56256        1.39772       -0.38364
C          5.66157        0.39076       -0.03932
C          5.61458       -0.76502       -1.02864
C          4.38030       -1.46023       -0.48800
N          3.13325       -0.73055       -0.83895
C          4.78335       -1.36281        0.97437
N          5.42440       -0.25505        1.28965
N          4.53316       -2.36862        1.89970
C          4.59761       -3.77065        1.50944
O          5.24937       -2.15755        3.09777
H          0.62463        1.09205        0.58718
H          0.45009       -0.66840        0.67385
H          0.57070        0.13506       -0.90261
H          2.74883       -0.01554        1.24202
H          2.76562        1.28582       -1.57923
H          4.39035        2.10437        0.43492
H          4.90945        1.98406       -1.24488
H          6.64377        0.87487       -0.02752
H          6.50107       -1.40427       -0.91240
H          5.54124       -0.45672       -2.07628
H          4.31408       -2.49030       -0.84333
H          3.87927       -3.99837        0.71665
H          4.36606       -4.42055        2.36003
H          5.60459       -4.01930        1.15357
H          5.55167       -1.22501        3.01142
