26

C          1.03934       -0.00493        0.01158
N          2.48414        0.07424       -0.22935
N          2.93392       -1.17459       -0.69048
S          4.55752       -1.54571       -0.27664
O          4.73531       -2.94613       -0.61024
O          4.86187       -1.04098        1.04963
C          5.57046       -0.60049       -1.45341
O          6.31907       -1.15342       -2.25488
N          5.39718        0.76692       -1.46422
C          4.44703        1.53824       -0.68448
C          2.94093        1.26279       -1.01262
C          2.72167        1.09230       -2.53380
C          2.18019        2.54833       -0.59218
H          0.79679       -0.90088        0.59642
H          0.47043       -0.05162       -0.92329
H          0.67948        0.83776        0.60976
H          2.66946       -1.45971       -1.63638
H          5.97429        1.24794       -2.14357
H          4.69370        2.58688       -0.89188
H          4.65389        1.38906        0.38177
H          3.23674        0.21614       -2.94102
H          3.10094        1.96402       -3.07954
H          1.65895        0.98566       -2.77564
H          2.25336        2.72354        0.48699
H          1.12027        2.50769       -0.86744
H          2.59331        3.43086       -1.09630
