28

N          0.94901       -0.19633        0.15943
C          2.40804       -0.08212        0.24186
C          3.25552       -0.72108       -0.81436
C          3.21966        0.79616       -0.70639
N          4.45682        1.41820       -0.13877
C          4.10513        2.75033        0.36452
C          3.26790        3.55659       -0.67328
N          4.06400        4.10417       -1.78026
C          2.07900        2.71683       -1.11814
C          1.28095        1.94976       -2.31635
N          0.85319        0.61974       -2.85055
C          2.66133        1.61751       -1.91147
H          0.65292       -1.14181        0.38524
H          0.65615       -0.04051       -0.81382
H          2.78322       -0.15076        1.26082
H          2.76442       -1.18899       -1.65723
H          4.15297       -1.23551       -0.49476
H          5.14866        1.51505       -0.88034
H          5.01233        3.29878        0.64106
H          3.51586        2.63338        1.28350
H          2.87792        4.42631       -0.11960
H          4.60245        3.35155       -2.20286
H          4.76584        4.73504       -1.39120
H          1.44433        3.60755       -1.25499
H          0.30925        2.20193       -1.86773
H          1.57805        0.24411       -3.46606
H          0.05363        0.75319       -3.47317
H          3.37144        1.78037       -2.71734
