23

C          1.02501       -0.06027        0.02004
C          2.36308       -0.09196        0.04395
C          3.16646       -0.00549       -1.15645
C          4.51492       -0.02410       -1.21266
C          5.45601       -0.07697       -0.02443
N          6.57281        0.67203       -0.53545
C          6.61535        0.70242       -1.88738
N          7.59928        1.12595       -2.59438
C          5.33750        0.14980       -2.49542
C          4.76501        1.08670       -3.53815
O          3.72430        0.87225       -4.15971
C          5.89178       -1.46016        0.22773
C          6.27645       -2.59367        0.37742
H          0.45419       -0.12959        0.94104
H          0.46239        0.03104       -0.90454
H          2.85417       -0.18826        1.00768
H          2.60299        0.07940       -2.08636
H          5.05618        0.40783        0.86935
H          7.24125        1.10387        0.08184
H          8.36440        1.40158       -1.97115
H          5.56793       -0.81758       -2.95537
H          5.33648        2.01215       -3.72746
H          6.64036       -3.59085        0.46724
