30

C          1.06774       -0.49185        0.11814
C          2.55539       -0.17923        0.08970
N          3.22605       -1.15949        0.97219
C          3.98913       -0.26707        1.86264
C          4.56185        0.79666        0.88462
C          3.02827        1.15031        0.73366
C          2.96333        0.85343        2.28284
O          3.41883        1.86449        3.20993
C          2.69307        2.48238        0.05981
C          3.29746        3.68267        0.80905
O          3.26848        2.45980       -1.25809
C          1.18128        2.73940       -0.10119
O          0.47162        2.76408        1.12875
H          0.89322       -1.55444       -0.09081
H          0.52715        0.04998       -0.65952
H          0.59830       -0.26764        1.08003
H          2.93369       -0.27728       -0.93591
H          3.79983       -1.78552        0.40793
H          4.63445       -0.72145        2.61236
H          5.08020        0.41810       -0.00532
H          5.21524        1.54879        1.33784
H          2.00046        0.47830        2.64542
H          4.38861        1.80835        3.23690
H          4.37854        3.58178        0.94445
H          2.84107        3.83125        1.79198
H          3.15430        4.60573        0.23379
H          4.21504        2.67003       -1.18436
H          0.70968        2.03899       -0.78927
H          1.03124        3.71790       -0.57548
H          0.44428        1.86663        1.49381
