27

C          1.56931        0.20542        0.11629
C          2.98332       -0.02708       -0.30945
C          3.47669       -1.41485       -0.37420
C          3.80313       -2.27749        0.83897
N          4.81654       -1.65733       -0.00498
C          5.34561       -0.40674        0.51823
C          4.17961        0.50423        0.43141
N          3.79475        1.05799       -0.88230
C          3.42424        2.46287       -0.70697
C          2.95097        3.06475       -2.05628
C          4.08332        4.10110       -1.89023
O          4.32653        5.18195       -2.38403
C          4.76645        3.25911       -0.80588
H          1.14898       -0.69262        0.58484
H          0.94745        0.43557       -0.75574
H          1.47036        1.01952        0.83885
H          3.12661       -1.97426       -1.24006
H          3.72886       -3.35283        0.74694
H          3.66340       -1.88681        1.83902
H          6.17190       -0.04552       -0.10271
H          5.70854       -0.50842        1.54703
H          4.03355        1.09562        1.32315
H          2.80268        2.74071        0.15163
H          1.95509        3.51595       -2.03319
H          3.06216        2.45125       -2.95399
H          5.04556        3.80878        0.09441
H          5.64115        2.72168       -1.19353
