29

C          1.12841       -0.76896        0.19446
C          2.64079       -0.85030        0.31280
O          3.18460       -0.85522       -1.00064
C          4.61250       -0.87744       -1.09791
C          4.92199       -0.65331       -2.58523
O          5.26252        0.19230       -0.37425
C          6.47692       -0.27869        0.05245
N          6.56074       -1.62967       -0.14131
C          5.27105       -2.15381       -0.50942
C          5.40708       -3.34112       -1.44291
N          7.34154        0.51107        0.58399
O          8.49630       -0.22547        0.92409
C          9.54422        0.68259        1.23514
H          0.65657       -0.82146        1.17993
H          0.74535       -1.58924       -0.42201
H          0.82680        0.16351       -0.29306
H          2.88921       -1.77769        0.83391
H          3.01795        0.00255        0.88480
H          4.53793        0.32338       -2.90564
H          4.43681       -1.40612       -3.21523
H          5.99767       -0.65047       -2.78909
H          7.14225       -2.10768        0.53436
H          4.76154       -2.48320        0.39985
H          6.11178       -3.14249       -2.25735
H          4.43983       -3.61805       -1.87200
H          5.79544       -4.20612       -0.89378
H         10.43975        0.10305        1.47328
H          9.27374        1.28821        2.10490
H          9.76237        1.32572        0.37690
