20

C          0.99902        0.32011        0.09056
C          2.48053        0.15466        0.03057
N          3.29236        1.16235       -0.08570
N          4.62286        0.66447       -0.11738
C          4.57650       -0.62517       -0.01998
C          3.17865       -1.18709        0.09916
C          2.94819       -1.83592        1.45827
O          2.75527       -2.00357       -0.98575
C          3.51337       -3.09530       -1.23523
N          3.04592       -3.77236       -2.30439
O          4.49994       -3.44652       -0.60817
H          0.74410        1.38376        0.13887
H          0.59928       -0.17299        0.97953
H          0.54320       -0.11214       -0.80274
H          5.46608       -1.26766       -0.01552
H          3.16586       -1.14460        2.28089
H          3.58266       -2.71645        1.59959
H          1.91170       -2.17573        1.56129
H          2.28493       -3.40790       -2.85547
H          3.56899       -4.57260       -2.63063
