26

N          1.15957       -2.12520       -0.69625
N          2.50205       -2.28439       -0.61990
C          3.15504       -1.18692       -0.43543
O          4.50422       -1.12055       -0.34031
C          5.21265       -2.35726       -0.53000
C          6.70393       -2.06224       -0.39763
C          7.55559       -3.32285       -0.56378
C          9.06105       -3.02331       -0.52608
C          9.57250       -2.47164        0.79946
C         10.44433       -3.59461        1.24553
N         10.54156       -4.59216        0.43090
N          9.85721       -4.24318       -0.68060
H          0.70363       -3.04060       -0.69647
H          0.77376       -1.61102        0.09834
H          2.71257       -0.18272       -0.32651
H          4.99359       -2.75272       -1.52861
H          4.90139       -3.07930        0.23356
H          6.88462       -1.59734        0.57838
H          6.98993       -1.31048       -1.14397
H          7.31398       -3.78551       -1.52987
H          7.28921       -4.05260        0.21099
H          9.30544       -2.32934       -1.33887
H          8.80280       -2.30336        1.55591
H         10.18379       -1.57372        0.67824
H         10.95064       -3.55566        2.21936
H          9.35252       -5.02954       -1.09261
