28

C          3.66204        0.53990       -1.01188
C          2.60313        0.03401       -0.02716
C          3.08175       -0.63251        1.25263
N          2.17443       -1.12561        2.17202
C          0.82650       -1.21500        2.32420
C         -0.19048       -0.71175        1.34841
O          0.43015       -1.75219        3.36819
C          4.40164       -0.75238        1.52982
C          5.04605       -1.43552        2.71542
C          6.36492       -2.08078        2.38519
C          7.53456       -1.72481        2.94027
C          6.37509       -3.22501        1.43351
O          5.36038       -3.66789        0.91186
H          3.18062        0.99034       -1.88654
H          4.29713       -0.27760       -1.37063
H          4.29895        1.30629       -0.55726
H          1.98700       -0.68395       -0.58172
H          1.98319        0.89794        0.23895
H          2.57680       -1.55545        2.99614
H          0.20694       -0.24774        0.45718
H         -0.81929        0.02368        1.86036
H         -0.81652       -1.55517        1.04055
H          5.12690       -0.32999        0.83917
H          4.40337       -2.21122        3.14459
H          5.18941       -0.67541        3.49426
H          7.58609       -0.91935        3.66801
H          8.46940       -2.22637        2.70751
H          7.36460       -3.66358        1.22078
