25

C          5.68983        5.39194        3.25325
C          5.47837        5.65400        1.76752
C          4.26102        6.48405        1.43822
C          2.85229        6.22239        1.89689
C          2.38894        5.22241        2.84250
N          2.13525        3.96836        2.69533
N          2.42864        3.32680        1.54833
C          2.64904        1.90285        1.73597
C          3.84027        1.68777        0.86490
C          3.86667        2.54015       -0.16807
C          3.18665        3.71538        0.46352
N          3.54410        4.87446       -0.01611
N          3.16896        6.03286        0.50414
H          6.64545        4.87092        3.39761
H          4.90326        4.75252        3.67115
H          5.71905        6.32684        3.82190
H          5.51811        4.69513        1.24701
H          6.35108        6.19934        1.38051
H          4.53513        7.52927        1.31047
H          2.26979        7.12369        2.04778
H          2.14907        5.62420        3.83898
H          1.79667        1.31795        1.36075
H          2.86990        1.61918        2.76638
H          4.69996        1.11003        1.17986
H          4.54155        2.59664       -1.00397
