22

O          2.04532       -1.54800        0.16462
C          2.49210       -0.20445       -0.00710
C          2.94045        0.39128        1.28439
C          3.56754       -0.25661        2.33797
N          3.78969        0.64271        3.34822
C          3.31193        1.86547        2.96712
C          2.80092        1.74820        1.69058
C          2.22920        2.91949        1.03979
O          1.81375        2.90082       -0.11659
C          2.07658        4.14789        1.95737
N          3.19386        4.27354        2.92860
C          3.32348        3.09616        3.79727
H          1.55346       -1.77106       -0.64215
H          1.65932        0.36646       -0.42797
H          3.31586       -0.20376       -0.72790
H          3.85466       -1.29451        2.44900
H          4.22784        0.42382        4.23649
H          1.11651        4.07323        2.48101
H          2.06166        5.04213        1.32603
H          3.03514        5.09574        3.50759
H          2.49928        3.06648        4.51865
H          4.26090        3.17226        4.35827
