25

C          1.01380       -0.04646        0.08335
C          2.55361       -0.08012        0.05755
C          3.07442       -0.09951        1.49139
C          4.58734       -0.05861        1.46139
C          5.11873        1.19534        0.77546
C          4.24900        1.74636       -0.35788
N          2.96235        1.14149       -0.62228
C          5.15133       -1.28015        0.77995
O          6.24605       -1.73854        1.07544
C          4.35165       -1.90048       -0.36307
O          4.79952       -2.88070       -0.94820
C          3.00097       -1.33228       -0.71319
H          0.64046        0.84835        0.59650
H          0.60569       -0.91667        0.61281
H          0.59397       -0.04876       -0.92996
H          2.72883       -1.00381        2.01044
H          2.69068        0.75666        2.06016
H          4.95678       -0.08601        2.49467
H          6.13014        1.01710        0.38509
H          5.22727        1.97821        1.53632
H          4.83823        1.75482       -1.27976
H          4.05768        2.80911       -0.13727
H          2.73074        1.15338       -1.61731
H          2.28662       -2.14696       -0.53209
H          2.99361       -1.14350       -1.79448
