27

C          0.93645       -0.02493        0.01736
C          2.46871        0.04315       -0.09724
C          2.86667       -0.51702       -1.48815
C          4.36652       -0.52124       -1.77392
O          4.62227       -1.10800       -3.04405
C          3.05039        1.44672        0.14866
N          2.42340        2.44953       -0.75349
C          2.29303        3.56268       -0.09187
N          1.72117        4.63651       -0.70967
C          2.78280        3.69484        1.33302
S          3.01741        2.03059        1.84500
O          4.33724        1.89962        2.43683
O          1.82459        1.60825        2.54731
H          0.60662       -1.07022        0.02728
H          0.44211        0.46776       -0.82695
H          0.55722        0.43244        0.93176
H          2.88464       -0.62877        0.66447
H          2.35987        0.04250       -2.28596
H          2.49135       -1.54552       -1.58096
H          4.91437       -1.08297       -1.01308
H          4.77009        0.49247       -1.81802
H          4.27971       -2.01720       -3.02551
H          4.12259        1.43980       -0.07621
H          1.22769        4.38945       -1.56433
H          1.22737        5.31394       -0.13946
H          2.04916        4.19225        1.96719
H          3.73932        4.22154        1.34192
