22

C          1.02017        0.08187        0.03951
C          2.36292        0.02728        0.03639
C          3.24556        1.24652        0.04710
N          4.47624        0.76038       -0.54329
C          4.49156       -0.60281       -0.62375
N          5.50388       -1.28618       -1.05314
C          3.21173       -1.22945       -0.09985
C          2.64155       -2.20705       -1.03466
C          2.14365       -3.10367       -1.83978
C          1.56322       -4.14892       -2.77836
C          0.06426       -4.18487       -2.65886
O         -0.70000       -4.04546       -3.60947
H          0.48708        1.02469        0.09180
H          0.41140       -0.81626       -0.01205
H          3.45281        1.55160        1.08022
H          2.82561        2.08964       -0.51030
H          4.94662        1.32362       -1.24241
H          6.25135       -0.63188       -1.30518
H          3.41399       -1.66712        0.88619
H          1.95586       -5.13787       -2.52434
H          1.84073       -3.91134       -3.80986
H         -0.32873       -4.39953       -1.64977
