21

C          0.98850        0.15421       -0.05383
C          2.45215       -0.06103       -0.06112
C          3.13599       -1.24101       -0.13026
N          4.49872       -1.00435       -0.09429
C          4.72854        0.33302       -0.03157
C          3.48169        0.94783       -0.01148
C          5.20757       -2.20499       -0.10006
C          4.25481       -3.15684       -0.15143
O          4.25943       -4.51272       -0.08525
C          2.89047       -4.80954       -0.02625
O          2.46128       -5.95634        0.03959
C          2.00262       -3.54074       -0.04209
N          3.01760       -2.57513       -0.21225
H          0.44443       -0.79574       -0.04938
H          0.68082        0.71702       -0.94091
H          0.68908        0.71821        0.83515
H          5.72938        0.73984       -0.00340
H          3.32005        2.01797        0.03610
H          6.27714       -2.26828       -0.02726
H          1.48024       -3.44542        0.91376
H          1.31668       -3.57182       -0.89219
