25

O          1.53680       -0.29625        0.26821
C          2.93773       -0.17215       -0.08014
C          3.62731       -1.43029        0.32463
C          4.06432       -0.19999        1.00003
C          3.61709        0.87034        1.89357
C          3.21284        0.68842        3.16079
C          3.73087        2.20205        1.22639
C          2.61789        2.95387        0.54264
C          1.21560        2.56085        0.64450
C          0.47592        2.56824        1.76345
N          3.61870        2.25918       -0.26537
C          3.24071        1.00137       -0.97164
H          1.38321       -0.03061        1.19126
H          4.28976       -1.88938       -0.40045
H          3.08039       -2.15954        0.91190
H          5.10199        0.00029        0.72094
H          3.16782       -0.30316        3.59798
H          2.91655        1.52850        3.77942
H          4.54398        2.80576        1.62148
H          2.73187        4.03603        0.51555
H          0.72160        2.27352       -0.28196
H          0.89925        2.86239        2.71807
H         -0.56673        2.26926        1.74332
H          4.08672        0.73376       -1.61693
H          2.40316        1.19569       -1.65205
