28

C          5.75644        4.85419       -1.84327
C          5.85426        3.55503       -1.12138
C          4.60234        3.02818       -0.44121
C          4.32592        1.59080       -0.56796
C          5.20944        0.63174       -0.24919
C          6.53397        1.03162        0.33773
C          6.41692        2.39574        1.07241
C          7.75349        2.80515        1.76732
N          8.90252        3.01079        0.86815
C          7.53134        4.07124        2.65451
O          8.67239        4.39389        3.45284
N          5.76635        3.50610        0.32915
H          5.25885        4.70487       -2.80897
H          6.75288        5.26061       -2.03828
H          5.18353        5.60271       -1.28456
H          6.51604        2.87079       -1.63477
H          3.72995        3.67073       -0.37792
H          3.35555        1.30947       -0.96772
H          4.98199       -0.41851       -0.39418
H          7.28465        1.05747       -0.46019
H          6.85313        0.26391        1.05375
H          5.72942        2.20560        1.91274
H          8.04740        1.99513        2.44187
H          8.73399        3.85754        0.32223
H          8.96161        2.25107        0.19563
H          6.69948        3.90543        3.34751
H          7.29809        4.95588        2.04990
H          9.19026        3.57810        3.56076
