29

C          1.35616        0.26295       -0.42974
C          2.67643       -0.15126        0.19007
N          2.84731       -1.62944        0.23525
C          4.27542       -1.81669        0.60402
C          4.92675       -0.67179       -0.07176
O          6.16850       -0.93464       -0.73287
C          6.20276        0.08783        0.27388
C          6.98063       -0.16446        1.49827
C          5.99652        1.45546       -0.29234
C          5.98886        2.92389        0.12392
C          4.57717        2.88164       -0.61709
N          4.48839        1.56366        0.02998
C          3.92685        0.35804       -0.56659
H          0.51886       -0.22386        0.08620
H          1.29804       -0.00092       -1.48976
H          1.21261        1.34530       -0.33664
H          2.68285        0.20130        1.23167
H          2.72130       -1.99777       -0.71050
H          4.63476       -2.78575        0.24694
H          4.38619       -1.76711        1.69100
H          6.96814       -1.22133        1.78220
H          6.57268        0.41110        2.33312
H          8.02524        0.13496        1.35890
H          6.25150        1.39755       -1.37064
H          6.74556        3.56473       -0.33558
H          5.95234        3.11999        1.20472
H          4.61552        2.88426       -1.71441
H          3.85116        3.62401       -0.27870
H          3.83891        0.35517       -1.65904
