33

C          1.07922        0.30250       -0.44066
C          2.56439        0.09043       -0.24409
N          3.19830        1.14964        0.59664
C          4.07908        0.09381        1.17121
C          2.98350       -0.94367        0.83895
N          3.57666       -2.12179        0.19536
C          2.53217       -3.10123       -0.12944
C          3.15602       -4.35231       -0.78790
O          4.08148       -4.93966        0.13792
C          2.04747       -5.35151       -1.17629
C          2.52751       -6.64336       -1.80229
C          3.26785       -6.57663       -3.11056
C          2.26755       -7.83482       -1.24062
H          0.88897        1.14050       -1.11976
H          0.56137        0.50572        0.50492
H          0.61817       -0.58706       -0.88199
H          3.07633       -0.02315       -1.21184
H          2.56755        1.55994        1.28530
H          4.29988        0.22133        2.23493
H          5.02812       -0.00873        0.63015
H          2.27086       -1.12415        1.65340
H          4.30282       -2.59697        0.73923
H          1.79338       -2.66266       -0.80790
H          2.02101       -3.39793        0.79609
H          3.72572       -4.05165       -1.67597
H          3.56546       -5.43039        0.80108
H          1.34763       -4.86956       -1.87079
H          1.46859       -5.59019       -0.27364
H          3.29452       -5.55937       -3.51380
H          2.78017       -7.20922       -3.86162
H          4.30107       -6.91783       -2.98389
H          1.71821       -7.92242       -0.30816
H          2.59943       -8.76148       -1.70239
