26

C          0.82809       -2.42721       -2.53464
C          2.32534       -2.54653       -2.75253
O          2.86315       -1.23765       -2.96258
C          4.21146       -1.27461       -3.20507
C          5.02623       -0.27545       -2.85069
C          6.45333       -0.29712       -3.08834
C          7.31830       -0.07301       -2.09041
O          6.78504       -0.48793       -4.41721
C          8.07536       -1.08327       -4.65853
C          8.43834       -1.19677       -6.11703
C          9.14294       -0.19702       -5.25049
O         10.50518       -0.50665       -4.91087
H          0.38243       -3.40965       -2.35257
H          0.34610       -1.97998       -3.41020
H          0.60971       -1.77689       -1.68149
H          2.51333       -3.18159       -3.62637
H          2.79060       -2.99901       -1.86834
H          4.56187       -2.16622       -3.70851
H          4.62199        0.59196       -2.33715
H          6.97110        0.07946       -1.07178
H          8.39133       -0.04082       -2.24690
H          8.37615       -1.91873       -4.03484
H          7.73239       -0.81732       -6.84756
H          8.97407       -2.07961       -6.43912
H          8.90164        0.84962       -5.40740
H         10.64437       -1.45343       -4.73947
