31

C          2.93939        0.07946       -1.59706
N          2.40513        0.07595       -0.24226
C          2.91688        1.16812        0.63491
C          4.45805        1.22272        0.74498
O          4.95012        2.26250        1.58526
C          4.84539        3.55353        0.99672
C          6.06207        4.35962        1.42973
O          3.71324        4.28724        1.43256
C          2.45549        3.61022        1.43315
C          2.11729        3.12378        2.83437
C          2.88870        3.23348        3.93040
C          2.28267        2.55620        0.28765
N          0.85534        2.40434       -0.11449
H          2.35488       -0.61630       -2.20822
H          3.97885       -0.25611       -1.62082
H          2.86617        1.06360       -2.06946
H          2.62074       -0.82306        0.19284
H          2.54498        0.89377        1.63018
H          4.93658        1.30582       -0.23703
H          4.80750        0.27865        1.17986
H          4.85776        3.50487       -0.09915
H          6.06389        4.50251        2.51632
H          6.04975        5.35449        0.97243
H          6.99087        3.84843        1.16031
H          1.73165        4.41059        1.23603
H          1.14770        2.64359        2.94289
H          3.86380        3.71426        3.89210
H          2.56075        2.85404        4.88832
H          2.78151        2.94602       -0.60751
H          0.35408        1.95716        0.65302
H          0.84647        1.68163       -0.84180
