23

O          4.14938        0.19463        3.04039
N          3.92924       -1.04759        2.43188
C          4.66021       -1.12801        1.36511
N          4.71541       -2.21776        0.52518
O          3.55664       -3.01156        0.58588
C          5.31078       -2.17592       -0.80707
C          6.77983       -1.84810       -0.83180
C          7.37481       -0.61300       -0.97960
C          8.79501       -0.68555       -0.90212
C          9.26880       -1.97419       -0.72336
S          7.94781       -3.08296       -0.64716
C         10.59700       -2.47670       -0.59958
C         11.67449       -1.68069       -0.60643
H          3.63495        0.11852        3.86550
H          5.32009       -0.29907        1.05467
H          3.27825       -2.91536        1.52197
H          4.76730       -1.44321       -1.41784
H          5.15726       -3.14583       -1.29903
H          6.82061        0.30845       -1.11081
H          9.43766        0.18298       -0.97258
H         10.74327       -3.54962       -0.49139
H         11.61710       -0.60251       -0.70477
H         12.66782       -2.10766       -0.50696
