24

C          0.82877        0.64880        0.06206
C          2.30950        0.28697        0.12908
C          3.03282        1.41712        0.81632
N          3.71131        1.32408        1.91274
N          3.72631        0.11501        2.50960
C          3.76898       -1.10097        1.69993
C          2.59578       -1.12838        0.71052
C          1.41333       -2.18654        1.04447
C          1.38480       -2.60412       -0.46065
C          2.85126       -2.11514       -0.51731
O          3.78931       -2.35318       -1.24243
C          1.75465       -3.33403        1.89141
N          2.04417       -4.26648        2.50650
H          0.68621        1.70540       -0.19320
H          0.32217        0.47541        1.01547
H          0.31624        0.06965       -0.71085
H          2.69588        0.33137       -0.89953
H          2.98114        2.40646        0.32707
H          4.49407        0.09682        3.19021
H          3.73553       -1.93928        2.40064
H          4.72982       -1.16928        1.17935
H          0.48251       -1.72530        1.38696
H          0.71009       -2.02328       -1.09612
H          1.24220       -3.66397       -0.68404
