20

C          1.13875       -0.04468       -0.08142
N          2.59933       -0.01548       -0.06703
C          3.12880        1.29141        0.35981
C          2.70631        1.61697        1.73843
C          2.32219        1.85594        2.85181
C          4.63426        1.26315        0.32106
C          5.50357        1.96300       -0.37681
O          6.80652        1.61784       -0.08532
C          6.61944        0.63029        0.86841
O          7.55449        0.05057        1.40497
O          5.29550        0.36310        1.15380
C          5.23950        3.00450       -1.38662
O          4.11482        3.33365       -1.74100
H          0.80289       -1.01198       -0.46829
H          0.72526        0.73639       -0.72759
H          0.71461        0.05622        0.92245
H          2.92087       -0.18811       -1.01809
H          2.73844        2.06141       -0.31160
H          1.95304        2.03598        3.83495
H          6.14279        3.46608       -1.81913
