22

N          3.77137       -0.65914       -0.37491
C          2.53543       -0.03254        0.14584
C          1.68139       -1.08884        0.90477
N          2.32073       -1.81054        1.87783
O          0.50278       -1.31680        0.64201
C          2.81786        1.18171        0.96866
C          2.45652        2.47594        0.75645
C          3.03060        3.38383        1.86045
C          3.72456        2.36100        2.67938
C          3.59647        1.10727        2.15618
N          4.16222        0.07207        2.82548
C          4.76263        0.60576        3.88563
S          4.61881        2.33799        4.08732
H          3.50150       -1.50931       -0.87070
H          4.31288       -0.98028        0.43015
H          1.94094        0.26277       -0.72891
H          3.10965       -1.37165        2.35372
H          1.72721       -2.39614        2.44923
H          1.87423        2.84043       -0.07715
H          2.22757        3.88283        2.40987
H          3.72298        4.11622        1.43677
H          5.31037        0.01662        4.60405
