28

N          1.91713       -0.50037        1.29262
C          3.08315        0.14306        0.67092
C          2.71970        1.22720       -0.31979
N          4.00580        1.59309       -0.89349
C          4.68530        0.26427       -1.04753
C          3.88910       -0.82185       -0.21075
C          4.44474       -1.43395        1.15677
C          4.38289        0.03778        1.61478
C          4.55730        0.86302        2.85521
O          5.10469        2.14290        2.45671
C          4.31991        2.85949        1.49643
C          4.66069        2.62913       -0.03685
H          1.33636       -1.01373        0.62538
H          1.28122        0.15866        1.73700
H          2.16246        2.07747        0.10231
H          2.07911        0.83459       -1.11695
H          5.74955        0.30158       -0.79275
H          4.64172       -0.02328       -2.10411
H          3.32691       -1.51507       -0.84544
H          5.44547       -1.87751        1.09700
H          3.79167       -2.13710        1.67627
H          5.33082        0.38657        1.17439
H          5.31562        0.40718        3.50337
H          3.64391        1.00589        3.44195
H          4.53489        3.91767        1.69699
H          3.25611        2.74495        1.73287
H          5.74654        2.61084       -0.18457
H          4.32138        3.56343       -0.50847
