26

O          1.08285        0.04658        0.16673
C          2.50263        0.01167        0.11937
C          3.06673       -1.11834       -0.75300
C          2.52661       -0.77080       -2.15417
C          2.53951        0.77134       -2.16336
C          3.11547        1.11589       -0.77352
C          4.61781        0.75520       -0.70418
C          4.53895       -0.75690       -0.73336
C          5.57299       -1.60156       -0.69949
N          2.81917        2.45882       -0.32866
C          3.21937        3.58295       -0.96814
N          2.92812        4.77970       -0.61529
H          0.78471       -0.78646        0.57262
H          2.88886        0.02301        1.14613
H          2.82352       -2.13139       -0.42667
H          1.50415       -1.14154       -2.28612
H          3.14448       -1.18509       -2.95852
H          1.52276        1.16020       -2.29514
H          3.15445        1.16531       -2.97963
H          5.06944        1.10233        0.23202
H          5.17805        1.15769       -1.55464
H          6.59582       -1.23761       -0.66798
H          5.42635       -2.67769       -0.70712
H          2.08897        2.53322        0.37242
H          3.85001        3.40639       -1.85624
H          2.36021        4.75593        0.23494
