29

C          3.41961       -0.07349       -2.46215
C          2.89742       -0.11381       -1.04402
C          3.15276       -1.37914       -0.22996
C          2.02512       -2.36467       -0.32677
C          1.77759       -3.14450       -1.59056
O          2.72835       -2.99079       -2.65336
C          2.28185       -3.85667       -0.35322
C          1.36940       -4.76054        0.36084
C          0.65552       -5.75573       -0.19307
C         -0.23012       -6.69133        0.56054
O         -1.55694       -6.53803        0.08649
N          2.21431        0.92475       -0.65006
N          1.70079        0.89781        0.59467
H          4.20833       -0.81455       -2.61214
H          3.82924        0.91696       -2.67882
H          2.59525       -0.27488       -3.15250
H          3.31332       -1.11400        0.82058
H          4.09686       -1.82317       -0.56789
H          1.15295       -2.00850        0.21247
H          0.73667       -3.25106       -1.87652
H          3.53926       -3.50545       -2.50479
H          3.31256       -4.18834       -0.34411
H          1.30562       -4.60893        1.43766
H          0.71737       -5.92947       -1.26460
H         -0.21799       -6.50930        1.63916
H          0.08123       -7.72555        0.38376
H         -1.80735       -5.61229        0.24825
H          1.17747        1.76380        0.75322
H          2.43620        0.89891        1.30352
