24

C          8.11324       -4.09530       -8.93561
C          6.81797       -3.36323       -8.75148
C          5.72860       -3.89517       -8.17406
C          4.47220       -3.07610       -7.96957
C          4.71293       -1.58987       -7.83100
C          5.78323       -1.16108       -6.86166
C          5.49519        0.02459       -6.04991
N          5.59096        1.22412       -6.52804
N          5.97764        1.44269       -7.84881
C          6.14231        0.46989       -8.69334
C          5.99634       -0.96913       -8.35588
C          6.78195       -1.93376       -9.23554
H          8.92371       -3.54898       -8.44579
H          8.35107       -4.18649       -9.99978
H          8.08277       -5.10043       -8.50364
H          5.73059       -4.91431       -7.79580
H          3.96700       -3.42431       -7.06000
H          3.79109       -3.26402       -8.80743
H          3.79871       -1.01332       -7.89981
H          6.38749       -1.90602       -6.35940
H          5.15651       -0.12745       -5.01250
H          6.47370        0.71959       -9.71291
H          7.79768       -1.54992       -9.37897
H          6.31085       -1.93838      -10.22852
