32

C          0.89543       -0.18317       -0.02466
C          2.39827       -0.09292       -0.23952
C          3.14643       -1.41561       -0.42441
C          3.00274       -2.36802        0.72967
C          2.85433       -3.62857        0.29325
C          2.67928       -4.85790        1.11059
C          2.89988       -3.68024       -1.21729
C          4.28724       -4.17974       -1.67112
C          4.47730       -4.27566       -3.17709
N          2.70738       -2.25776       -1.53590
C          2.30581       -1.84151       -2.77574
N          1.86278       -2.60778       -3.72321
N          1.56759       -1.96486       -4.87504
H          0.49420        0.82027        0.15869
H          0.64501       -0.80061        0.84244
H          0.38765       -0.58711       -0.90433
H          2.83073        0.42430        0.62786
H          2.59025        0.56013       -1.09896
H          4.21151       -1.18466       -0.55401
H          3.02682       -2.06666        1.76603
H          2.61842       -4.62519        2.17872
H          3.52096       -5.54177        0.96593
H          1.75870       -5.37879        0.82798
H          2.08281       -4.29643       -1.60889
H          4.46873       -5.17569       -1.24915
H          5.07692       -3.52782       -1.27338
H          3.70724       -4.90332       -3.63450
H          5.45336       -4.71882       -3.40059
H          4.46357       -3.28960       -3.64910
H          2.39613       -0.75009       -2.91690
H          1.13226       -2.61961       -5.52542
H          0.89565       -1.20984       -4.73011
