31

C          5.73107       -2.20589        2.03733
C          4.98241       -0.87785        2.02013
C          5.22099       -0.15016        0.69670
C          4.57056        1.23500        0.59456
N          5.02558        2.20032        1.61200
O          4.30892        3.41691        1.49140
C          3.12898        3.34859        2.28935
C          6.38201        2.48992        1.72519
N          7.33935        2.03032        0.98103
O          8.56462        2.54477        1.46557
C          8.27002        3.62691        2.35166
C          8.42166        4.94353        1.60519
C          6.86648        3.36430        2.83898
H          5.53292       -2.74830        2.96644
H          6.81270       -2.04444        1.96355
H          5.42398       -2.84151        1.20049
H          5.32073       -0.27019        2.86655
H          3.91105       -1.06346        2.15570
H          4.82113       -0.76714       -0.11709
H          6.29763       -0.08822        0.51257
H          3.48407        1.10740        0.69097
H          4.75619        1.64763       -0.40313
H          3.08213        4.24996        2.90786
H          3.09092        2.46916        2.93904
H          2.26137        3.34695        1.62175
H          8.98460        3.59552        3.18193
H          7.73789        5.00354        0.75221
H          9.43656        5.03435        1.19989
H          8.23324        5.79287        2.26712
H          6.26928        4.26524        2.98665
H          6.86754        2.76888        3.75740
