21

C          2.86292        0.95190       -2.07282
C          3.65089       -0.11681       -2.24095
C          3.36670       -1.46334       -1.56660
N          4.69017       -1.69362       -0.85992
C          5.62939       -0.95913       -1.53278
C          5.05489       -0.05833       -2.39227
N          5.86974       -0.07251       -3.49510
N          5.61732        0.42031       -4.72642
C          6.51616        0.12520       -5.60406
O          7.64770       -0.59088       -5.42895
C          7.93634       -1.22526       -4.16827
C          6.95273       -0.86021       -3.14331
N          6.83705       -1.40892       -1.94782
H          3.25116        1.96409       -2.10463
H          1.83945        0.82297       -1.72681
H          3.20862       -2.25015       -2.31554
H          2.54192       -1.44039       -0.85227
H          4.59113       -1.38418        0.10196
H          6.44271        0.45582       -6.65488
H          8.94322       -0.94083       -3.85939
H          7.91707       -2.30581       -4.32917
