28

C          0.87365       -0.18818       -0.07578
C          2.37858       -0.07593       -0.00048
C          2.89760       -0.38386        1.38740
C          3.17154       -0.55831       -1.20116
C          3.17505        0.92434       -0.89077
C          4.47566        1.53184       -0.38547
O          4.19643        2.76484        0.28286
C          3.65087        3.74866       -0.59709
C          2.33900        3.25526       -1.15153
C          1.19189        3.93705       -0.98054
C          2.52180        1.92265       -1.84493
O          1.32842        1.43895       -2.43939
H          0.50449       -0.97816        0.58743
H          0.52133       -0.45300       -1.07718
H          0.40562        0.75024        0.23771
H          2.38856       -1.25835        1.80748
H          2.71625        0.46695        2.05215
H          3.96609       -0.61636        1.39966
H          2.63425       -0.89181       -2.08432
H          4.07459       -1.12982       -1.02716
H          5.17111        1.71116       -1.21550
H          5.00235        0.88641        0.32098
H          4.36348        3.96183       -1.40397
H          3.52721        4.67202       -0.02298
H          1.17551        4.87457       -0.43066
H          0.23911        3.58846       -1.36152
H          3.21079        2.07572       -2.68595
H          0.62140        1.56910       -1.79184
