30

C          2.43329        1.13097       -2.81334
N          2.37753        0.46797       -1.51732
C          3.10240        1.18249       -0.45508
C          2.79316        0.49312        0.85253
C          2.23631        1.08077        1.91576
C          4.58044        1.29709       -0.81392
C          5.37631        0.03068       -1.11696
C          5.73788        0.85234        0.08090
C          6.84370        1.87716        0.00663
C          6.11156        3.06905       -0.51438
C          6.01724        4.32584        0.31045
O          6.84665        4.23436       -0.86429
C          4.99168        2.64350       -1.41131
H          1.81585        0.57760       -3.52725
H          3.44596        1.15374       -3.22427
H          2.04197        2.15205       -2.76067
H          2.76313       -0.47077       -1.60691
H          2.67514        2.19287       -0.38462
H          3.03966       -0.56382        0.91770
H          1.95420        2.13106        1.90691
H          2.03251        0.51832        2.82100
H          6.03231        0.03147       -1.97949
H          4.93168       -0.93928       -0.91805
H          5.54239        0.48945        1.07903
H          7.61487        1.56119       -0.70567
H          7.31191        2.04712        0.97969
H          6.50974        4.35016        1.27508
H          5.10566        4.90808        0.25738
H          5.34912        2.50590       -2.43787
H          4.17766        3.37497       -1.42543
