31

C          1.00221        0.17504       -0.24856
C          2.51523       -0.03625       -0.14250
C          3.10514        0.75563        1.04822
C          3.38301       -0.24322        2.18159
C          4.75930       -0.93036        2.12324
N          5.73085       -0.86999        3.20560
C          6.34290       -2.22548        3.06093
C          5.31325       -3.09719        2.27972
C          4.04297       -2.29376        2.42217
N          3.52772       -2.41243        3.82888
C          2.84197       -1.65108        1.64867
C          2.80605       -1.47978        0.17456
C          3.13839       -2.45011       -0.68234
H          0.77269        1.22137       -0.47508
H          0.48708       -0.08338        0.68492
H          0.57424       -0.44298       -1.04586
H          2.98795        0.28193       -1.07860
H          2.41383        1.53671        1.38725
H          4.03051        1.26204        0.74892
H          3.03610        0.07537        3.16999
H          5.24054       -0.84251        1.13444
H          5.25988       -0.81992        4.11038
H          6.54690       -2.64682        4.05140
H          7.28902       -2.17258        2.51224
H          5.23203       -4.10247        2.70827
H          5.61207       -3.20282        1.22998
H          4.23162       -2.63631        4.52882
H          2.80543       -3.12532        3.93033
H          1.84409       -1.91120        2.02402
H          3.40016       -3.44681       -0.34821
H          3.17507       -2.25753       -1.75237
