32

C          0.81399        0.02733       -0.06286
N          2.27928       -0.02011       -0.12849
C          2.83652        1.34202       -0.19567
C          3.32987        2.08446        1.06837
C          4.67136        1.60773        1.65694
C          5.28943        2.62755        2.62977
O          6.53053        2.16084        3.16245
C          5.64150        1.24505        0.56079
C          5.93796       -0.01929        0.21480
C          5.44227       -1.24835        0.91866
C          4.06821       -1.77654        0.48230
O          4.06654       -2.02467       -0.92591
C          2.80977       -0.95364        0.88431
H          0.40144        0.62827       -0.88178
H          0.46102        0.43955        0.88854
H          0.38849       -0.97460       -0.19324
H          2.08661        2.00340       -0.65498
H          3.62761        1.33118       -0.95366
H          2.55439        2.04771        1.84392
H          3.42753        3.14664        0.80027
H          4.47024        0.73164        2.27436
H          4.61747        2.79059        3.47888
H          5.46858        3.59319        2.14706
H          6.52994        1.19067        3.11653
H          6.05560        2.05873       -0.03185
H          6.58282       -0.18932       -0.64511
H          5.46391       -1.11048        2.00608
H          6.18754       -2.03217        0.72226
H          3.96249       -2.75813        0.96014
H          3.66060       -1.21999       -1.31253
H          2.88667       -0.51291        1.88151
H          2.04468       -1.73348        1.01821
