25

C          0.81399       -2.28661        1.05514
C         -0.68683       -1.97732        0.90959
C         -0.31469       -0.96143       -0.20579
C          1.09540       -0.90404        0.44324
C         -0.44457       -1.38789       -1.65654
C         -0.10355       -0.48617       -2.80663
C          0.19911       -1.03829       -4.18839
N         -1.06342       -1.65580       -4.48711
N         -1.57357       -2.02027       -5.66305
C         -2.86817       -2.12210       -5.31709
N         -3.17595       -1.78132       -4.01538
C         -2.00541       -1.46590       -3.52338
N         -1.54640       -0.79858       -2.42576
H          1.15889       -3.12039        0.43253
H          1.17211       -2.43470        2.07716
H         -1.12903       -1.50996        1.79719
H         -1.31259       -2.82176        0.60926
H         -0.84373       -0.00625       -0.06907
H          1.19775       -0.10662        1.18962
H          1.94689       -0.85361       -0.24164
H         -0.32274       -2.46069       -1.75680
H          0.13185        0.55747       -2.65862
H          0.98077       -1.80122       -4.17973
H          0.39903       -0.25007       -4.91874
H         -3.62005       -2.42226       -6.03619
