28

C          1.05746        0.04239       -0.07672
C          2.54495        0.03836       -0.13298
C          3.26015       -0.78456       -1.16277
C          3.28382        0.72030       -1.26136
N          4.51345        1.47566       -0.92638
C          5.61270        1.14458       -1.83988
C          4.29835        2.93935       -0.92684
C          3.28327        3.40229        0.13211
C          3.06916        4.89457        0.10414
C          1.88192        5.46089       -0.16139
C          1.68641        6.96812       -0.14055
N          1.52422        8.21850       -0.12326
H          0.70828       -0.69574        0.65208
H          0.60638       -0.19676       -1.04480
H          0.69238        1.02540        0.23685
H          2.98184        0.09103        0.85936
H          2.67871       -1.32102       -1.90407
H          4.15583       -1.30875       -0.84623
H          2.69104        1.14103       -2.07303
H          5.81839        0.07040       -1.83656
H          6.53971        1.63413       -1.51974
H          5.39410        1.44703       -2.87005
H          3.97907        3.27513       -1.92166
H          5.25446        3.43740       -0.71353
H          3.63565        3.11922        1.13186
H          2.32261        2.89948       -0.02120
H          3.93028        5.51722        0.34023
H          0.99502        4.88005       -0.38872
