34

C          4.32312        1.83737        2.56427
N          4.11149        0.94751        1.42919
C          4.71690       -0.36742        1.66369
C          4.49412       -1.33186        0.47148
C          5.11339       -0.77446       -0.82059
C          5.07005       -2.73655        0.77824
C          4.43625       -3.44120        1.97083
N          4.85827       -4.82916        1.78797
C          4.75828       -5.12330        0.34906
C          3.42666       -5.81310        0.02269
C          5.92092       -6.03681       -0.04934
C          4.85836       -3.75554       -0.34868
H          3.87602        2.81244        2.34858
H          5.38940        1.99329        2.75891
H          3.84392        1.44828        3.46905
H          4.52855        1.37660        0.60444
H          4.26854       -0.79838        2.56554
H          5.79352       -0.25788        1.84605
H          3.41201       -1.43077        0.30890
H          6.18792       -0.60193       -0.69797
H          4.64654        0.16939       -1.11699
H          4.97504       -1.45935       -1.66223
H          6.15142       -2.64406        0.95909
H          3.34286       -3.36463        1.95585
H          4.80226       -3.05508        2.92662
H          4.27983       -5.45960        2.34008
H          3.33998       -6.77752        0.53609
H          3.33766       -5.99938       -1.05366
H          2.57003       -5.19911        0.32352
H          5.87003       -7.00016        0.47135
H          6.88945       -5.58070        0.18797
H          5.90698       -6.23977       -1.12622
H          3.93539       -3.53025       -0.89719
H          5.68846       -3.70739       -1.06270
