33

C          2.23304       -0.18195        1.21491
C          2.84232        0.14104       -0.17153
C          2.10874       -0.53378       -1.32995
C          0.58954       -0.33170       -1.23243
C          0.37209        1.24797       -1.00348
C          1.71003        2.19373       -1.20348
C          2.11309        2.80867       -2.64092
N          2.40620        2.06521       -3.88424
C          2.58064        0.59368       -3.89730
C          1.72326        0.02908       -2.79130
N          0.57172       -0.87972       -2.72494
C          2.94736        1.63827       -0.42196
C          4.35573        1.90766       -1.01775
H          2.44943       -1.21893        1.48446
H          1.14942       -0.05852        1.26026
H          2.66904        0.45486        1.98629
H          3.85637       -0.28421       -0.13213
H          2.43949       -1.57784       -1.36608
H          0.01965       -0.96604       -0.54373
H          0.05424        1.38220        0.03679
H         -0.46015        1.62051       -1.62102
H          1.42014        3.10515       -0.65771
H          2.98627        3.44449       -2.48093
H          1.32062        3.52706       -2.89631
H          3.02748        2.55362       -4.52568
H          3.63002        0.34304       -3.75020
H          2.27342        0.21000       -4.87351
H          1.03756        0.87186       -2.94332
H          0.80758       -1.87213       -2.80573
H          2.96100        2.16166        0.54935
H          4.46937        1.42523       -1.99220
H          5.12257        1.50399       -0.36806
H          4.55293        2.97623       -1.12213
