30

C          0.84227       -0.40161        1.71580
O          2.24630       -0.20193        1.72708
C          2.99281       -0.95280        0.74782
C          2.58682       -0.48056       -0.65617
C          4.53364       -0.77788        1.04194
C          4.86722        0.73346        1.06918
O          5.34848       -1.24607       -0.06072
C          5.53730       -2.64865       -0.18155
C          5.99438       -3.26424        1.09493
C          5.77460       -2.69212        2.27949
C          5.03324       -1.38916        2.42053
C          3.95974       -1.58463        3.49734
H          0.42991        0.05327        2.62239
H          0.59491       -1.46637        1.71703
H          0.38704        0.09974        0.85729
H          2.74055       -2.01700        0.83631
H          2.56373        0.61273       -0.71573
H          1.57212       -0.81870       -0.89316
H          3.24610       -0.86928       -1.43475
H          4.60687        1.21740        0.12187
H          5.94908        0.88269        1.18014
H          4.36141        1.25778        1.88497
H          6.31647       -2.79336       -0.93706
H          4.62793       -3.13484       -0.54738
H          6.54222       -4.19963        1.03788
H          6.16907       -3.15968        3.18383
H          5.77060       -0.69416        2.84757
H          3.19631       -2.30752        3.18657
H          3.47547       -0.64017        3.76049
H          4.40160       -1.97300        4.42375
