26

C          3.77549       -1.52899       -0.29628
S          2.76717       -0.10860        0.05044
O          1.39996       -0.47368       -0.26958
O          3.10122        0.31324        1.39985
C          3.34981        1.14431       -1.16834
C          3.05727        0.68342       -2.60591
C          3.53918        1.59033       -3.71312
C          2.71004        2.41857       -4.36853
C          4.86195        1.43359       -4.23005
C          5.94973        1.29134       -4.71565
C          2.84597        2.55592       -0.75053
N          4.22487        3.06215       -0.88254
C          4.75229        1.69077       -0.78143
H          3.52504       -2.30556        0.42757
H          4.82823       -1.25183       -0.19496
H          3.56367       -1.89387       -1.30055
H          1.97682        0.52368       -2.71771
H          3.51541       -0.29793       -2.77574
H          1.66884        2.53071       -4.08778
H          3.05200        3.00057       -5.22198
H          6.90079        1.17145       -5.18139
H          2.45506        2.64265        0.27077
H          2.12540        3.03616       -1.41869
H          4.51802        3.69047       -0.13232
H          5.10345        1.44343        0.22776
H          5.57032        1.46912       -1.47111
