21

C          4.89223       -1.25197        1.85481
N          4.69024        0.17274        2.10560
C          3.66159        0.74658        1.35521
N          3.52071        0.93668        0.08893
C          4.66195        0.59072       -0.76431
C          5.90285        0.52015        0.03639
C          7.08244        1.14642       -0.09446
N          7.93707        0.69432        0.90528
N          9.24505        0.76413        1.18883
C          9.43191       -0.30077        1.99031
C          8.22216       -0.96354        2.34804
C          7.29200       -0.21128        1.69964
C          5.83853       -0.27039        1.28541
H          5.11027       -1.74504        2.79678
H          4.13082       -1.71758        1.25374
H          2.82778        1.06418        2.01234
H          4.77084        1.33361       -1.55728
H          4.49147       -0.37984       -1.24736
H          7.43289        1.84968       -0.83276
H         10.44858       -0.58478        2.23104
H          8.10833       -1.91055        2.85510
