34

C          1.30053        0.20511        2.17554
C          2.79871        0.03486        1.97531
C          3.16760       -1.11814        1.02918
C          2.60337       -0.90715       -0.37834
N          4.61819       -1.15649        0.88586
C          5.40411       -1.83984        1.64438
C          4.91769       -2.64584        2.84515
N          6.78196       -1.87940        1.44372
C          7.31569       -1.20041        0.28597
C          7.96126       -2.50970       -0.18051
C          7.31266       -3.16245        1.04369
N          7.30217       -2.97112       -1.41864
C          7.91686       -4.20675       -1.88435
H          1.10804        0.99373        2.91020
H          0.84488       -0.71993        2.54212
H          0.80105        0.49511        1.24644
H          3.26140       -0.13325        2.95545
H          3.22008        0.97636        1.60090
H          2.76745       -2.06877        1.39885
H          2.90775        0.06288       -0.78686
H          1.51036       -0.95637       -0.38471
H          2.97219       -1.68073       -1.06161
H          3.90553       -2.39041        3.15684
H          5.58123       -2.45348        3.69494
H          4.95288       -3.71259        2.60944
H          8.03371       -0.43153        0.59310
H          6.59180       -0.74200       -0.39430
H          9.05600       -2.49070       -0.19788
H          8.02526       -3.53733        1.78658
H          6.55699       -3.93066        0.84938
H          7.31915       -2.28259       -2.17111
H          7.81769       -5.00677       -1.14479
H          8.97709       -4.06484       -2.11845
H          7.41263       -4.54057       -2.79653
