22

C          0.89445       -0.22695        0.04690
C          2.23360       -0.12529        0.01651
C          2.90224        1.23319       -0.00878
C          4.43278        1.17978        0.01033
N          5.13636        2.26890        0.04774
N          5.05380       -0.03704       -0.01423
C          4.41000       -1.25594       -0.00537
C          5.24974       -2.50766        0.05589
C          5.59191       -3.00934       -1.32929
O          6.59129       -2.65873       -1.95060
C          4.65227       -3.95612       -1.90126
N          3.87916       -4.72454       -2.30987
C          3.06435       -1.32008        0.01743
H          0.26440        0.65820        0.05118
H          0.38475       -1.18555        0.06733
H          2.58276        1.82229        0.86007
H          2.60666        1.77656       -0.91478
H          4.52046        3.08942        0.05919
H          6.06748       -0.00746        0.00224
H          4.73902       -3.30199        0.61413
H          6.18644       -2.32048        0.59507
H          2.55607       -2.28184        0.04790
