29

C          0.57076       -1.64625       -0.62796
C          2.05843       -1.84811       -0.35238
N          2.90148       -0.85688       -1.04958
C          2.62086        0.50586       -0.57478
C          4.34204       -1.15212       -0.88767
C          4.79177       -2.46429       -1.49847
C          5.43146       -3.46019       -0.86035
C          5.81843       -3.43297        0.56514
N          6.37043       -4.45271        1.14047
O          6.62307       -4.12840        2.48048
C          4.52211       -2.64948       -2.96949
N          5.29001       -3.40596       -3.80225
N          3.51578       -2.08688       -3.56694
H         -0.00790       -2.43979       -0.14588
H          0.36626       -1.68240       -1.70263
H          0.20679       -0.69329       -0.23575
H          2.30299       -2.85616       -0.70606
H          2.24431       -1.83421        0.72786
H          1.65158        0.85005       -0.94724
H          3.35692        1.22245       -0.95726
H          2.62215        0.56940        0.51892
H          4.60092       -1.07297        0.17160
H          4.92318       -0.36756       -1.39195
H          5.70291       -4.38946       -1.35602
H          5.62944       -2.50862        1.13121
H          6.99501       -4.95847        2.83313
H          5.71752       -4.24621       -3.44319
H          4.82126       -3.54587       -4.69156
H          2.97707       -1.53116       -2.87517
