26

C         -0.16876       -1.55132        0.03685
C          0.27728       -0.36707       -0.76242
C          1.54615       -0.50144       -1.55431
C          2.53915        0.76235       -0.94859
N          1.37495        1.69780       -0.67582
C          0.58022        0.86374        0.07248
N          0.48524        0.93436        1.37616
N          0.23671       -0.22971        2.00036
C          0.46110       -1.54112        1.41426
C          1.87580       -2.16667        1.51908
C          3.15804       -1.52598        0.98981
O          3.33894       -1.64392       -0.41047
C          2.98246       -0.57118       -1.30107
H         -1.25824       -1.46411        0.17551
H         -0.01076       -2.50006       -0.48579
H         -0.51164       -0.10924       -1.48796
H          1.49394       -1.43959       -2.09566
H          3.02545        0.87468        0.02778
H          0.95815        1.94743       -1.57255
H         -0.60988       -0.18845        2.58949
H         -0.15079       -2.22644        2.01553
H          1.80938       -3.16888        1.06914
H          2.05210       -2.32462        2.59000
H          3.97217       -2.15315        1.38750
H          3.37295       -0.53527        1.39133
H          3.61830       -0.53301       -2.18985
