30

C          1.27070        0.84368        0.25086
C          2.64703        1.27109       -0.33855
C          2.64791        0.70872       -1.76804
C          3.80993        0.80072        0.56278
C          3.62046        1.65039        1.81988
C          3.02530        2.98361        1.31699
C          2.79938        2.80562       -0.21339
C          3.98745        3.35633       -1.02884
C          3.81872        4.84067       -1.35895
O          4.88447        5.30009       -2.19091
O          5.17452        3.25101       -0.21101
N          5.85941        2.03976       -0.36621
C          5.23541        0.97850        0.05595
H          1.22688       -0.24446        0.37858
H          0.45045        1.13797       -0.41309
H          1.04614        1.28924        1.22515
H          2.42680       -0.36224       -1.75851
H          3.59752        0.83529       -2.29285
H          1.86341        1.19312       -2.37028
H          3.70238       -0.26812        0.77244
H          4.54792        1.79728        2.37841
H          2.91451        1.15187        2.49583
H          3.67576        3.82675        1.57250
H          2.07314        3.17711        1.82319
H          1.88497        3.31142       -0.53992
H          4.17846        2.83198       -1.96277
H          3.81450        5.45903       -0.45708
H          2.88462        4.99612       -1.90545
H          5.72009        5.02953       -1.74899
H          5.85884        0.06766        0.10549
