26

C          2.67520        1.88904       -1.25743
C          2.45879        0.73352       -0.31382
C          3.21135        0.61456        0.98734
C          4.03515        1.35971        1.74476
C          3.99693        0.71822        3.14745
C          2.53449        0.36658        2.93192
C          2.81437       -0.71455        1.68305
N          4.17613       -1.26122        1.17195
C          5.21099       -1.19859        2.12238
O          6.39991       -1.33969        1.94887
C          4.48376       -0.76066        3.34998
C          3.22191       -1.50188        2.91124
C          2.50620       -2.56106        3.33273
H          1.95560        1.78927       -2.08102
H          3.67674        1.86405       -1.69197
H          2.49846        2.85327       -0.77727
H          2.62689       -0.18972       -0.87959
H          1.39128        0.72588       -0.04993
H          4.42716        2.34542        1.52929
H          4.18231        1.39680        3.98329
H          1.85933        1.20999        2.67635
H          2.03982       -0.00540        3.85382
H          4.46811       -1.23564        0.20475
H          4.87366       -1.07577        4.31958
H          2.74739       -3.14247        4.20933
H          1.62223       -2.84840        2.76301
