30

C          5.70720        2.06367        4.89801
C          5.93908        1.44695        3.55695
C          5.57816        0.18404        3.28622
C          5.78312       -0.44859        2.00368
C          5.42050       -1.70752        1.69145
C          4.75136       -2.71228        2.61306
C          3.21797       -2.61886        2.72671
C          2.44407       -2.90376        1.43185
C          0.93871       -2.92362        1.64478
C          0.27386       -1.65923        2.11532
C          0.19357       -4.01566        1.39702
C          5.70186       -2.20314        0.28234
N          5.93527       -2.61431       -0.88664
H          6.06127        3.09975        4.90792
H          6.25135        1.51561        5.67408
H          4.64006        2.07184        5.14364
H          6.41382        2.07221        2.80219
H          5.10014       -0.39366        4.07366
H          6.26208        0.16520        1.23913
H          5.17156       -2.61080        3.62162
H          5.02428       -3.72903        2.30029
H          2.94888       -1.62917        3.11280
H          2.89818       -3.34331        3.48781
H          2.77200       -3.86780        1.02156
H          2.67246       -2.14699        0.67334
H          0.98422       -0.83451        2.21065
H         -0.19277       -1.81429        3.09469
H         -0.49841       -1.33982        1.40559
H          0.62749       -4.94109        1.03777
H         -0.88506       -4.00204        1.54402
