24

C         11.40521        4.81947       -1.76399
C         10.02011        5.69745       -1.46678
N         10.25213        6.97258       -1.38891
N          8.72116        4.98512       -1.54037
N          8.90499        4.00567       -2.43593
C          7.80655        4.06574       -3.07066
C          7.01062        5.30766       -3.02108
C          6.66276        6.79149       -2.97736
C          5.28419        6.44330       -2.45022
C          4.77656        5.55240       -3.56231
C          5.81420        4.72897       -3.80396
C          5.90268        5.59363       -1.29673
C          7.25179        5.28776       -1.38423
H         12.29820        5.46488       -1.84272
H         11.36602        4.29865       -2.73026
H         11.66529        4.07896       -0.99262
H         11.25810        7.12905       -1.59366
H          7.40663        3.09513       -3.35793
H          6.67673        7.32023       -3.92876
H          7.08097        7.46246       -2.21114
H          4.57349        7.25761       -2.25536
H          4.00172        5.70559       -4.32605
H          5.86360        4.08535       -4.67700
H          5.17122        5.25575       -0.55915
