25

C          1.82961       -1.25128       -0.53891
C          2.49047        0.04150       -0.10212
C          3.03678        0.97675       -1.18799
N          3.98265        0.31925       -2.09618
C          4.78484        1.12809       -2.84214
N          5.16291        0.91007       -4.04460
O          5.07249        2.29839       -2.23973
C          4.23013        3.42122       -2.58282
C          2.72362        3.17168       -2.46713
N          2.17107        2.23069       -3.42065
C          2.05462        1.86146       -1.97657
C          0.66441        1.80078       -1.56631
N         -0.46057        1.66177       -1.30139
H          1.41643       -1.75999        0.34135
H          2.55429       -1.92862       -1.00056
H          1.01364       -1.07596       -1.24269
H          3.33035       -0.23363        0.55359
H          1.79551        0.59885        0.53558
H          3.61173        1.68238       -0.57319
H          3.58467       -0.46754       -2.59537
H          4.83805       -0.00767       -4.35399
H          4.49171        3.77067       -3.58929
H          4.50588        4.22177       -1.88540
H          2.18121        4.09536       -2.28979
H          2.91007        1.72877       -3.91807
