29

C          0.83552       -0.11902        0.11829
C          2.36636       -0.01376        0.00577
C          3.02805       -1.26594        0.69104
N          4.33753       -1.70779        0.17883
C          5.35823       -0.65108        0.16460
C          4.96048        0.71731       -0.45235
C          4.17357        1.54832        0.58181
N          2.75496        1.21193        0.73368
C          4.17274        0.51735       -1.75504
N          4.92288       -0.10376       -2.86766
C          3.00289        1.39638       -2.16942
C          2.75420        0.08417       -1.46919
H          0.51178       -0.17078        1.16406
H          0.46373       -1.01446       -0.39314
H          0.33946        0.74131       -0.34830
H          2.35563       -2.12448        0.57675
H          3.09889       -1.10702        1.77681
H          4.20641       -1.99942       -0.79295
H          6.20263       -1.04970       -0.41247
H          5.74508       -0.51112        1.18087
H          5.88334        1.26591       -0.68127
H          4.23952        2.60748        0.30320
H          4.65276        1.47733        1.56601
H          2.18547        1.99093        0.40731
H          5.79373        0.40178       -3.03403
H          4.40552       -0.03728       -3.74433
H          2.71710        1.44662       -3.21684
H          2.83424        2.33752       -1.66305
H          2.36619       -0.74683       -2.04963
