24

C          0.87890        0.33302       -0.18669
C          2.38503        0.13356       -0.01450
O          3.03322        1.32245       -0.52750
C          3.69892        1.21072       -1.71563
C          3.95347        0.06217       -2.35239
C          3.58438       -1.18657       -1.75157
C          2.86019       -1.18466       -0.61582
O          2.54145       -2.29660        0.14044
C          3.30599       -3.48189       -0.10479
C          3.11350       -4.40964        1.04732
C          1.82371       -5.15688        1.24137
O          2.98916       -5.79410        0.69744
H          0.58438        1.33322        0.15193
H          0.30617       -0.40743        0.38041
H          0.58634        0.26198       -1.24073
H          2.61040        0.11986        1.05890
H          4.01890        2.17949       -2.07549
H          4.50061        0.05067       -3.28791
H          3.94642       -2.09014       -2.22724
H          4.37459       -3.24453       -0.16872
H          2.97897       -3.94143       -1.04485
H          3.70361       -4.14693        1.91420
H          0.99833       -4.94930        0.57214
H          1.53495       -5.41599        2.25284
