29

C          3.64140       -0.13779       -3.99604
C          3.69525        0.99693       -3.03198
C          2.51012        1.53191       -2.27316
N          1.16925        0.97959       -2.44882
C          3.55344        0.69200       -1.55450
C          4.49562        1.21759       -0.49779
C          5.09596        0.05711        0.30449
C          6.41324        0.58149        0.84166
N          6.95092        1.43775       -0.22625
C          5.76171        1.98625       -0.92372
C          5.44424        3.34227       -0.37162
N          4.34323        3.44642        0.29719
N          3.82250        2.19661        0.37728
H          3.72739        0.23666       -5.02100
H          2.72074       -0.72390       -3.92716
H          4.48187       -0.81646       -3.81350
H          4.39896        1.74648       -3.37230
H          2.51188        2.60409       -2.08421
H          1.17871       -0.02494       -2.60641
H          0.70968        1.38766       -3.26174
H          3.19904       -0.29660       -1.27047
H          5.29549       -0.79286       -0.36292
H          4.43257       -0.30223        1.09734
H          7.10472       -0.23848        1.06663
H          6.26638        1.15865        1.76001
H          7.47064        0.85251       -0.87893
H          5.95085        2.06857       -1.99422
H          6.11805        4.19079       -0.56475
H          2.80446        2.19427        0.27140
