29

C          1.08280       -1.94406       -0.00153
C          2.55373       -1.47020       -0.00773
O          2.80036       -1.19257       -1.41483
C          4.01640       -0.45929       -1.17305
C          4.01349        0.94802       -1.74739
C          4.65674        2.16662       -1.13951
C          5.47925        2.15377        0.09838
N          5.00403        1.35035        1.22920
C          3.68627        0.73025        1.01665
C          3.86774       -0.65397        0.33905
C          2.66246        1.57640        0.18106
C          2.03133        2.69395        0.99684
N          3.20399        2.03303       -1.10978
H          0.45219       -1.18495       -0.50371
H          0.67656       -2.08454        1.00791
H          0.95945       -2.87354       -0.56314
H          2.02135       -0.73537        0.62044
H          4.87409       -1.01310       -1.58182
H          3.92173        0.89684       -2.83056
H          5.03352        2.90311       -1.84554
H          5.57498        3.19241        0.43986
H          6.49575        1.82901       -0.15727
H          4.94227        1.97477        2.03688
H          3.26841        0.54191        2.01316
H          4.64861       -1.27296        0.79665
H          1.79508        0.96955       -0.10760
H          2.74554        3.46589        1.27280
H          1.59135        2.27928        1.90702
H          1.20345        3.15051        0.43498
