27

C          1.21991       -0.10372        0.41233
C          2.74379       -0.25167        0.30459
C          3.16801       -1.69057       -0.03102
C          3.43337       -1.68824       -1.53804
C          4.45752       -2.65965       -2.07170
C          4.93845       -3.73588       -1.44353
C          3.92681       -0.25428       -1.77074
C          2.84538        0.42188       -2.64228
C          2.77865        1.47519       -1.52826
N          3.53158        0.60385       -0.61262
N          1.77024       -0.56858       -2.78256
C          2.10574       -1.82084       -2.29728
O          1.41100       -2.82013       -2.42925
H          0.85119       -0.71203        1.24689
H          0.68048       -0.43520       -0.47512
H          0.93086        0.92984        0.62374
H          3.11659       -0.02963        1.31389
H          2.42067       -2.43270        0.26872
H          4.09397       -1.90705        0.52305
H          4.85408       -2.44918       -3.06596
H          4.59651       -4.03524       -0.45494
H          5.69642       -4.36464       -1.90070
H          4.95748       -0.09206       -2.10553
H          3.17051        0.79223       -3.61572
H          1.79978        1.84883       -1.21363
H          3.36794        2.36702       -1.79489
H          0.90730       -0.46131       -3.30522
