22

C          0.88230       -0.01548       -0.02625
C          2.36065        0.04132       -0.01204
C          3.18583        1.10717       -0.06161
N          4.50421        0.66764        0.00840
C          5.73302        1.46124        0.02070
C          6.65603        1.15090       -1.18416
O          7.18525       -0.17308       -1.23883
C          5.48748        2.92069        0.04681
N          5.28082        4.06448        0.04983
C          4.49212       -0.74354        0.14557
O          5.45276       -1.47974        0.26743
N          3.14647       -1.07111        0.10203
O          2.61183       -2.35345        0.12408
H          0.44743        0.98957       -0.03566
H          0.50710       -0.53085        0.86356
H          0.52381       -0.54774       -0.91293
H          2.90925        2.14951       -0.13033
H          6.26344        1.17221        0.93332
H          7.53155        1.80987       -1.15338
H          6.13954        1.34506       -2.13111
H          6.79863       -0.73186       -0.53182
H          3.41693       -2.90257        0.05638
