24

C          2.03280        0.23716        0.07044
C          3.26023        0.01289        0.93986
C          2.94118       -0.28491        2.23408
O          3.64350       -0.71690        3.33641
C          4.97205       -0.45793        3.38163
C          5.84869       -1.23697        2.74642
O          7.01624       -0.75214        2.21062
C          6.88111        0.36666        1.41249
C          5.81789        0.74739        0.66883
C          4.61896       -0.06884        0.16803
C          4.49999        0.34226       -1.34941
O          4.15497        1.72688       -1.49695
H          1.09226        0.17794        0.63284
H          1.96089       -0.53485       -0.70253
H          2.05118        1.22631       -0.38833
H          1.90021       -0.27893        2.55933
H          5.16517        0.53474        3.78516
H          5.61116       -2.19489        2.33339
H          7.78443        0.96418        1.48237
H          5.92007        1.72692        0.20446
H          4.89827       -1.13127        0.14091
H          3.75313       -0.25541       -1.87867
H          5.45482        0.19178       -1.86410
H          4.01435        1.89797       -2.44307
