26

C          1.05599       -0.27603       -0.04414
C          2.52000        0.16032       -0.01213
C          3.38901       -0.63184       -1.00914
O          4.27708       -1.66607       -0.50308
C          5.15414       -1.30251       -1.60753
C          4.65607        0.20528       -1.53902
C          4.19662        1.58434       -0.95601
C          2.69710        1.51923       -0.72785
O          2.17125        2.67542       -0.11803
N          3.10783        0.01862        1.34384
O          3.06605       -1.32441        1.80826
C          2.90745        0.88519        2.39684
O          2.56932        2.05943        2.31537
H          0.66350       -0.29552       -1.06843
H          0.43074        0.40430        0.54230
H          0.92728       -1.28492        0.36207
H          2.77079       -1.02539       -1.83463
H          4.90394       -1.84028       -2.53224
H          6.20918       -1.48308       -1.37603
H          5.61120        0.45980       -1.03290
H          4.44775        2.39484       -1.64982
H          4.70436        1.82751       -0.00864
H          2.21618        1.47102       -1.71551
H          2.34689        2.64198        0.84737
H          3.87540       -1.69584        1.39941
H          3.15709        0.42528        3.36872
