24

C          1.21346        0.53744        1.22760
C          2.04200        0.11808        0.01091
N          1.10961       -0.45685       -1.00127
C          0.96448       -1.88590       -0.63872
C          2.36477       -2.27421       -0.30024
C          2.91842       -2.23962        1.09403
C          3.04070       -1.03764        0.19535
N          4.29319       -0.61413       -0.34904
C          4.29801        0.68337       -0.78362
O          5.23180        1.27715       -1.28290
C          2.93287        1.24615       -0.48851
C          2.76679        2.57669       -0.46164
H          0.57651       -0.26592        1.60879
H          0.53876        1.36221        0.96237
H          1.84489        0.87236        2.05631
H          1.58553       -0.42965       -1.90436
H          0.54880       -2.47239       -1.46315
H          0.29999       -2.00617        0.22575
H          2.85286       -2.85156       -1.07522
H          3.81326       -2.82772        1.27821
H          2.23964       -2.20035        1.93290
H          5.12179       -1.19176       -0.43184
H          3.57965        3.24634       -0.73401
H          1.84305        3.03163       -0.12373
