28

C          1.18272        0.29593       -0.55937
C          2.56110       -0.06667       -0.02193
N          2.93242       -1.44491       -0.30691
O          4.32282       -1.58135       -0.48120
C          4.49693       -2.59646       -1.47183
C          3.93195       -3.93504       -0.98577
C          5.01287       -4.76399       -0.25294
N          4.50546       -6.07480        0.15876
N          2.76220       -3.80396       -0.08737
C          2.36046       -2.60374        0.19595
N          1.28805       -2.42095        1.02513
C          0.59375       -3.50502        1.67671
H          1.01013        1.37273       -0.44752
H          0.37869       -0.21324       -0.01992
H          1.08542        0.04452       -1.62007
H          2.61915        0.13005        1.05411
H          3.28280        0.60465       -0.50350
H          5.56923       -2.67294       -1.68736
H          4.01051       -2.27712       -2.40188
H          3.62084       -4.50894       -1.86831
H          5.36072       -4.22421        0.63609
H          5.87678       -4.92015       -0.91023
H          3.64084       -5.89882        0.67641
H          5.15745       -6.51017        0.80627
H          1.29872       -1.57048        1.56492
H          1.02530       -4.49069        1.47731
H         -0.45081       -3.52036        1.34956
H          0.60585       -3.35150        2.76143
