24

C          1.59880       -0.21738        0.79419
C          2.81498        0.01203       -0.08268
C          3.12944       -1.15775       -1.02777
C          3.86354       -2.21677       -0.15125
C          4.85321       -1.05702       -0.02565
C          4.54363       -0.70755       -1.47251
C          4.98725        0.69945       -1.69906
C          4.60074        1.14973       -0.31949
C          5.50645        2.18000        0.37707
O          6.72235        2.05478        0.57682
N          4.13692        0.03150        0.55627
C          3.11153        1.53229       -0.32623
O          2.47678        2.54536       -0.51964
H          1.28263       -1.26616        0.79201
H          0.75116        0.35305        0.39666
H          1.75231        0.09502        1.83035
H          2.40021       -1.47839       -1.76917
H          4.24698       -3.09849       -0.67738
H          3.38058       -2.54402        0.77483
H          5.88711       -1.23599        0.28523
H          4.98401       -1.38372       -2.21961
H          4.42738        1.19428       -2.50038
H          6.05841        0.77180       -1.89931
H          5.00974        3.11110        0.69243
