31

N          0.92359       -0.07985        0.26336
C          2.39217       -0.15192        0.28429
C          2.85290       -1.52523       -0.22673
C          4.29697       -1.28762       -0.63408
C          4.20693        0.03611       -1.39564
C          5.16691        1.21459       -1.09521
C          6.60668        0.93886       -0.67127
C          7.31242        2.25182       -0.45823
C          8.38657        2.65438       -1.14912
N          4.27231        1.57413        0.03908
C          3.13350        0.87082       -0.63153
C          2.31437        1.83068       -1.43253
C          1.68329        2.85621       -0.84140
H          0.54077       -0.87935        0.76687
H          0.59270       -0.16381       -0.69535
H          2.71721       -0.02333        1.32393
H          2.27486       -1.83332       -1.10777
H          2.75415       -2.30738        0.53304
H          4.69077       -2.09588       -1.25675
H          4.92422       -1.20843        0.26049
H          4.00337       -0.12711       -2.46126
H          5.13738        1.94732       -1.91733
H          7.11263        0.35265       -1.44767
H          6.65394        0.35600        0.25540
H          6.90643        2.90422        0.31280
H          8.83336        2.03937       -1.92374
H          8.84335        3.61903       -0.94904
H          4.13827        2.57717        0.15332
H          2.23739        1.68455       -2.50489
H          1.72394        3.00207        0.23419
H          1.08473        3.55675       -1.41401
