30

C          5.40198        0.94466        2.00700
C          4.70102        1.26239        0.69559
N          4.94313        0.17448       -0.25576
C          4.28288        0.41255       -1.54466
C          4.83905        1.63571       -2.26117
O          4.06287        2.53913       -2.59610
C          6.35858        1.71941       -2.53874
C          7.04537        0.35214       -2.69599
O          8.45728        0.53484       -2.86991
C          9.13212       -0.64494       -3.01911
C         10.45469       -0.67503       -3.17244
O          6.68036        2.61249       -3.61798
C          6.17054        2.23707       -4.88972
H          5.24700        1.75824        2.72237
H          6.48116        0.82691        1.85890
H          5.01354        0.02265        2.45220
H          5.09636        2.21020        0.31510
H          3.62736        1.38579        0.87459
H          4.57501       -0.69095        0.14346
H          3.20189        0.53335       -1.40894
H          4.42437       -0.45237       -2.20174
H          6.79108        2.19851       -1.65084
H          6.63691       -0.18619       -3.55914
H          6.89345       -0.26665       -1.80648
H          8.53041       -1.54457       -3.01243
H         11.03158        0.24567       -3.17711
H         10.98494       -1.61131       -3.29818
H          6.49295        2.98590       -5.61790
H          5.07768        2.21450       -4.89217
H          6.56398        1.26894       -5.20819
