25

C          1.21673       -0.01131        0.07379
C          2.52546        0.23840        0.26346
C          3.16963        1.56439        0.11709
C          2.48981        2.76959        0.71538
C          3.78678        2.28612        1.31159
C          3.86688        1.57408        2.60855
N          3.07535        1.89874        3.57198
N          4.77758        0.55015        2.62644
C          4.17542       -0.75311        2.95572
C          4.70839       -2.04510        2.42176
C          3.39575       -1.50356        1.89581
C          3.33911       -0.99530        0.49816
O          3.98041       -1.52359       -0.40061
H          0.52841        0.78937       -0.17300
H          0.80266       -1.01334        0.13020
H          3.67804        1.69296       -0.83473
H          1.57095        2.63302        1.27396
H          2.50682        3.68770        0.13804
H          4.64817        2.92154        1.11735
H          2.48444        2.69013        3.30927
H          5.38640        0.52182        1.81220
H          3.78796       -0.77476        3.97290
H          4.67057       -2.91458        3.06795
H          5.57047       -2.02702        1.76517
H          2.49020       -2.00320        2.22713
