32

C          3.70323       -0.51983       -0.88209
C          2.52930        0.05549       -0.08633
C          2.91210        0.62109        1.28479
C          3.93622        1.78872        1.18143
C          3.82239        2.47514        2.55024
C          2.78039        1.59165        3.28687
C          2.20836        2.26182        4.52450
O          3.23200        2.57055        5.46227
C          3.46279        0.23371        3.54173
N          3.55566       -0.37565        2.19151
C          1.77728        1.23078        2.16884
C          0.64801        0.28826        2.60751
O          1.12107        2.36970        1.61444
H          3.34199       -0.96657       -1.81537
H          4.23053       -1.30137       -0.32567
H          4.42773        0.25566       -1.15240
H          1.77540       -0.73038        0.03022
H          2.06783        0.84533       -0.69211
H          3.68108        2.49016        0.37654
H          4.95759        1.43757        0.99397
H          3.47495        3.50808        2.43444
H          4.78867        2.50551        3.06572
H          1.46745        1.63379        5.02863
H          1.71165        3.20226        4.25821
H          3.47188        1.74959        5.92442
H          2.87207       -0.40823        4.20363
H          4.46165        0.33735        3.97914
H          3.02961       -1.25058        2.17461
H          0.98326       -0.70304        2.91677
H         -0.08864        0.15894        1.80667
H          0.09403        0.72492        3.44748
H          1.74801        2.92700        1.13613
