27

C          3.14875        0.23498       -1.36336
N          2.82840        1.38831       -0.51415
C          1.41423        1.73482       -0.67242
C          3.12067        1.11151        0.90290
C          4.58479        0.95159        1.12607
C          5.36397       -0.05747        1.66802
C          4.92857       -1.37531        2.24248
C          5.94980       -2.48037        2.00581
C          5.55101       -3.81716        2.60943
N          5.22018       -4.92613        3.11019
C          6.68562        0.44704        1.54819
N          6.73796        1.65094        0.97953
N          5.45309        1.93341        0.72843
H          2.88890        0.44426       -2.40697
H          2.61282       -0.67018       -1.05073
H          4.22189        0.02196       -1.35943
H          1.18350        1.94488       -1.72240
H          1.17665        2.64723       -0.11320
H          0.75051        0.93350       -0.32699
H          2.57406        0.22917        1.25630
H          2.78870        1.95769        1.51722
H          3.96942       -1.67103        1.80141
H          4.75397       -1.24798        3.31846
H          6.91860       -2.21071        2.44334
H          6.11341       -2.62304        0.93044
H          7.61920       -0.01764        1.84164
H          5.22304        2.79807        0.24627
