28

C          1.19241       -0.68905        0.22148
C          2.68074       -0.85684        0.03264
C          3.20244       -0.64156       -1.18965
C          3.48302       -1.26883        1.28460
C          4.98144       -1.45980        1.01763
N          5.88828       -1.63145        2.16832
C          7.27910       -1.49323        1.71718
C          7.53280       -2.40233        2.80494
C          8.15364       -2.39353        4.01255
N          7.20367       -2.95437        4.83429
C          6.11617       -3.36426        4.08062
N          5.35422       -4.35999        4.60339
C          6.19540       -2.83833        2.79688
H          0.68397       -0.43465       -0.71675
H          0.98590        0.11673        0.93115
H          0.74440       -1.61732        0.58939
H          2.57718       -0.35013       -2.03366
H          4.25864       -0.73550       -1.41614
H          3.06398       -2.19957        1.68509
H          3.33676       -0.49479        2.04901
H          5.31228       -0.52215        0.55067
H          5.13710       -2.25871        0.28559
H          7.69714       -0.49002        1.76368
H          7.42080       -1.93610        0.72593
H          9.03750       -1.91270        4.39758
H          7.31105       -3.11247        5.82247
H          5.72745       -4.89076        5.38858
H          4.92248       -4.99471        3.93360
