28

C         -2.60995       -0.50744       -0.33970
O         -2.45942        0.91273       -0.49087
C         -1.14788        1.29780       -0.96609
C         -0.00563        0.70654       -0.11063
C          1.09208        1.61190        0.52256
N          2.40534        0.94687        0.73103
N          2.25544       -0.50434        0.79497
C          1.40154       -1.12232       -0.21799
C          0.67422       -2.52354        0.07985
C         -0.92045       -2.52982        0.46238
C         -1.72333       -1.09798        0.77134
C         -0.64643       -0.05429        1.06983
N          0.62155       -0.35574       -0.97258
H         -2.46824       -1.02029       -1.28920
H         -3.66166       -0.66431       -0.05186
H         -1.10179        2.39253       -0.99687
H         -1.07432        0.95432       -2.01318
H          0.71560        1.96405        1.50490
H          1.24469        2.53712       -0.05395
H          2.81602        1.27549        1.60873
H          3.10950       -1.02849        0.94984
H          1.26818       -3.09069        0.87276
H          0.90622       -3.09358       -0.80845
H         -0.97416       -3.05011        1.44301
H         -1.50022       -3.12026       -0.22209
H         -2.33546       -1.21963        1.65662
H         -0.00382       -0.85145        1.03948
H         -0.24848        0.01124        2.11971
