30

C          1.51122       -0.22256        1.06406
N          2.53019       -0.20090        0.02005
C          3.83917        0.05704        0.60054
C          2.50282       -1.12145       -1.15200
C          2.79506       -2.66860       -1.00271
C          1.72198       -3.06498       -0.03051
C          0.61156       -2.60628       -1.01005
O          0.81792       -3.74392       -1.88413
C          2.22806       -3.51612       -2.23958
C          2.02623       -2.75672       -3.52707
O          1.37595       -1.50986       -3.23419
C          1.11585       -1.29663       -1.80284
C          0.21495       -0.06085       -1.83009
H          1.43242        0.76917        1.52802
H          1.73429       -0.91346        1.88039
H          0.50030       -0.44804        0.70410
H          3.79309        0.93577        1.25419
H          4.57223        0.28642       -0.17090
H          4.19607       -0.79252        1.19815
H          3.20908       -0.71667       -1.89108
H          3.82370       -2.89566       -0.73855
H          1.78015       -2.58432        0.94248
H          1.72165       -4.14663        0.16389
H         -0.39048       -2.57706       -0.58340
H          2.69960       -4.49533       -2.35827
H          1.34556       -3.29780       -4.19287
H          2.95532       -2.56977       -4.06766
H          0.78881        0.85775       -1.69078
H         -0.57759       -0.10394       -1.06585
H         -0.27804        0.04317       -2.80160
