36

C          0.87823        0.06865        0.10522
C          2.39799       -0.10544        0.00261
C          2.88434       -0.06842       -1.45401
C          2.49325       -1.32844       -2.22351
C          2.96981       -2.56730       -1.45943
C          2.53892       -3.85967       -2.16435
C          3.04064       -5.11176       -1.42205
C          4.56392       -5.24469       -1.55480
C          2.54249       -5.08479        0.04419
C          2.96969       -6.31828        0.83811
C          2.95087       -3.78634        0.76654
C          2.45342       -2.55273       -0.00684
N          2.85607       -1.32372        0.69080
H          0.57278        1.01922       -0.34639
H          0.56133        0.08305        1.15491
H          0.32018       -0.72331       -0.40139
H          2.84807        0.74748        0.52495
H          3.97764        0.02574       -1.46292
H          2.49165        0.81715       -1.96697
H          2.94666       -1.30310       -3.22144
H          1.40753       -1.36072       -2.37033
H          4.06707       -2.52721       -1.44425
H          2.90299       -3.86538       -3.19900
H          1.44325       -3.89608       -2.22264
H          2.59780       -5.98633       -1.91617
H          5.10270       -4.45555       -1.02691
H          4.86221       -5.20321       -2.60710
H          4.91254       -6.20412       -1.15901
H          1.44258       -5.10458        0.01041
H          4.05410       -6.35744        0.98417
H          2.65823       -7.23398        0.32484
H          2.50387       -6.31801        1.82903
H          4.03938       -3.74803        0.89333
H          2.51895       -3.78186        1.77484
H          1.35721       -2.61186       -0.01168
H          3.87457       -1.29961        0.74912
