30

C          0.94622       -0.03666        0.02149
C          2.29162       -0.02687        0.02909
C          3.07615        1.04955       -0.64779
C          3.90445        1.74279        0.48099
O          4.50321        0.90546        1.50312
C          3.67114       -0.19746        1.96761
C          3.24997       -0.99125        0.74279
C          2.64689       -2.39279        0.76926
C          2.90109       -2.87808       -0.69663
C          4.05007       -1.98994       -1.26743
C          4.57257       -1.36816        0.00057
N          3.59096       -0.97212       -2.24010
C          3.84220        0.45791       -1.88307
H          0.38097        0.72303       -0.51401
H          0.36020       -0.78126        0.54608
H          2.40564        1.82140       -1.05070
H          3.25103        2.44294        1.01687
H          4.71000        2.33875        0.04034
H          2.83290        0.20334        2.54898
H          4.28665       -0.80255        2.64207
H          1.59057       -2.46064        1.03902
H          3.18890       -3.03777        1.47256
H          1.99319       -2.80303       -1.30527
H          3.19848       -3.93310       -0.68493
H          4.81476       -2.61381       -1.74315
H          5.29261       -0.56544       -0.17222
H          5.13732       -2.11043        0.58592
H          4.03611       -1.16057       -3.13845
H          4.91610        0.67147       -1.83651
H          3.49107        1.02760       -2.75469
