23

O          5.48017       -4.99593       -0.75239
C          4.56726       -4.33009       -1.22297
O          4.62948       -3.33581       -2.14388
C          5.71035       -2.40954       -2.15845
C          5.38772       -1.11969       -2.33982
C          6.13683       -0.18904       -1.37197
C          7.67203        0.11678       -1.02160
C          7.47521       -0.47305        0.37086
C          6.49330       -1.38505       -0.31866
C          6.92867       -2.49326       -1.28101
C          8.18956       -2.04046       -2.06446
N          8.66824       -0.70220       -1.71700
H          3.50771       -4.49325       -0.93867
H          4.42494       -0.80428       -2.73221
H          6.30263        0.52499       -2.19536
H          7.94035        1.17893       -0.96922
H          6.98107        0.19604        1.08633
H          8.32271       -0.94837        0.86920
H          5.66978       -1.69992        0.33932
H          7.11785       -3.44164       -0.78316
H          8.02651       -2.08238       -3.15012
H          9.00843       -2.74210       -1.86927
H          9.11485       -0.25809       -2.51743
