23

C          1.16744        0.10945       -0.16431
N          2.57898       -0.14633        0.02513
C          3.16690       -1.04341       -0.80008
N          2.79128       -1.41656       -2.00692
C          3.68929       -2.37977       -2.39703
C          4.60481       -2.63017       -1.40141
C          5.68957       -3.60810       -1.22533
C          5.15971       -5.03607       -1.13580
O          6.44162       -3.26690       -0.05864
C          5.64300       -2.84454        1.04174
O          4.95995       -1.62149        0.79802
N          4.28906       -1.74348       -0.41926
H          0.84985        0.92088        0.49638
H          0.57825       -0.78017        0.08510
H          0.94367        0.40824       -1.19363
H          2.89910       -0.11505        0.98927
H          3.60077       -2.86558       -3.36184
H          6.38272       -3.54810       -2.07147
H          4.42482       -5.15035       -0.33108
H          5.97368       -5.73765       -0.92787
H          4.67338       -5.33449       -2.07171
H          6.32172       -2.67017        1.88257
H          4.93828       -3.62467        1.35483
