19

O          1.63132       -0.25906       -1.25357
C          2.53242       -0.18710       -0.42126
N          2.93651       -1.25859        0.33267
N          4.05994       -1.19105        1.16534
C          4.88037       -0.08948        1.26004
O          5.90240       -0.12319        1.94245
N          4.44974        1.05685        0.61788
C          3.31619        1.79765        1.09913
C          2.56078        1.39427        2.36090
C          1.30051        2.09288        2.81177
O          1.25808        0.82692        2.15053
C          3.28804        1.06557       -0.22002
H          2.55749       -2.16659        0.09846
H          4.19386       -1.91121        1.86956
H          3.51582        2.86596        1.04372
H          3.15989        0.96215        3.15981
H          0.96398        2.96015        2.25942
H          1.07636        2.11140        3.87069
H          3.42769        1.66109       -1.11714
