30

C          2.11310        0.41802       -3.58728
C          3.25478        1.24869       -3.16018
O          3.02818        2.66934       -3.15044
C          3.24139        2.03617       -1.88109
C          4.55312        2.29681       -1.22235
C          4.62174        3.54319       -0.33762
C          5.94059        3.39520        0.44601
N          5.99992        4.83406        0.58313
C          5.18027        5.42968        1.58741
C          5.54651        6.88250        1.22762
C          4.74742        6.43506       -0.08365
C          3.81389        5.79149        0.90463
C          5.22162        5.03627       -0.63429
H          2.20510        0.16799       -4.64844
H          1.15596        0.93264       -3.44374
H          2.08418       -0.52232       -3.02198
H          4.20451        0.88473       -3.54088
H          2.40166        1.92380       -1.19263
H          5.37565        2.29154       -1.95620
H          4.72448        1.42101       -0.57876
H          3.77642        3.44171        0.35189
H          6.78172        3.01507       -0.15732
H          5.91120        2.81480        1.37144
H          5.21753        5.06930        2.61213
H          6.61322        7.11850        1.14415
H          5.08290        7.64403        1.86982
H          4.37155        7.20382       -0.75652
H          3.04858        5.12721        0.50259
H          3.20757        6.50388        1.49067
H          5.82202        5.10579       -1.54900
