22

C          1.84063        0.24362        1.61206
C          3.27183        0.51237        1.26554
N          3.69608        0.27901        0.03641
C          5.00701        0.99709       -0.00535
C          4.93699        1.90866        1.20462
C          4.97468        3.24758        1.30272
C          4.76552        4.14220        0.12377
C          4.80564        3.85813        2.66321
C          4.30760        2.86064        3.71666
O          4.41478        3.06100        4.92374
O          3.57197        1.82104        3.20861
N          4.15446        1.20448        2.09421
H          1.37062       -0.35728        0.82813
H          1.31569        1.20712        1.65178
H          1.75791       -0.25460        2.57568
H          5.13337        1.52255       -0.94966
H          5.82649        0.27617        0.10883
H          4.60090        3.58860       -0.80589
H          5.58769        4.84006       -0.01787
H          3.83772        4.71388        0.28050
H          4.07549        4.66988        2.64722
H          5.76958        4.24837        3.00283
