28

C          4.89340       -2.01208        0.62714
C          5.33930       -1.61115        2.02593
C          4.18114       -1.79099        3.00452
N          3.81081       -0.90394        3.87931
N          4.76487       -0.73898        4.86106
C          5.72079        0.10075        4.64947
C          6.93003       -0.04923        5.53315
C          7.81249       -0.81095        4.84483
C          8.77103       -0.19213        3.86221
C          7.66223       -2.33887        4.77241
C          6.87168       -2.86776        3.57358
C          7.42790       -3.10850        2.17005
N          6.69103       -1.91862        2.47635
H          5.71652       -1.99989       -0.08861
H          4.15524       -1.27385        0.27540
H          4.39887       -2.98789        0.60402
H          5.41033       -0.50939        1.94172
H          3.53118       -2.65724        2.84332
H          5.80232        0.79310        3.78919
H          6.50355       -0.48704        6.44704
H          8.23770        0.33546        3.05453
H          9.41167       -0.93808        3.41467
H          9.41849        0.52341        4.37318
H          7.12623       -2.67737        5.67265
H          8.64718       -2.81529        4.82871
H          6.14632       -3.62727        3.85536
H          8.49464       -2.97508        2.01526
H          6.97639       -3.87007        1.54861
