29

C          1.06146       -0.12682        0.14123
C          2.55733        0.00968       -0.11000
C          2.86156       -0.02498       -1.60272
C          3.21530        1.08411        0.78346
C          4.28501        0.00247        1.04621
O          3.34462       -1.02415        0.55737
C          5.66740        0.10119        0.26563
N          6.17706        1.21737       -0.12234
N          6.32836       -1.09561        0.09629
C          7.77961       -1.07862       -0.07830
C          8.38136       -2.46346       -0.33234
C          7.85246       -3.02580       -1.64171
C          7.39877       -3.50818       -2.76488
H          0.52132        0.67729       -0.37531
H          0.80715       -0.05832        1.20506
H          0.67949       -1.08099       -0.23709
H          2.41603        0.83588       -2.11225
H          2.44532       -0.93542       -2.05007
H          3.93312       -0.02554       -1.81487
H          2.65849        1.34817        1.68674
H          3.51925        2.00522        0.28796
H          4.46748       -0.13810        2.10832
H          5.57358        2.01460        0.10790
H          5.82439       -1.76358       -0.48062
H          8.20951       -0.69020        0.85061
H          8.07426       -0.40227       -0.89139
H          8.12715       -3.15134        0.48160
H          9.47294       -2.39246       -0.38917
H          7.02792       -3.90118       -3.68367
