30

C          0.75019       -0.24555       -0.13595
C          2.25025       -0.01575        0.06561
C          2.44246        1.36077        0.73996
C          3.91551        1.70904        0.89166
C          4.74845        1.83167       -0.39283
C          5.23450        3.13455        0.23445
O          4.10191        3.13794        1.14651
N          2.91418       -1.07148        0.85387
C          2.82670       -2.41071        0.27511
C          3.46606       -2.50812       -1.08377
C          2.82519       -2.87614       -2.20387
C          3.53595       -3.41556        1.16821
C          4.14435       -4.27752        1.93431
H          0.32230        0.54131       -0.76561
H          0.21446       -0.24520        0.82021
H          0.53686       -1.19618       -0.63708
H          2.71787        0.03448       -0.92292
H          1.95377        1.38053        1.72141
H          1.94640        2.12549        0.12727
H          4.40461        1.13485        1.69016
H          4.16801        1.97176       -1.30967
H          5.49895        1.05178       -0.53781
H          5.23803        4.00167       -0.43253
H          6.18168        3.07346        0.77998
H          2.50948       -1.10638        1.78789
H          1.78013       -2.73544        0.23691
H          4.52534       -2.26859       -1.13865
H          1.76890       -3.12956       -2.20537
H          3.35629       -2.92962       -3.14876
H          4.64658       -4.97935        2.55885
