30

C          0.95991        0.17860        0.01492
C          2.48225        0.11737        0.06140
O          2.85503       -0.49738        1.29778
C          3.06052       -0.67251       -1.11893
C          4.59440       -0.80378       -1.09830
C          4.89065       -2.18912       -1.64909
C          6.12015       -2.44456       -2.49078
C          6.09582       -2.90264       -1.06423
C          3.52493       -2.86114       -1.84264
C          3.04470       -3.12760       -3.31524
N          2.38946       -4.36439       -2.84178
C          3.33833       -4.40249       -1.70527
O          2.58822       -2.03452       -1.07843
H          0.57976        0.77181        0.85421
H          0.51600       -0.81798        0.11514
H          0.60773        0.62866       -0.91747
H          2.88832        1.13364        0.06182
H          2.63292       -1.44504        1.19426
H          2.73211       -0.23694       -2.07017
H          4.98988       -0.71244       -0.08119
H          5.05031       -0.01308       -1.70411
H          6.76154       -1.60520       -2.74053
H          6.09261       -3.21226       -3.25483
H          6.72341       -2.37324       -0.35518
H          6.04055       -3.96664       -0.86805
H          3.84351       -3.30421       -4.04407
H          2.35653       -2.38419       -3.72884
H          2.43560       -5.15559       -3.47988
H          4.23166       -5.00146       -1.91544
H          2.89865       -4.74605       -0.76502
