29

C          0.89530       -0.98375       -2.62659
N          2.32368       -1.03160       -2.34549
C          2.73451       -1.18525       -0.92217
C          2.17111       -0.05838       -0.03974
C          2.24463       -2.52330       -0.35326
O          2.83875       -3.14738        0.52831
C          4.30962       -1.16766       -0.85944
O          4.80156       -1.29574        0.47867
C          4.98684       -2.24316       -1.73951
C          6.52645       -2.18376       -1.71065
C          7.10895       -3.33009       -2.54173
C          7.01096       -0.89939       -2.24683
N          7.37316        0.11134       -2.68287
H          0.75632       -0.85466       -3.70525
H          0.39674       -0.14476       -2.13487
H          0.38854       -1.91512       -2.36260
H          2.74398       -0.17222       -2.71028
H          1.07664       -0.07689        0.00249
H          2.48183        0.92643       -0.40691
H          2.51644       -0.15086        0.99658
H          1.26696       -2.88676       -0.70286
H          4.63829       -0.17785       -1.20078
H          4.40181       -2.10979        0.85708
H          4.64149       -2.14485       -2.77587
H          4.68462       -3.23963       -1.39284
H          6.88397       -2.29868       -0.67756
H          6.70264       -3.33144       -3.55988
H          6.87695       -4.29754       -2.08431
H          8.19857       -3.24655       -2.62180
