26

C          0.91583       -0.20089       -0.71642
C          2.31768       -0.07520       -0.21754
C          2.76521        0.79865        0.93490
C          2.12624        1.87880        1.60476
C          0.68287        2.28457        1.61394
C          0.33910        3.73647        1.57706
N          0.82177        4.28307        0.31506
C          1.31065        1.63322        2.83357
O          0.70954        0.40074        3.21135
C          0.82334       -0.84190        2.68014
O          0.06496       -1.73544        3.07883
N          1.70402       -1.18300        1.68677
N          2.78215       -0.56623        1.09917
H          0.71503        0.56387       -1.47244
H          0.14377       -0.11580        0.05116
H          0.78365       -1.18043       -1.18948
H          3.02321       -0.22382       -1.02893
H          3.78415        1.15656        0.71155
H          2.82104        2.71462        1.75045
H         -0.03803        1.70801        1.05372
H          0.78231        4.28226        2.41600
H         -0.74868        3.85773        1.63259
H          1.83947        4.21764        0.27851
H          0.61022        5.27767        0.27794
H          1.52262        2.29189        3.67475
H          1.62257       -2.17185        1.48000
