23

N          1.35163       -0.64539        0.43607
C          2.55744       -0.03928        0.20446
O          3.16094        0.49637        1.12526
C          3.07496       -0.04524       -1.25070
C          2.61319       -1.26126       -2.08119
C          1.32209       -0.93797       -2.86318
C          1.47918        0.14311       -3.96869
C          1.38526        1.11700       -2.76226
N          0.47554        0.08019       -2.13991
C          2.66789        1.21016       -1.99127
C          3.46500        2.27839       -2.14610
H          0.94388       -0.48183        1.34501
H          0.70571       -0.69041       -0.35080
H          4.16783       -0.10477       -1.15895
H          2.46718       -2.13983       -1.44377
H          3.39899       -1.52462       -2.80144
H          0.78525       -1.84037       -3.17055
H          0.63021        0.19996       -4.66235
H          2.40532        0.13163       -4.54886
H          0.90300        2.08034       -2.95698
H         -0.47314        0.14693       -2.51441
H          3.18556        3.12601       -2.76216
H          4.43838        2.32377       -1.66017
