27

C          1.35691       -0.29864       -0.13355
C          2.78644        0.17506        0.03063
N          3.05560        1.32027       -0.50316
C          4.34975        1.90414       -0.15944
C          4.68990        1.59865        1.27115
C          5.23669        2.48482        2.10847
C          4.37808        0.21677        1.76517
C          5.51485       -0.77715        1.59619
C          4.84938       -1.13522        0.25444
C          4.99041       -2.61719       -0.15934
N          6.19461       -3.06367       -0.32666
N          6.29017       -4.34731       -0.72260
N          3.60728       -0.60543        0.83425
H          0.69927        0.56294       -0.29855
H          1.02371       -0.80141        0.78058
H          1.27641       -0.98021       -0.98053
H          4.29091        2.98330       -0.31683
H          5.12538        1.53809       -0.84431
H          5.47685        3.48906        1.78630
H          5.46518        2.23058        3.14512
H          3.90386        0.21630        2.75300
H          5.50385       -1.58377        2.33964
H          6.53098       -0.37996        1.52935
H          5.20823       -0.52249       -0.58162
H          4.07593       -3.21928       -0.30419
H          7.27890       -4.61455       -0.76492
H          5.86140       -4.99488       -0.05840
