33

C          1.43530       -0.55174       -0.27153
C          2.75231        0.23300       -0.23572
C          3.76118       -0.50349        0.64889
C          3.30054        0.49082       -1.66380
C          3.66479       -0.79467       -2.45678
O          4.96332       -0.72239       -3.07085
C          5.95130       -0.19918       -2.18750
C          5.79182        1.30869       -2.10990
C          4.34205        1.67170       -1.81556
C          3.50839        2.03460       -3.08692
C          3.26721        3.49287       -3.49852
N          2.63917        4.29145       -2.44555
N          2.34377        1.38532       -2.42839
H          1.09540       -0.79082        0.74260
H          1.53231       -1.49237       -0.82075
H          0.64484        0.03279       -0.75323
H          2.54710        1.19659        0.24963
H          3.96182       -1.51895        0.29957
H          3.38227       -0.58806        1.67519
H          4.71589        0.03360        0.69726
H          2.94541       -0.97503       -3.26337
H          3.64922       -1.69157       -1.83244
H          6.93828       -0.44601       -2.59092
H          5.87826       -0.67509       -1.20421
H          6.09680        1.75654       -3.06434
H          6.45884        1.71566       -1.34266
H          4.27234        2.42957       -1.02348
H          3.83130        1.48643       -3.98494
H          2.61728        3.51203       -4.38157
H          4.21530        3.96068       -3.78580
H          1.83013        3.76299       -2.10970
H          2.27394        5.14956       -2.85511
H          1.71410        0.90036       -3.06829
