20

C          0.48669        0.56305        3.02764
N         -0.72683        0.63531        2.57112
N         -1.03867        1.40686        1.43782
C         -0.28642        1.59399        0.39623
C          1.09000        1.14200        0.00100
C          1.69626        0.44843        1.03384
N          1.67565        0.91248        2.43407
C          2.27326        2.14752        2.89832
C          3.46186        2.75075        2.66124
C          3.57610        4.13381        2.11118
C          3.48788        4.31653        0.76493
C          2.99245        3.22882        0.00352
C          2.11403        2.26528        0.00236
H          0.65792        0.06359        3.99204
H         -0.72737        2.26377       -0.36297
H          2.73316        0.12964        0.88447
H          1.55860        2.67973        3.53214
H          4.27839        2.16440        2.24834
H          3.83812        4.97792        2.74475
H          3.64055        5.27745        0.28770
