25

C          0.82454        0.29325        0.12459
C          2.30420        0.14871       -0.06909
O          3.03123        1.07105       -0.42457
N          2.70257       -1.17278        0.10488
C          4.06672       -1.54760       -0.01466
C          4.60816       -2.78961        0.63714
C          4.29225       -3.88850       -0.40147
C          5.31662       -3.78569       -1.51973
N          6.16641       -3.70039       -2.44742
C          2.89562       -3.48157       -0.93327
C          2.47702       -4.21160       -2.18367
C          1.40587       -5.01249       -2.25771
C          3.03030       -1.97544       -1.01957
H          0.58284        1.33340        0.37349
H          0.47344       -0.35116        0.93673
H          0.32239        0.01075       -0.80443
H          4.79257       -0.79176       -0.28480
H          4.08908       -2.98408        1.58181
H          5.68347       -2.70255        0.83894
H          4.31018       -4.89218        0.03447
H          2.16219       -3.70302       -0.14397
H          3.09922       -4.10842       -3.07291
H          0.73852       -5.16663       -1.41500
H          1.17461       -5.54337       -3.17748
H          3.02940       -1.52259       -2.00003
