29

C          3.00711        0.57825        1.14729
N          2.30465        0.11156       -0.04026
C          2.84467        0.55324       -1.34158
C          2.05525       -0.09789       -2.48753
C          1.05745       -0.99575       -2.41583
C          4.33042        0.21265       -1.51193
O          5.13966        1.34417       -1.51646
C          4.28696        2.47923       -1.74894
C          2.86708        2.07996       -1.46794
C          1.71939        2.85504       -2.11125
N          1.99613        3.00698       -0.69982
C          4.85830       -1.00653       -1.71979
C          6.30872       -1.29273       -1.93221
H          2.60252        0.05234        2.01822
H          2.86461        1.64544        1.33335
H          4.07909        0.36567        1.12075
H          1.32426        0.37268        0.01268
H          2.37273        0.21035       -3.48381
H          0.69516       -1.38570       -1.47089
H          0.60092       -1.38536       -3.32118
H          4.41195        2.77719       -2.79610
H          4.62658        3.29796       -1.10653
H          0.78943        2.35671       -2.35538
H          1.95721        3.70556       -2.73827
H          1.34158        2.47306       -0.12834
H          4.19460       -1.86775       -1.74515
H          6.94638       -0.42572       -1.73557
H          6.47761       -1.61533       -2.96505
H          6.62835       -2.09908       -1.26624
