29

C          2.83705        0.53254       -0.72689
C          4.10779        0.81689        0.08482
C          3.67661        1.59806        1.28121
C          4.42831        1.65324        2.38280
C          4.54156        3.01178        2.98682
C          4.05281        3.06328        4.44117
O          4.40382        4.32402        5.02589
N          5.88275        3.59195        2.85155
C          6.75173        3.27920        1.96537
N          6.94748        2.33880        0.92695
C          8.39264        2.04265        0.74738
C          6.21074        2.30978       -0.27063
C          5.10206        1.66714       -0.69064
H          2.05682        0.07961       -0.10102
H          3.04149       -0.15092       -1.55553
H          2.41320        1.45259       -1.15815
H          4.56912       -0.13865        0.35802
H          2.98485        2.41248        1.06802
H          5.21616        0.92742        2.59220
H          3.90827        3.72675        2.44702
H          4.47566        2.27171        5.06422
H          2.96333        2.97564        4.46175
H          5.27470        4.53143        4.62786
H          7.67019        3.88760        2.05736
H          8.53454        1.08127        0.24485
H          8.90041        1.98281        1.71859
H          8.87879        2.83194        0.15965
H          6.76652        2.84520       -1.04420
H          4.86160        1.78165       -1.74830
