25

C          0.99996       -0.04728        0.02425
C          2.50781       -0.19441        0.00936
O          3.12698        0.90709        0.72754
C          4.16653        0.01158        1.19380
C          3.28614       -1.23042        0.90073
C          2.52215       -1.73330        2.13346
N          3.40678       -2.41637        3.09408
C          3.87774       -2.40668        0.06497
O          3.19131       -3.01749       -0.76993
N          5.17116       -2.81964        0.35131
O          5.91116       -2.09770        1.30725
C          5.92893       -3.63275       -0.46616
O          7.13288       -3.85137       -0.36459
H          0.70370        0.81745       -0.58071
H          0.61054        0.11157        1.03392
H          0.51654       -0.93136       -0.40090
H          2.85586       -0.19253       -1.03447
H          4.41428        0.19403        2.24369
H          5.06734        0.13301        0.58343
H          1.72590       -2.42741        1.83892
H          2.03929       -0.89865        2.65522
H          3.48433       -3.40382        2.84505
H          2.93483       -2.42822        4.00429
H          5.74911       -2.61485        2.11795
H          5.33651       -4.08700       -1.27813
