32

C          0.95030       -0.12872       -0.30766
C          2.27846       -0.06116       -0.17338
C          3.22597       -0.87156       -0.90799
C          4.57558       -0.84709       -0.79083
C          5.30612        0.13417        0.14203
C          6.03780       -0.24088        1.47943
C          5.59133       -1.41626        2.41437
C          6.34146       -2.80447        2.19530
C          5.62006       -4.08263        1.40107
C          5.67390       -3.04867        0.30817
C          7.12858       -2.79232        0.85560
N          5.71958       -3.20036       -1.11111
C          5.45899       -1.81302       -1.64695
H          0.30674        0.51502        0.27717
H          0.46909       -0.81903       -0.99448
H          2.64910        0.66141        0.55588
H          2.77739       -1.59679       -1.59034
H          4.62233        0.94423        0.41204
H          6.03959        0.66081       -0.48695
H          5.95358        0.67074        2.09886
H          7.10765       -0.27441        1.28472
H          4.50333       -1.54337        2.38062
H          5.81271       -1.10583        3.44437
H          6.88982       -3.10673        3.09354
H          4.62583       -4.37678        1.74228
H          6.23697       -4.98369        1.28310
H          4.78769       -2.48043        0.57796
H          7.68772       -1.91180        0.55179
H          7.84928       -3.62129        0.75273
H          4.99591       -3.81905       -1.47754
H          5.00514       -1.92545       -2.63896
H          6.42405       -1.32856       -1.82069
