26

C          1.03547       -0.32987        0.28170
C          2.33340       -0.00209        0.34235
C          2.88684        1.29288       -0.23330
C          2.85450        2.48249        0.72732
O          4.02991        2.58251        1.53168
C          4.03368        1.77262        2.69755
O          4.71173        0.52778        2.50906
C          3.82411       -0.59285        2.32433
C          4.29615       -2.07632        2.27908
N          3.09722       -2.28701        1.33951
C          3.38839       -0.89714        0.86862
C          5.53260       -2.42420        1.58216
C          6.49303       -2.69395        0.91695
H          0.30993        0.35232       -0.15792
H          0.64557       -1.27550        0.63818
H          2.31874        1.54046       -1.13707
H          3.92301        1.13786       -0.56334
H          1.94307        2.51502        1.33538
H          2.84871        3.39139        0.11370
H          3.01801        1.63463        3.09297
H          4.58924        2.31557        3.46770
H          2.98813       -0.51149        3.04019
H          4.19370       -2.60360        3.23537
H          2.22232       -2.36876        1.85796
H          4.20515       -0.90162        0.13221
H          7.29440       -2.91335        0.24681
