31

C          0.78376        1.03737       -0.08567
C          2.28610        1.34051       -0.06532
O          2.81843        0.85426        1.16750
C          3.01061        0.72614       -1.29388
O          2.43250        1.24162       -2.49659
C          4.53404        0.94418       -1.33767
C          4.96276        2.39681       -1.33029
C          5.42068       -0.03990       -0.59728
C          5.44016       -0.05199       -2.11295
C          4.87020       -1.28571       -2.77918
N          6.70148        0.45166       -2.73966
N          6.38285        0.97969       -3.94072
C          7.39888        1.48670       -4.55912
H          0.29548        1.45193        0.80353
H          0.60058       -0.04307       -0.06553
H          0.29564        1.45591       -0.97114
H          2.39523        2.43045       -0.06483
H          2.64522       -0.10089        1.20909
H          2.79859       -0.34521       -1.28100
H          2.56469        2.20735       -2.48296
H          4.51119        2.94343       -0.49817
H          4.67196        2.88114       -2.26765
H          6.04645        2.50861       -1.22320
H          4.97419       -0.88822       -0.08712
H          6.29243        0.34426       -0.07618
H          4.04546       -1.73782       -2.21931
H          5.64388       -2.05583       -2.86679
H          4.50673       -1.04933       -3.78358
H          7.38098       -0.30704       -2.81671
H          7.26187        1.94262       -5.54865
H          8.42168        1.49229       -4.14576
