28

C          0.22494       -0.19510        0.04855
C          1.22200        0.03465       -1.07572
O          1.56900        1.43561       -0.94704
C          2.57081       -0.82229       -0.89119
O          3.54498       -0.25431       -1.77572
C          3.11426       -0.44438       -3.12395
C          1.74048       -1.10588       -3.21433
C          1.55990       -2.37731       -2.31249
C          0.09493       -2.70341       -2.69210
C         -0.55392       -1.28656       -2.69160
C          0.64076       -0.26562       -2.56900
N          0.31410        0.93084       -3.35248
O          2.48282       -2.22511       -1.23493
H          0.69358        0.03538        1.01324
H         -0.15206       -1.21814        0.10618
H         -0.62550        0.49094       -0.04545
H          2.54016        1.49538       -0.97859
H          2.95918       -0.72642        0.12443
H          3.86862       -1.05156       -3.63622
H          3.10606        0.53838       -3.60747
H          1.52348       -1.33491       -4.26736
H          0.94852       -2.27738       -1.40383
H         -0.42419       -3.39964       -2.01445
H          0.05198       -3.15029       -3.69151
H         -1.29962       -1.16565       -1.89979
H         -1.08800       -1.17003       -3.64783
H         -0.56371        1.33483       -3.02795
H          0.19830        0.71221       -4.34112
