29

C          0.73749        0.11993       -0.18776
N          1.76776       -0.86486       -0.48653
C          2.96855       -0.28473       -1.06456
C          1.99594       -1.08755       -1.90543
C          2.84999       -2.26373       -2.44449
C          4.20852       -1.54701       -2.65395
C          4.27504       -1.05180       -1.20373
O          5.40267       -0.26103       -0.92315
C          4.23659       -2.38122       -0.42800
C          3.20323       -3.22397       -1.23192
N          3.77570       -4.52859       -1.59115
C          2.25665       -2.95012       -3.64855
C          2.82602       -3.06898       -4.85624
H          0.97721        0.63068        0.75142
H         -0.22152       -0.38994       -0.04702
H          0.60191        0.88327       -0.96275
H          3.03778        0.77964       -1.24611
H          1.41332       -0.56102       -2.65101
H          4.16365       -0.72218       -3.37618
H          5.04296       -2.20376       -2.92454
H          5.44023        0.45555       -1.57777
H          3.93193       -2.24948        0.61610
H          5.23161       -2.84337       -0.41160
H          2.31481       -3.41838       -0.61934
H          4.57442       -4.39991       -2.21107
H          3.08765       -5.04940       -2.13467
H          1.26969       -3.38734       -3.50027
H          3.80986       -2.67076       -5.08371
H          2.31410       -3.58909       -5.66084
