34

C          5.01770       -3.76416        1.40237
C          4.47443       -2.39756        1.80873
N          4.92839       -1.29429        0.94146
C          4.45317       -1.46000       -0.43799
C          4.47824        0.01511        1.45169
C          5.05842        0.40476        2.81459
C          6.58748        0.48863        2.78974
N          7.10344        0.81341        4.12049
N          7.96980       -0.14289        4.74257
C          7.08621        2.08305        4.72728
C          6.46138        3.25923        3.98071
N          7.60007        2.24029        5.92869
N          7.56649        3.47884        6.47928
H          4.79031       -4.49774        2.18361
H          6.10404       -3.73577        1.27630
H          4.56424       -4.12471        0.47465
H          4.83645       -2.23390        2.82863
H          3.37929       -2.43423        1.85825
H          4.84812       -2.37423       -0.89140
H          4.81084       -0.63812       -1.06856
H          3.35861       -1.48501       -0.49459
H          3.38176        0.04524        1.50969
H          4.77385        0.79754        0.74011
H          4.72957       -0.28424        3.59908
H          4.62774        1.37211        3.09628
H          6.93663        1.22519        2.05633
H          7.00008       -0.47523        2.46667
H          7.49694       -1.04451        4.81611
H          8.11577        0.16666        5.71311
H          6.07138        2.99757        2.99936
H          7.21637        4.03661        3.82717
H          5.63702        3.66412        4.57558
H          8.13915        3.48696        7.32597
H          7.97368        4.18343        5.86294
