26

C          2.04811       -0.91837        0.98860
C          2.35933        0.13085       -0.07083
N          2.96747        1.36144        0.43061
C          2.13139        2.41600        0.78866
O          0.89721        2.33137        0.76019
C          2.76965        3.72742        1.27778
O          1.96670        4.40677        2.23469
C          4.34857        1.43516        0.44521
N          5.14946        2.22214       -0.20513
N          4.62140        2.99206       -1.18737
C          5.55686        3.30284       -2.27491
C          5.10509        0.51057        1.25410
C          5.74641       -0.24796        1.93189
H          1.61926       -1.80581        0.50834
H          1.32611       -0.55025        1.72316
H          2.94359       -1.24121        1.52534
H          1.42996        0.38158       -0.59475
H          3.03564       -0.30771       -0.81405
H          2.85944        4.39631        0.41856
H          3.75036        3.56903        1.72809
H          1.05445        4.37934        1.88706
H          4.35852        3.90453       -0.81209
H          6.25254        2.47741       -2.45843
H          6.13908        4.19775       -2.03013
H          4.99933        3.49309       -3.19600
H          6.32433       -0.91430        2.52003
