22

N          4.94674        1.99342       -1.02020
N          4.23316        0.89696       -0.64232
C          2.93282        1.05790       -0.51486
N          2.31068        2.26858       -0.75705
O          1.15896        2.15501       -1.54655
C          0.34270        3.18827       -1.28453
C          0.31815        4.06025       -0.20795
C         -0.67572        5.05506       -0.33507
O         -0.89433        6.05619        0.53343
C         -1.42445        4.91862       -1.47486
S         -0.92555        3.55783       -2.38601
C          2.20216       -0.15819       -0.04267
C          1.00161       -0.10843        0.54095
H          5.94352        1.74977       -0.97805
H          4.78739        2.20464       -2.00487
H          2.98086        2.92032       -1.16236
H          1.00139        3.97427        0.63028
H         -0.25956        6.01385        1.26830
H         -2.23988        5.54571       -1.81236
H          2.73928       -1.09480       -0.14445
H          0.47102        0.82526        0.70188
H          0.53064       -1.01515        0.90564
