32

C          1.01246        0.09060        0.67389
N          2.38355       -0.16186        0.22534
C          3.07208        1.13542       -0.08779
C          3.55426        0.98797       -1.56192
C          4.13818        2.28721       -2.08620
C          4.58095       -0.13801       -1.59830
C          3.91552       -1.26041       -1.28771
C          2.44233       -0.89568       -1.09412
C          1.60033       -2.16527       -1.13300
C          2.30656        0.27272       -2.09118
C          1.40276        0.56016       -3.05096
C          0.24008       -0.32764       -3.42383
C          1.39137        1.82597       -3.86883
H          1.00486        0.80202        1.50769
H          0.55920       -0.82911        1.05269
H          0.36626        0.49475       -0.11636
H          3.90856        1.27922        0.60641
H          2.39744        1.99740        0.01126
H          5.03690        2.55448       -1.52103
H          3.44055        3.12442       -1.97403
H          4.43381        2.20864       -3.13651
H          5.64164       -0.04133       -1.76543
H          4.34083       -2.24354       -1.16131
H          1.89035       -2.84662       -0.32260
H          1.74327       -2.71438       -2.07077
H          0.53122       -1.96686       -1.01088
H          0.31615       -1.34673       -3.05717
H          0.16559       -0.41750       -4.51312
H         -0.69659        0.10139       -3.05142
H          2.23579        2.48440       -3.68886
H          0.48198        2.39767       -3.64941
H          1.39505        1.58962       -4.93831
