20

N          1.14616        0.23822        0.20591
C          2.46535       -0.07288        0.06586
O          2.87999       -1.15860        0.45055
C          3.28952        0.94917       -0.57457
C          4.41516        0.68556       -1.34383
S          5.22972        2.11330       -1.82063
C          4.03352        3.10693       -1.14090
O          4.10957        4.42667       -1.25438
C          3.06708        2.37311       -0.49980
C          4.85590       -0.72896       -1.75704
C          5.61083       -0.91698       -3.06281
N          6.29051       -1.05411       -1.79795
H          0.54495       -0.49706        0.55232
H          0.72063        1.02103       -0.27493
H          4.92618        4.59144       -1.75899
H          2.24603        2.84211        0.02645
H          4.21774       -1.55283       -1.45464
H          5.89506       -0.07023       -3.67195
H          5.41419       -1.82587       -3.61785
H          6.83336       -0.22666       -1.55198
