25

C          0.75341        1.75234        0.29485
N          2.19224        1.93724        0.40737
C          2.91730        1.19230       -0.63452
C          4.42624        1.36460       -0.48599
C          5.19378        0.62296       -1.61312
O          5.02398        0.74415       -2.81559
N          6.13258       -0.22343       -1.02973
N          5.96303       -0.20318        0.28177
C          6.44265       -0.91630        1.32076
C          7.47768       -1.96376        1.25409
C          5.71342       -0.39337        2.38519
N          4.80695        0.57648        1.97207
C          5.00139        0.64816        0.67873
H          0.24955        2.33852        1.06988
H          0.46922        0.70359        0.42713
H          0.38506        2.10491       -0.67388
H          2.50939        1.61252        1.32769
H          2.60976        1.56320       -1.61994
H          2.64981        0.12807       -0.59045
H          4.73175        2.41615       -0.49455
H          6.72649       -0.87891       -1.50856
H          7.88756       -2.07855        0.24649
H          7.06139       -2.92834        1.56181
H          8.30663       -1.72211        1.92680
H          5.78152       -0.67245        3.43002
