32

C          0.87251       -0.07794        0.02975
C          2.39220        0.04980        0.03259
N          2.87976        1.08460       -0.88426
C          2.40671        2.42840       -0.54754
C          3.33600        3.31124       -1.35982
C          4.70102        2.64771       -1.17143
O          5.33862        3.20189       -0.00949
C          5.63606        2.79331       -2.37760
C          5.99093        4.24104       -2.67609
O          5.62312        5.16346       -1.94793
C          6.87198        4.47667       -3.89032
C          7.10877        5.95482       -4.15106
C          4.35607        1.16948       -0.87180
H          0.56756       -0.91302        0.66927
H          0.49249       -0.26955       -0.97946
H          0.38851        0.82321        0.41739
H          2.81025       -0.91728       -0.27230
H          2.73047        0.23947        1.05924
H          2.51009        2.64488        0.52345
H          1.36598        2.58692       -0.84511
H          3.29878        4.34265       -0.99627
H          3.03142        3.29828       -2.41376
H          5.44941        4.16048       -0.18643
H          5.17911        2.35810       -3.27361
H          6.58147        2.27575       -2.17508
H          6.39272        4.02220       -4.76338
H          7.82978        3.97704       -3.71359
H          6.16514        6.46963       -4.36166
H          7.77344        6.09101       -5.00829
H          7.56639        6.43974       -3.28217
H          4.77560        0.87416        0.10001
H          4.75209        0.48941       -1.63341
