27

C          0.91950        0.12044        0.08699
C          2.44272       -0.07189        0.07212
N          2.73688       -1.12736       -0.90234
C          2.68129       -2.43696       -0.55222
N          2.39784       -3.36062       -1.39436
N          3.00928       -2.73267        0.71941
C          2.69950       -1.84505        1.81962
C          3.06290       -0.39378        1.44875
C          2.58291        0.57266        2.55995
C          3.77137        0.68861        3.45677
C          4.88314        0.26284        2.84992
C          4.60581       -0.21732        1.45822
H          0.56068        0.37492       -0.91742
H          0.61806        0.93306        0.75356
H          0.39276       -0.78899        0.39444
H          2.87329        0.86308       -0.30771
H          3.61605       -0.94032       -1.37764
H          2.16635       -2.89002       -2.27590
H          2.86411       -3.71838        0.90873
H          3.24267       -2.18157        2.71120
H          1.63151       -1.93636        2.05150
H          1.71446        0.18404        3.09966
H          2.33821        1.56813        2.17179
H          3.73308        1.11049        4.45211
H          5.87168        0.28813        3.28905
H          5.14098       -1.15097        1.25859
H          4.94745        0.53720        0.74074
