27

C          0.77258        0.15746        0.35751
N          2.18226        0.00758        0.03265
C          2.72857       -1.18892        0.64976
C          4.15047       -1.33668        0.27803
C          4.70306       -2.26725       -0.49108
C          6.30877       -2.25373       -0.60784
N          6.20704       -1.90266        0.83620
C          5.29073       -0.69212        0.93395
C          5.76684        0.58022        0.16796
C          6.87158        0.26796       -0.78126
C          7.11879       -1.01418       -1.09300
C          5.98915       -2.68721       -2.02923
C          5.71498       -3.05905       -3.24849
H          0.38727        1.06321       -0.11984
H          0.62396        0.25303        1.43805
H          0.18327       -0.68678       -0.01482
H          2.69301        0.82292        0.36009
H          2.16878       -2.06883        0.30466
H          2.63511       -1.15467        1.73989
H          4.09867       -3.08273       -0.87877
H          7.12797       -1.61395        1.15721
H          5.08544       -0.46224        1.98510
H          6.14184        1.31666        0.88928
H          4.95220        1.05823       -0.39167
H          7.50185        1.06596       -1.16607
H          7.99204       -1.23612       -1.69606
H          5.48161       -3.35426       -4.24487
