19

C          2.78503       -0.32333       -0.55730
C          3.41112       -0.56933        0.80115
C          3.74572        0.53623        1.48493
O          5.11547        0.93330        1.55014
C          5.08212        2.26394        1.65303
C          5.91923        3.32924        1.83579
C          5.05690        4.45574        2.03700
C          3.74014        4.02591        1.91011
N          3.80512        2.71362        1.57451
N          2.92459        1.67800        1.39890
C          2.11019        1.77291        0.28825
N          1.95372        0.89146       -0.64137
H          2.16972       -1.18778       -0.83213
H          3.59156       -0.26081       -1.29904
H          2.69254       -1.19977        1.34013
H          6.99843        3.30487        1.89577
H          5.36816        5.46131        2.29269
H          2.80037        4.54234        2.04278
H          1.54492        2.71860        0.24814
