32

C          2.64297        1.19575       -3.38193
C          2.33812        1.02675       -1.89314
C          0.84808        0.71843       -1.71233
C          3.19080       -0.07599       -1.22649
C          4.71890        0.11801       -1.33086
N          5.39908       -1.03652       -0.65116
C          5.77682       -0.56242        0.70391
C          6.87444        0.46741        0.94554
C          7.65990        1.11680       -0.16717
C          6.63933        1.75240       -1.09465
C          6.92248        2.51718       -2.15640
C          5.23573        1.39223       -0.60173
C          5.45921        0.88885        0.80118
H          2.00805        1.97486       -3.81857
H          2.46134        0.26642       -3.93237
H          3.68043        1.49801       -3.54907
H          2.53166        1.98319       -1.39508
H          0.57804       -0.23397       -2.18170
H          0.23140        1.50297       -2.16398
H          0.58721        0.66123       -0.65093
H          2.93197       -1.04202       -1.68279
H          2.89848       -0.15120       -0.17026
H          5.00788        0.11259       -2.38811
H          6.25183       -1.24523       -1.17252
H          5.51308       -1.21616        1.52821
H          7.35362        0.50120        1.91274
H          8.26264        0.37123       -0.69366
H          8.31999        1.88760        0.24862
H          7.94933        2.72622       -2.44026
H          6.13548        2.93743       -2.77452
H          4.56280        2.25206       -0.63407
H          4.86647        1.28381        1.60390
