31

C          1.03843       -0.04455       -0.53141
C          2.43558        0.32695       -0.04763
N          3.33311       -0.83163       -0.24577
C          3.08250        1.60259       -0.65645
C          3.34057        1.62504       -2.16519
O          2.16414        1.42442       -2.94784
C          3.85560        3.05538       -2.33463
C          2.85017        3.85255       -1.49298
C          3.29168        4.84176       -0.37984
C          3.17112        3.67614        0.59854
N          2.37234        2.90610       -0.40626
C          1.78499        4.44944       -2.37094
C          0.50950        4.62778       -2.01416
H          0.68404       -0.94542       -0.01376
H          1.01144       -0.27052       -1.60076
H          0.32078        0.75317       -0.32079
H          2.37290        0.48584        1.03777
H          3.33804       -1.08268       -1.23621
H          2.94665       -1.64379        0.23560
H          4.08621        1.63320       -0.20509
H          4.08267        0.88961       -2.48521
H          1.44988        1.94437       -2.51343
H          3.88998        3.36088       -3.38346
H          4.86636        3.14236       -1.91793
H          2.58201        5.64635       -0.15439
H          4.28508        5.28015       -0.49081
H          2.63119        3.90127        1.52167
H          4.15437        3.28204        0.88187
H          2.09698        4.78041       -3.35835
H          0.13057        4.33787       -1.03728
H         -0.18832        5.08470       -2.71245
