28

C          0.90471        0.00041        0.32418
C          2.40254       -0.06772        0.40060
C          3.28376       -0.80833       -0.62304
C          2.53611       -1.63913       -1.64957
C          4.70309       -1.34421       -0.28592
N          4.85602       -2.76394       -0.64061
C          5.12997       -1.10938        1.18722
O          5.73570        0.16203        1.40965
C          4.88353        1.27406        1.17056
O          4.46684        1.37104       -0.17590
C          3.23383        0.73059       -0.57400
C          2.56449        1.56900       -1.52177
C          2.05254        2.44605       -2.17420
H          0.46212       -0.89371        0.76535
H          0.51034        0.10058       -0.69302
H          0.55045        0.87151        0.88595
H          2.66914       -0.12257        1.44272
H          2.34370       -2.63811       -1.23573
H          3.11483       -1.75264       -2.56956
H          1.55835       -1.23791       -1.92702
H          5.40371       -0.80737       -0.94108
H          4.40230       -3.35050        0.05558
H          5.84986       -2.99832       -0.60942
H          5.90812       -1.83477        1.45562
H          4.31874       -1.28189        1.90213
H          5.48854        2.16437        1.36709
H          4.05742        1.31817        1.88712
H          1.63531        3.28869       -2.67007
