26

C          0.96111        0.32145       -2.20853
C          2.43732        0.70181       -2.15427
C          2.95321        1.24281       -0.83480
C          2.20635        1.37267        0.27763
C          4.42748        1.61502       -0.82284
C          4.78783        2.79458       -1.67847
C          6.22027        3.22554       -1.76857
N          5.49447        2.78454       -2.96877
C          5.90264        1.59745       -3.50094
N          6.56516        0.61044       -2.92234
C          6.76996       -0.39293       -3.85347
N          6.34067       -0.25742       -5.10555
S          5.61054        1.24215       -5.17714
H          0.70124       -0.03305       -3.21092
H          0.32087        1.18125       -1.98355
H          0.73005       -0.48119       -1.50046
H          2.61458        1.45274       -2.93356
H          3.02832       -0.18294       -2.42101
H          1.15759        1.10048        0.31075
H          2.62633        1.75308        1.20412
H          5.00961        0.72013       -1.06183
H          4.72194        1.87422        0.20369
H          4.04101        3.58058       -1.62684
H          6.99740        2.57077       -1.39800
H          6.43820        4.28478       -1.76650
H          7.28394       -1.30407       -3.57326
