26

C          1.31891        0.12447       -0.97709
C          2.80570       -0.02465       -1.09510
N          3.58347        0.91724       -0.66874
N          4.93692        0.74663       -0.84051
C          5.76690        1.81773       -0.24298
C          7.23765        1.27368       -0.23271
N          7.94303        1.33352        1.04411
C          7.07236       -0.10574       -0.76698
C          8.24382       -0.68482       -1.53032
C          7.61093       -1.48025       -0.44250
N          6.53824       -2.44735       -0.79268
N          5.40392       -1.69408       -1.03430
C          5.64968       -0.42981       -0.93894
H          0.84952       -0.86042       -1.04332
H          0.96003        0.74340       -1.80389
H          1.05287        0.59451       -0.02701
H          3.15856       -0.92942       -1.61512
H          5.42499        2.04245        0.77471
H          5.69570        2.73278       -0.83981
H          7.80880        1.86889       -0.95621
H          7.37297        0.90157        1.77112
H          8.05907        2.30859        1.32152
H          9.23699       -0.29994       -1.31944
H          8.09118       -0.96825       -2.56251
H          8.11351       -1.63165        0.50272
H          6.76740       -2.99769       -1.62521
