25

C          3.63546        0.97977        1.98642
C          3.30336        0.76432        0.70396
C          4.04107        1.18617       -0.53410
C          5.26906        2.13337       -0.37140
C          5.28658        2.79066       -1.76685
C          3.81751        3.19475       -1.81424
N          3.08431        2.01558       -1.33238
C          5.63029        1.78681       -2.92263
C          5.38954        0.36542       -2.50477
C          4.60738        0.07571       -1.40012
S          4.71249       -1.58068       -1.02753
C          5.84285       -1.76648       -2.31212
N          6.08468       -0.69545       -3.04112
H          2.98390        0.63836        2.78514
H          4.53367        1.51131        2.26983
H          2.37290        0.22958        0.51949
H          6.20784        1.60839       -0.14941
H          5.11631        2.88947        0.40817
H          5.94462        3.66342       -1.81338
H          3.47921        3.52307       -2.80013
H          3.63715        4.02255       -1.11448
H          2.75483        1.46258       -2.12267
H          6.68106        1.90149       -3.20635
H          5.02640        2.00836       -3.81228
H          6.34541       -2.70909       -2.48553
