23

C          2.06694        0.36729       -0.41685
C          3.26125       -0.21517        0.32827
O          2.69199       -0.73188        1.58583
C          3.81525       -1.37820        2.31003
C          4.08605       -2.16804        1.00788
C          3.78222       -1.51908       -0.13251
C          3.80833       -0.15999        3.28432
C          3.85979        1.18091        3.02307
C          3.97396        1.69379        1.64263
C          4.44792        0.78637        0.74652
N          5.62580        0.10673        1.21929
C          5.39943       -0.96120        2.11279
N          6.33925       -1.62183        2.72184
H          1.33300       -0.41490       -0.65003
H          2.35038        0.87292       -1.34162
H          1.52421        1.07870        0.22013
H          4.52705       -3.15740        1.03111
H          3.93781       -1.84880       -1.14625
H          3.69237       -0.45454        4.32476
H          3.78772        1.92010        3.81271
H          3.12357        2.32446        1.38505
H          6.29379       -0.11106        0.48723
H          7.23785       -1.17150        2.52957
