30

C          1.10780        0.02292       -0.23245
N          2.55981       -0.01451       -0.08599
C          3.22930       -0.78611       -1.12824
C          3.27307        0.72546       -1.12508
C          4.56822        1.40885       -0.77645
C          4.42360        2.93608       -0.74183
C          5.70725        3.65900       -0.36840
C          6.25603        3.48055        0.84823
C          6.26658        4.58151       -1.43973
N          7.52093        5.24994       -1.06180
N          7.97423        6.10600       -2.09049
C          8.93838        5.65379       -2.97239
O          9.37198        4.51117       -3.02668
H          0.65726       -0.63118        0.52270
H          0.74141       -0.30748       -1.21162
H          0.73416        1.03592       -0.05367
H          2.63562       -1.28115       -1.88718
H          4.11206       -1.33180       -0.81636
H          2.70324        1.24019       -1.89023
H          5.32225        1.13276       -1.52369
H          4.93284        1.04079        0.19085
H          3.63304        3.22389       -0.03642
H          4.07742        3.28123       -1.72520
H          5.80446        2.81896        1.58147
H          7.16165        3.99185        1.15653
H          5.51003        5.34586       -1.66063
H          6.42855        3.99580       -2.35317
H          8.22571        4.50774       -0.95570
H          7.78875        7.10252       -2.00881
H          9.29484        6.46210       -3.63232
