19

C          1.06154        0.11779        0.07279
C          2.57869        0.03539        0.07195
C          3.21547        1.21188        0.07191
C          4.65239        1.45201        0.06749
N          5.64498        0.65015        0.06712
C          5.51297       -0.69252        0.07186
N          4.51009       -1.49554        0.07392
N          3.16750       -1.22644        0.07141
C          2.41239       -2.42088        0.06970
O          1.19715       -2.57982        0.06761
C          6.73923       -1.46506        0.07400
C          7.79469       -2.04210        0.07468
H          0.69767        1.15256        0.07414
H          0.64517       -0.35100        0.97046
H          0.64452       -0.34871       -0.82574
H          2.64464        2.13754        0.07383
H          4.90991        2.52650        0.06401
H          3.07658       -3.30465        0.07024
H          8.74817       -2.51606        0.07540
