26

C          0.92618        0.06291        0.05990
C          2.44382        0.04478        0.04682
C          2.95048       -1.10686       -0.80608
C          3.38510       -2.09473       -1.53769
C          3.89176       -3.24636       -2.39059
C          3.35136       -4.44209       -2.07791
C          3.56719       -5.71706       -2.81158
O          2.78159       -6.64901       -2.63983
C          4.76780       -5.83722       -3.74197
O          4.97957       -7.19362       -4.13790
C          4.55401       -4.97819       -4.99535
N          4.21884       -3.56132       -4.83146
C          4.73120       -2.94344       -3.60805
H          0.55912        0.89072        0.67414
H          0.52496       -0.87098        0.46845
H          0.52529        0.18360       -0.95240
H          2.82806       -0.06785        1.06611
H          2.82856        0.98698       -0.35755
H          2.66034       -4.53999       -1.24385
H          5.66617       -5.53473       -3.19386
H          4.09430       -7.59708       -4.23267
H          3.77293       -5.44024       -5.61490
H          5.46171       -5.04368       -5.60777
H          3.20797       -3.42416       -4.88167
H          4.72834       -1.86086       -3.78066
H          5.78024       -3.20897       -3.43081
