30

C          1.13089       -0.23348       -0.03036
N          2.55273       -0.12056       -0.37056
C          3.31884       -1.23963        0.17100
C          4.62717       -1.43139       -0.58964
C          5.67864       -0.48687       -0.11295
C          5.50114        0.82216        0.12909
C          4.22818        1.51655       -0.24803
N          3.00200        1.15357       -0.44465
C          6.65301        1.61809        0.69861
C          7.87012        1.69010       -0.22887
C          6.30765        2.96717        1.39365
C          7.18337        2.47823        2.55070
N          7.02941        1.09616        2.05366
H          0.80159       -1.27058        0.09824
H          0.52269        0.18969       -0.83744
H          0.90273        0.30788        0.89484
H          2.75354       -2.17184        0.04266
H          3.48614       -1.11644        1.24904
H          4.49562       -1.34574       -1.67537
H          4.98279       -2.45255       -0.40425
H          6.64387       -0.94470        0.09973
H          4.37039        2.60321       -0.37560
H          7.60404        2.15919       -1.18204
H          8.27938        0.69634       -0.44317
H          8.68429        2.28071        0.20617
H          5.26407        3.11331        1.69404
H          6.65673        3.87572        0.89275
H          6.77791        2.65258        3.55128
H          8.21783        2.83735        2.52773
H          6.26825        0.60030        2.51529
