28

C          3.54658       -0.12931       -0.98542
C          2.49200       -0.04921        0.10885
C          2.90176        0.86093        1.23473
C          2.65564        2.18244        1.33840
C          3.15136        2.73744        2.64856
C          3.96819        1.59333        3.27107
C          5.44992        1.89922        3.25026
C          6.22426        1.98131        4.34073
C          3.62612        0.39005        2.41119
C          3.94294       -0.87451        2.71864
C          2.00766        3.01085        0.34814
C          1.78034        4.32550        0.45672
H          3.20289       -0.78840       -1.78958
H          4.49226       -0.52559       -0.60336
H          3.74002        0.85634       -1.42299
H          2.26890       -1.05557        0.47984
H          1.54920        0.29549       -0.33230
H          2.29617        2.98500        3.29067
H          3.75074        3.64536        2.51550
H          3.62951        1.42652        4.30199
H          5.89883        2.07283        2.27316
H          5.82812        1.81931        5.33809
H          7.28089        2.21512        4.25168
H          4.48415       -1.10157        3.63194
H          3.68424       -1.71598        2.08546
H          1.69532        2.52699       -0.57523
H          2.06299        4.90287        1.32975
H          1.29927        4.86447       -0.35422
