26

C          3.35025        0.60131       -0.11763
C          2.54685       -0.41548        0.70666
C          3.14095       -1.79086        0.55381
C          4.48628       -1.97609        1.20580
N          3.39051       -2.81256        1.65440
C          3.28941       -4.06394        1.00349
C          2.73589       -3.93413       -0.38110
C          2.71850       -2.61141       -0.59279
N          3.62723       -5.26671        1.32961
C          4.33894       -5.61687        2.57278
C          4.54040       -7.12743        2.54821
C          5.69085       -4.92263        2.60031
N          6.81237       -4.34669        2.62314
H          2.96677        1.61690        0.02137
H          3.30538        0.36776       -1.18797
H          4.40805        0.60042        0.16868
H          1.50861       -0.39960        0.35125
H          2.52930       -0.09717        1.75465
H          4.79665       -1.27360        1.97248
H          5.28406       -2.47836        0.67960
H          2.46442       -4.74775       -1.02078
H          2.37164       -2.16924       -1.51907
H          3.75290       -5.33028        3.45275
H          5.06692       -7.44261        1.63841
H          3.57516       -7.64538        2.56275
H          5.12676       -7.46681        3.40800
