25

C          3.27297       -2.47278       -0.05629
C          3.38124       -1.16388       -0.31731
C          2.81566       -0.04477        0.48534
N          3.72422        1.09052        0.26280
C          4.49759        0.78905       -0.74615
C          4.22755       -0.56905       -1.38119
N          5.54916        1.56634       -1.24056
C          6.14139        1.45464       -2.48905
C          5.59509        1.16054       -3.67776
C          7.55734        1.92152       -2.32505
O          7.55545        2.73940       -1.13863
C          6.35536        2.41591       -0.48546
C          6.14787        2.95861        0.71761
H          2.68202       -2.83473        0.77922
H          3.77805       -3.21404       -0.66885
H          2.77890       -0.28714        1.55180
H          1.81080        0.21817        0.13836
H          5.15800       -1.11963       -1.54390
H          3.65922       -0.45170       -2.30542
H          4.53488        0.96072       -3.78443
H          6.18224        1.18424       -4.59034
H          7.92109        2.51447       -3.16850
H          8.22651        1.06954       -2.15472
H          6.88817        3.61572        1.15991
H          5.23426        2.79066        1.27490
