24

C          1.07259        0.13873       -0.19997
C          2.58367        0.00532       -0.08391
C          3.05191       -0.60645        1.25437
C          2.49558       -2.01894        1.49592
O          2.92909       -2.93092        0.49706
C          4.59810       -0.64041        1.34403
C          5.23167        0.71543        1.24315
C          6.07688        1.20463        0.26479
N          6.45086        2.52680        0.39894
C          5.90394        3.02101        1.48719
S          4.95978        1.93655        2.41959
H          0.81498        0.71174       -1.09695
H          0.65832        0.66378        0.66628
H          0.58874       -0.83840       -0.28309
H          3.00532        1.01003       -0.20045
H          2.96076       -0.58478       -0.92906
H          2.66732        0.02701        2.06397
H          1.40159       -2.02536        1.52715
H          2.84179       -2.39930        2.46325
H          2.45139       -2.72101       -0.32366
H          5.00073       -1.28082        0.54773
H          4.90489       -1.10138        2.29225
H          6.43625        0.63997       -0.58699
H          6.04044        4.05183        1.78537
