21

C          2.77342        1.14905        1.48749
N          2.61152        0.08193        0.52040
C          3.17524       -1.15060        0.67329
C          4.23509       -1.52565        1.46477
O          5.09328       -0.89624        2.25189
O          4.43708       -2.86291        1.36667
N          3.55037       -3.39587        0.44786
C          2.81524       -2.35871        0.00395
C          1.81090       -2.58294       -1.08575
O          0.45212       -2.24150       -0.67276
C          0.04616       -1.45895       -1.72750
C          0.99372       -1.24431       -2.61433
O          2.18001       -1.86460       -2.30296
H          1.97203        1.88724        1.36545
H          3.72653        1.66382        1.32737
H          2.73154        0.77707        2.51626
H          1.74304        0.15050       -0.00959
H          4.99938        0.04389        2.03138
H          1.79293       -3.64863       -1.35240
H         -0.96827       -1.10297       -1.70128
H          0.98466       -0.65864       -3.51543
