23

C          1.00567       -0.08938       -0.37574
C          2.46575        0.29422       -0.22317
C          2.99263       -0.29463        1.08400
N          2.83478        0.51422        2.11057
O          3.29479        0.07083        3.36078
C          2.27211       -0.67785        4.05515
C          2.20655       -2.01188        3.40271
C          2.77751       -3.37085        3.69100
C          3.63111       -2.40539        2.96188
S          3.64490       -2.01234        1.21684
O          5.03011       -1.94407        0.78991
O          2.67749       -2.85886        0.54951
H          0.61005        0.26022       -1.33265
H          0.40148        0.34580        0.42752
H          0.87673       -1.17490       -0.32574
H          2.57933        1.38384       -0.20839
H          3.05921       -0.10482       -1.05058
H          1.31524       -0.14610        3.98713
H          2.55465       -0.75746        5.10805
H          1.36929       -2.03917        2.70731
H          2.39929       -4.22455        3.13928
H          3.03380       -3.60037        4.72022
H          4.49952       -2.05335        3.50590
