28

N          2.80680       -0.81815       -0.99663
C          2.36852        0.01106        0.14168
C          2.82823        1.49090        0.05320
N          2.36213        2.27353        1.21330
N          1.12084        2.80948        1.12384
C          0.82079        3.57320        2.12135
C          4.34134        1.60490        0.01980
C          5.07117        2.18758       -0.95600
C          6.56639        2.29852       -0.85475
N          7.19802        2.45964       -2.16156
N          6.72146        3.34968       -3.06355
C          5.42968        3.48854       -3.08552
C          4.44228        2.80276       -2.17498
H          2.68558       -1.80518       -0.76900
H          3.80414       -0.67838       -1.16639
H          2.75663       -0.44767        1.05687
H          1.27398       -0.03810        0.19116
H          2.39656        1.92325       -0.85448
H          2.48223        1.72324        2.06495
H         -0.15775        4.07818        2.14366
H          1.49829        3.76587        2.97187
H          4.86130        1.19327        0.88296
H          6.97982        1.39350       -0.39510
H          6.82438        3.14837       -0.21382
H          8.20054        2.61102       -2.03624
H          4.99652        4.14624       -3.85887
H          3.91900        2.04731       -2.77068
H          3.71785        3.56870       -1.87718
