22

C          1.28585       -1.04041       -0.04457
C          2.56435       -0.26310        0.07778
O          3.14418        0.21120       -0.89892
C          3.19804       -0.07853        1.44348
N          2.58701        0.12119        2.57325
O          1.20535        0.19406        2.45434
C          4.75431       -0.13627        1.40833
C          5.53434        0.11106        2.72866
C          6.48165       -1.03339        2.34273
C          5.39850       -1.54693        1.37084
O          4.58383       -2.64234        1.84173
H          1.10268       -1.26236       -1.10019
H          0.43953       -0.45203        0.31400
H          1.36420       -1.98537        0.49512
H          0.91840        0.33942        3.37685
H          5.15755        0.50871        0.61268
H          4.97302       -0.08829        3.64835
H          6.00461        1.09494        2.81552
H          6.74667       -1.70606        3.16358
H          7.40035       -0.70232        1.84608
H          5.80396       -1.80464        0.38629
H          4.31709       -2.40506        2.74810
