31

C          2.88086        1.49015        0.84348
C          2.81066        0.12123        0.17857
C          3.01480        0.14352       -1.35697
C          2.87988       -1.27526       -1.96202
C          1.37187       -1.49239       -2.09466
N          0.80658       -2.57779       -1.27300
C          0.81199       -0.08335       -2.08453
N          1.93193        0.87253       -2.03255
C          0.50219       -0.96375       -3.25653
C         -0.95894       -1.35529       -3.34016
O         -1.72060       -0.20734       -3.74649
C          1.12832       -0.77240       -4.61649
O          0.63538        0.40539       -5.24517
H          2.69389        1.38885        1.91814
H          2.12839        2.17990        0.45092
H          3.86877        1.93996        0.71162
H          1.84137       -0.32479        0.43525
H          3.56950       -0.52729        0.63173
H          3.99179        0.57819       -1.59423
H          3.35618       -2.02607       -1.32150
H          3.37165       -1.32711       -2.93878
H          1.34540       -2.70153       -0.41512
H          0.89022       -3.46468       -1.77218
H          0.02366        0.11700       -1.36360
H          1.69585        1.74103       -1.56018
H         -1.37430       -1.70472       -2.38836
H         -1.11809       -2.14400       -4.08081
H         -1.69482        0.41314       -2.99385
H          0.87955       -1.62290       -5.26212
H          2.21825       -0.70357       -4.59603
H         -0.32514        0.42801       -5.07014
