24

C          1.14083       -0.46529        0.46567
C          2.52665        0.00411        0.03670
C          3.01129        1.31599        0.68192
C          3.10991        1.19979        2.19822
N          3.36218        0.06889        2.77769
O          3.40406        0.26540        4.16086
C          4.37729        1.64857        0.14148
N          4.57831        2.88334       -0.17410
N          3.43719        3.53863        0.13756
C          2.29142        2.62855        0.29716
C          1.46903        2.63277       -0.98965
H          1.01823       -1.52384        0.21176
H          0.35008        0.08405       -0.04894
H          0.97902       -0.36571        1.54229
H          2.55779        0.07228       -1.05778
H          3.23906       -0.79585        0.28309
H          3.00434        2.12914        2.78855
H          3.59253       -0.63155        4.49548
H          5.15162        0.87039        0.05101
H          3.26104        4.32816       -0.48710
H          1.65803        3.00291        1.10924
H          2.00116        2.17351       -1.82882
H          1.21386        3.65775       -1.28496
H          0.52136        2.10795       -0.84674
