26

C          1.16084        0.12123       -0.43673
C          2.44747       -0.09007       -0.12764
C          3.16452       -1.42324       -0.01272
C          2.24402       -2.63868       -0.31233
C          3.05798       -3.94124       -0.28798
C          4.52032       -3.61691        0.03885
C          4.61009       -2.92925        1.41316
C          3.81507       -1.63724        1.36725
C          3.75239       -0.82803        2.43755
C          4.96815       -2.60626       -0.99372
C          5.97811       -2.79737       -1.84223
O          4.23522       -1.41733       -1.00728
H          0.75270        1.12740       -0.47017
H          0.47552       -0.68901       -0.66416
H          3.06649        0.78088        0.08772
H          1.79342       -2.53615       -1.30818
H          1.42465       -2.70815        0.41423
H          2.98116       -4.44042       -1.26247
H          2.63843       -4.62999        0.45389
H          5.12736       -4.52849        0.02479
H          5.65789       -2.71459        1.65790
H          4.20468       -3.58982        2.18842
H          4.26566       -1.07786        3.36204
H          3.20159        0.10727        2.42761
H          6.55281       -3.71963       -1.83863
H          6.25612       -2.03532       -2.56234
