27

C          1.13472        2.54126        1.66992
N          2.58603        2.39370        1.66411
C          2.99896        1.30592        0.77306
C          4.52498        1.17417        0.72910
C          5.16168        0.84536        2.06679
O          6.47079        0.34912        1.76803
C          6.35643       -0.42562        0.55891
C          7.57423       -0.28553       -0.33983
N          8.58449       -0.16932       -1.08542
C          5.05927        0.05686       -0.18672
O          4.12773       -1.03340       -0.27087
C          5.24617        0.61743       -1.58922
C          4.75234        0.13568       -2.73993
H          0.85654        3.34147        2.36263
H          0.64014        1.62284        2.00334
H          0.75831        2.81421        0.67934
H          2.89466        2.21528        2.61852
H          2.62948        1.50026       -0.24169
H          2.54564        0.36807        1.11720
H          4.95300        2.13618        0.40709
H          4.61105        0.06734        2.60804
H          5.25395        1.72323        2.71332
H          6.26537       -1.47772        0.85528
H          3.96414       -1.38796        0.61754
H          5.86875        1.51429       -1.66764
H          4.13072       -0.75289       -2.77220
H          4.97617        0.62480       -3.68430
