24

C          0.95956       -0.49170        0.27150
C          2.41553       -0.08090        0.15928
C          3.37098       -0.53287        1.25279
N          4.37764        0.17756        1.70222
O          4.54581        1.53402        1.18718
C          4.08789        1.62052       -0.18364
C          2.95593        2.15678       -1.05718
C          2.18634        3.41371       -1.16638
S          1.61211        3.75951        0.46604
O          0.17064        3.89618        0.42232
O          2.45294        4.80212        1.02204
C          1.99250        2.21781        1.25299
C          2.57275        1.38884        0.10248
H          0.85409       -1.57848        0.24417
H          0.39589       -0.07330       -0.57609
H          0.48078       -0.13718        1.18609
H          2.79127       -0.54545       -0.76363
H          3.24197       -1.56185        1.62687
H          4.70404        0.98077       -0.81210
H          2.94188        1.67644       -2.04158
H          1.28583        3.20772       -1.76970
H          2.72528        4.25426       -1.60127
H          1.07649        1.81238        1.67911
H          2.68591        2.43977        2.06803
