24

O          0.59568       -1.32082       -1.28954
C          1.98736       -1.54469       -1.40316
C          2.70751       -1.33632       -0.06763
C          2.04233       -0.99277        1.06067
C          4.23244       -1.51800       -0.09996
C          4.93917       -0.52412       -1.05082
O          6.07329       -1.03830       -1.75288
C          5.92291       -2.30906       -2.37431
C          5.35185       -3.31832       -1.44169
C          4.61440       -2.96858       -0.38079
C          4.07698       -4.03858        0.55553
C          3.61599       -4.95642        1.35871
H          0.19711       -1.58165       -2.12983
H          2.36034       -0.86259       -2.18005
H          2.14120       -2.58061       -1.74690
H          0.96469       -0.87265        1.03838
H          2.55989       -0.86411        2.00429
H          4.61883       -1.30771        0.90674
H          5.33416        0.30177       -0.43692
H          4.26222       -0.03914       -1.76422
H          6.93641       -2.62801       -2.65351
H          5.32947       -2.23810       -3.29847
H          5.56261       -4.36290       -1.64565
H          3.23586       -5.70281        2.01642
