25

C          2.67409       -0.33542       -1.41520
C          2.48425        0.07884        0.05006
C          1.00983        0.36468        0.28414
N         -0.21332        0.60181        0.47833
C          2.99033       -0.95120        1.08061
C          2.24977       -2.28726        1.01546
C          3.13874       -3.47170        0.87869
N          4.40230       -3.44591        0.59045
O          4.91037       -2.19904        0.20887
C          4.52128       -1.08883        0.98546
C          5.18042       -0.81652        2.34533
C          6.34332       -1.64803        2.79180
O          4.82440        0.15384        3.02500
H          2.24942        0.42207       -2.08591
H          2.16943       -1.27985       -1.64463
H          3.73302       -0.44548       -1.67067
H          3.01425        1.02824        0.20577
H          2.73049       -0.51847        2.05660
H          1.48745       -2.33845        0.23157
H          1.70717       -2.43662        1.95911
H          2.66817       -4.45931        1.02900
H          4.90799       -0.24310        0.40101
H          6.45799       -2.54672        2.18697
H          6.17196       -1.94498        3.83005
H          7.25423       -1.04702        2.72193
