29

C          0.61345        0.58696        0.19798
C          2.13847        0.65743        0.27341
C          2.90156       -0.32263       -0.66641
C          2.84043        0.88191       -1.65449
N          2.74757        1.79392       -0.47205
C          4.12732        2.11752        0.00054
C          4.88351        1.26812        1.08924
N          4.37720        1.40743        2.45630
C          5.23976       -0.12069        0.63247
C          4.29621       -0.82673       -0.33818
N          4.70454       -1.45833        0.89226
C          3.72636       -1.72806        1.90878
H          0.27343       -0.36715        0.62016
H          0.22827        0.64977       -0.82335
H          0.15892        1.38740        0.78903
H          2.36071        0.64447        1.33522
H          2.29973       -1.17676       -1.00241
H          1.94094        0.90779       -2.28392
H          3.69400        1.02537       -2.32484
H          4.08114        3.15000        0.37124
H          4.79510        2.18579       -0.87186
H          5.85541        1.77861        1.15936
H          3.90777        0.55952        2.75047
H          3.66937        2.14209        2.47427
H          6.30100       -0.15402        0.39334
H          4.74181       -1.23289       -1.24107
H          3.48594       -2.79461        1.88308
H          2.76793       -1.21781        1.84159
H          4.14677       -1.54236        2.90401
