28

C          0.88414       -1.61733       -0.45272
C          2.40129       -1.72059       -0.48599
C          3.02802       -0.51883       -1.19664
C          4.53329       -0.62046       -1.26252
C          5.29329        0.03827       -0.12284
N          5.92377        0.58474        0.82262
C          5.25214       -1.21739       -2.24309
C          4.62403       -1.91490       -3.42560
N          6.64878       -1.24929       -2.22778
N          7.32151       -0.26215       -2.89401
C          8.60654       -0.42583       -2.93009
C          9.49672        0.56108       -3.64196
O         10.38893        1.15306       -2.71395
H          0.45659       -2.48417        0.06293
H          0.47127       -1.58927       -1.46806
H          0.56243       -0.71410        0.07385
H          2.68433       -2.65279       -0.98912
H          2.77883       -1.78550        0.54457
H          2.74878        0.40188       -0.66776
H          2.60217       -0.41009       -2.20044
H          3.53342       -1.94766       -3.38897
H          4.97547       -2.95044       -3.48398
H          4.90690       -1.40383       -4.35295
H          6.98652       -2.19394       -2.43900
H          9.10847       -1.28111       -2.44522
H          8.91086        1.34133       -4.13668
H         10.08459        0.02127       -4.38930
H          9.84496        1.68661       -2.10529
