25

C          1.10014       -0.27276       -0.29924
C          2.57046       -0.01909       -0.00045
N          3.15301       -1.04781        0.86906
C          3.19282       -2.43748        0.57828
C          3.42673       -2.98813       -0.77075
N          3.00858       -4.16228       -1.12590
O          3.40110       -4.41075       -2.44555
C          3.08561       -3.19578        1.67822
C          2.84637       -2.49323        2.97953
C          1.40125       -2.66094        3.41991
S          3.24091       -0.79455        2.54414
O          2.16712        0.09156        2.94482
O          4.61806       -0.52145        2.88371
H          0.70325        0.52650       -0.93456
H          0.50007       -0.30280        0.61599
H          0.95285       -1.21964       -0.82814
H          2.67375        0.96511        0.47200
H          3.14160        0.03229       -0.93304
H          4.00105       -2.34211       -1.45534
H          3.06005       -5.31385       -2.59692
H          3.15322       -4.27588        1.63786
H          3.55277       -2.82178        3.74814
H          0.70330       -2.32623        2.64155
H          1.19364       -2.07392        4.31912
H          1.17627       -3.71043        3.63616
