27

C          1.25286       -0.01809        0.16274
C          2.57708        0.10498       -0.49516
C          3.18357        1.47781       -0.52528
C          4.03740        0.31924       -0.04166
C          4.67029        0.51887        1.34449
N          4.20490       -0.62160        2.18023
C          4.29978        1.90399        1.95308
C          2.79910        2.24776        2.00575
C          3.06037        2.59620        0.50323
O          4.41837        3.00637        0.95022
C          6.24072        0.39199        1.26101
N          6.70537       -0.83212        0.86182
O          7.04151        1.28056        1.55462
H          1.15234       -0.93964        0.73832
H          0.49004       -0.04240       -0.62934
H          0.96312        0.83109        0.78207
H          2.54695       -0.49751       -1.40222
H          3.40068        1.91041       -1.49497
H          4.78828       -0.02902       -0.75218
H          3.18979       -0.58250        2.25401
H          4.57167       -0.49975        3.12431
H          4.83352        2.14842        2.87932
H          2.55495        3.11389        2.63169
H          2.14167        1.42686        2.28537
H          2.47753        3.44932        0.14342
H          6.08243       -1.62553        0.98579
H          7.70329       -0.98214        0.90846
