28

C          2.26692        0.29506       -1.45869
C          2.35179        0.02158        0.04235
O          1.05641        0.14740        0.62610
C          2.92009       -1.34699        0.38800
C          4.02383       -1.54213        1.13791
C          4.89114       -0.45919        1.72512
O          4.52944       -2.77168        1.45160
C          3.87553       -3.97788        1.09718
C          2.58222       -3.90802        0.28661
C          1.42694       -4.59125        1.03792
O          1.72386       -5.96256        1.27402
C          2.17700       -2.51940       -0.19322
H          1.82700        1.28265       -1.63806
H          1.61479       -0.42106       -1.96969
H          3.25632        0.26406       -1.92540
H          2.93866        0.83011        0.47946
H          0.43587       -0.38895        0.10946
H          4.70516        0.53959        1.33012
H          5.94424       -0.67894        1.51284
H          4.76656       -0.42683        2.81231
H          3.73222       -4.53576        2.02992
H          4.60818       -4.55894        0.52552
H          2.74558       -4.53022       -0.60478
H          0.49841       -4.54918        0.45710
H          1.24369       -4.10627        2.00252
H          1.76121       -6.41208        0.41245
H          1.10111       -2.38229       -0.03706
H          2.32311       -2.49714       -1.28132
