24

C          2.90748        1.46416        0.97358
C          4.01023        1.83904        0.00833
C          3.77959        1.44041       -1.27347
C          4.85601        0.79678       -1.98881
C          5.81785        1.50254       -2.61039
C          7.24618        1.26762       -2.21161
O          8.04950        1.02308       -3.33865
C          7.70221        2.53192       -1.49669
C          7.58178        2.59647       -0.15327
C          6.17564        3.06294        0.21337
N          5.88655        4.32772        0.16969
N          5.25509        2.09591        0.60439
H          2.02042        2.08939        0.85886
H          3.25308        1.51704        2.00969
H          2.62659        0.41522        0.80231
H          2.77434        1.20668       -1.61262
H          5.10008       -0.17621       -1.55727
H          5.57639        2.49101       -3.00564
H          7.33288        0.41169       -1.53674
H          7.54347        0.41020       -3.90495
H          7.45452        3.42406       -2.07709
H          7.84805        1.72585        0.44253
H          6.72004        4.86636       -0.09092
H          5.68614        1.19907        0.79477
