26

C          0.97543        0.09507       -0.01891
C          2.27929        0.09507       -0.01891
C          3.79929        0.09507       -0.01891
C          4.34787       -1.08310        0.79561
C          3.86661       -2.35798        0.12695
C          4.32189       -3.68351        0.70634
C          3.82251       -4.62138       -0.36068
N          4.62324       -5.00635       -1.50945
C          3.80301       -3.82006       -1.69512
C          4.32231       -2.43277       -1.34100
C          3.81764       -1.21278       -2.11443
N          4.25285        0.03634       -1.42522
H         -0.09015        0.09588       -0.01883
H          4.15407        1.03001        0.42868
H          3.98453       -1.04478        1.82220
H          5.43705       -1.05525        0.81989
H          2.76915       -2.36843        0.16459
H          3.86225       -3.86570        1.67967
H          5.40803       -3.74011        0.79891
H          3.08233       -5.33864       -0.04148
H          4.15166       -5.80626       -1.97982
H          3.07762       -3.86521       -2.49945
H          5.41513       -2.44520       -1.40604
H          2.73021       -1.22821       -2.23293
H          4.23317       -1.21187       -3.12014
H          3.88196        0.83473       -1.92338
