24

C          0.65917       -0.14286       -0.08466
C          2.11920       -0.06604        0.18539
C          3.13957       -0.77468       -0.69465
N          2.92741        0.67096       -0.71448
C          3.94067        1.54871       -0.28376
O          3.82759        2.77122       -0.34244
C          5.22258        0.84771        0.24482
O          5.45774       -0.26679       -0.64904
C          4.50667       -1.26078       -0.18193
C          5.02572       -2.58009       -0.67508
C          4.31166       -3.63123       -1.10501
C          4.67113       -1.11013        1.31045
C          5.04537        0.15015        1.55690
H          0.20914       -0.93810        0.51665
H          0.44020       -0.34263       -1.13787
H          0.17749        0.80153        0.19259
H          2.30874        0.12629        1.23284
H          2.84065       -1.22109       -1.63214
H          6.08335        1.51776        0.21500
H          6.11296       -2.66448       -0.70032
H          3.22836       -3.63588       -1.11568
H          4.81934       -4.52533       -1.46252
H          4.42686       -1.86746        2.03974
H          5.17247        0.60633        2.52904
