31

C          3.26698        0.35914       -1.08089
C          2.41716       -0.03530        0.12758
C          3.01283       -1.16551        1.00924
N          3.16110       -2.41397        0.20023
C          2.44059       -3.47228        0.94489
C          0.93352       -3.24960        0.75280
C          0.66348       -2.02848        1.64059
C          2.07559       -1.66170        2.14826
C          2.63803       -3.06731        2.39340
C          4.40668       -0.75601        1.51415
C          4.62258        0.53549        2.28043
C          4.83563       -0.77222        2.97132
H          2.80043        1.20116       -1.60384
H          3.34931       -0.46726       -1.79422
H          4.27419        0.67116       -0.79268
H          1.43592       -0.31817       -0.26695
H          2.25269        0.85852        0.74177
H          4.14462       -2.67147        0.14506
H          2.77358       -4.47872        0.68099
H          0.36513       -4.11506        1.11655
H          0.66057       -3.07834       -0.29140
H          0.02310       -2.31911        2.48230
H          0.14894       -1.22342        1.11188
H          2.04110       -1.01540        3.02832
H          2.03883       -3.65513        3.09741
H          3.68358       -3.10762        2.70678
H          5.17851       -0.96214        0.77493
H          3.76453        1.12771        2.57575
H          5.50148        1.12442        2.04392
H          4.13918       -1.01812        3.76711
H          5.85106       -1.08792        3.18796
