32

C          1.62040       -0.31612       -1.02432
C          2.90947       -0.09453       -0.25369
C          3.17367       -1.30372        0.71150
C          4.65556       -0.84144        0.68034
N          5.52612       -2.00984        0.73680
C          4.35758       -0.45102       -0.82388
C          5.25817        0.66704       -1.33865
C          5.17552        1.89867       -0.43035
C          4.38884        1.59899        0.86248
C          2.93189        1.28962        0.43507
C          4.97386        0.36146        1.59813
C          6.46285        0.50494        1.91188
O          4.34434        0.18759        2.87483
H          1.59933       -1.29970       -1.50695
H          1.47764        0.44358       -1.79999
H          0.75949       -0.26640       -0.34788
H          2.97896       -2.28506        0.25476
H          2.64902       -1.28666        1.66949
H          5.25910       -2.78575        0.13314
H          5.60093       -2.39366        1.67866
H          4.34308       -1.29365       -1.53024
H          4.98898        0.94016       -2.36591
H          6.29504        0.31050       -1.37677
H          4.69020        2.71618       -0.97971
H          6.18385        2.26405       -0.20267
H          4.39070        2.48189        1.51197
H          2.57766        2.06586       -0.25466
H          2.25182        1.29966        1.29363
H          7.09100        0.50994        1.01833
H          6.80669       -0.31496        2.55246
H          6.64605        1.42599        2.47695
H          3.39318        0.39192        2.79267
