29

C          0.84779       -0.08456        0.03954
C          2.37628       -0.11054       -0.04005
C          2.95406       -1.44715       -0.57396
C          4.49170       -1.49776       -0.24313
C          4.66947       -0.65521       -1.53793
C          3.44696       -1.44948       -2.06099
N          4.37833        0.75547       -1.20855
C          2.97823        1.06865       -0.85918
C          3.00251        2.33388        0.03416
C          2.18385        1.48702       -2.11981
C          2.19533       -2.61913       -0.17665
C          1.47402       -3.51250        0.15983
H          0.48075       -0.82082        0.76290
H          0.38538       -0.30709       -0.92591
H          0.48733        0.88763        0.38928
H          2.72294       -0.01552        1.00139
H          4.94415       -2.49838       -0.31654
H          4.83268       -1.05429        0.69720
H          5.61452       -0.80182       -2.06655
H          3.72679       -2.44594       -2.43888
H          2.81684       -1.02726       -2.83684
H          4.74326        1.43762       -1.87157
H          3.56720        2.17475        0.95906
H          1.98711        2.63535        0.31576
H          3.45269        3.18544       -0.48952
H          2.07168        0.70786       -2.87005
H          2.67136        2.33056       -2.62417
H          1.17140        1.81693       -1.86262
H          0.76034       -4.24483        0.46811
