27

C          9.18860        2.03887        3.02260
C          8.39491        0.86092        2.49598
O          8.94996       -0.33281        3.05480
C          6.88596        0.89255        2.80253
C          6.35096       -0.16655        1.81837
N          4.93058        0.05060        1.51190
C          4.56104       -0.91772        0.72820
N          4.99349       -1.02243       -0.57712
O          6.10154       -1.89670       -0.64553
C          7.33804       -1.20608       -0.33015
C          7.21018        0.00113        0.57039
C          7.50893        1.38707        0.03219
C          8.46233        0.71330        0.99198
H          9.07088        2.13277        4.10723
H          8.89949        2.98211        2.55024
H         10.25887        1.88168        2.84085
H          8.77539       -0.31333        4.01144
H          6.45344        1.87959        2.59335
H          6.64254        0.63095        3.83724
H          6.50430       -1.16099        2.26416
H          4.39770       -1.92209        1.16646
H          5.22167       -0.10708       -0.96178
H          7.82025       -0.94223       -1.27833
H          7.97938       -1.94682        0.15950
H          6.89720        2.22271        0.37225
H          7.81365        1.48940       -1.00650
H          9.42586        0.39268        0.62534
