27

C          1.11739       -0.19844       -0.06501
N          2.55022       -0.35544        0.18966
C          3.12983       -1.35923       -0.72275
C          4.55381       -1.69923       -0.25522
N          5.44337       -2.14578       -1.08747
N          4.83214       -1.46839        1.08781
N          5.43635       -0.18872        1.23430
C          6.82276       -0.15641        1.26039
O          7.52097        0.85229        1.27408
C          4.61488        0.99530        1.00109
C          4.64034        2.00946        2.12395
C          4.46868        1.42395       -0.45070
C          3.25461        0.95471        0.28280
H          0.58933       -1.13340        0.15081
H          0.91405        0.09726       -1.09935
H          0.68244        0.55815        0.59905
H          3.13926       -1.01509       -1.76231
H          2.55994       -2.29502       -0.66802
H          5.04956       -2.22786       -2.02990
H          3.94288       -1.39393        1.59045
H          7.26421       -1.16701        1.28954
H          5.58703        2.00211        2.67062
H          3.84451        1.77502        2.84132
H          4.47108        3.02551        1.75377
H          4.92078        0.80710       -1.21844
H          4.57938        2.48165       -0.66716
H          2.57442        1.77500        0.52501
