32

C          1.33554       -0.33639        3.17520
C          2.78135       -0.19673        2.71782
C          3.04450       -0.76614        1.30810
C          2.23045       -0.05634        0.21917
N          4.47994       -0.68211        0.95270
C          5.24028       -1.85570        1.40172
C          6.03752       -2.37919        0.23756
C          5.62970       -3.74565       -0.25104
N          6.36363       -4.21833       -1.41988
C          6.98473       -1.60751       -0.32666
C          7.31137       -0.19939        0.04030
C          6.27650        0.73314        0.65142
N          5.04668        0.54834        1.03412
H          1.23930       -0.00060        4.21220
H          1.00442       -1.37774        3.12273
H          0.66041        0.27661        2.56978
H          3.41994       -0.71581        3.44366
H          3.05345        0.86478        2.75809
H          2.71618       -1.81497        1.28608
H          2.47257        1.01041        0.15657
H          1.15639       -0.14835        0.40229
H          2.42600       -0.50760       -0.76082
H          4.59149       -2.65291        1.79179
H          5.89990       -1.59799        2.24105
H          4.56382       -3.71676       -0.50916
H          5.75420       -4.47521        0.55846
H          6.22185       -3.54885       -2.17616
H          5.93977       -5.08501       -1.74317
H          7.57354       -2.00615       -1.15346
H          7.62360        0.31191       -0.88175
H          8.18986       -0.18921        0.69649
H          6.64298        1.76668        0.78839
