29

C          0.97143        0.05699       -0.08599
C          2.44327       -0.23889        0.08383
O          2.86940       -1.34741       -0.84844
C          4.19211       -0.76352       -0.69978
C          5.16409       -0.57569       -1.82041
C          5.80868        0.77985       -1.39457
N          7.18385        0.60045       -0.91791
C          4.79545        1.43594       -0.34978
C          4.59204        2.94745       -0.63364
N          5.81890        3.74370       -0.50336
C          5.15777        1.24254        1.08341
C          5.35771        1.02557        2.24511
C          3.51705        0.64082       -0.64549
H          0.37313       -0.72347        0.39508
H          0.68411        0.09861       -1.14184
H          0.71119        1.01163        0.38069
H          2.67477       -0.48678        1.13054
H          4.67616       -1.16720        0.20305
H          4.66499       -0.47160       -2.79064
H          5.88688       -1.39398       -1.89819
H          5.86531        1.39631       -2.30059
H          7.18345        0.04624       -0.06175
H          7.53601        1.52055       -0.64251
H          3.83606        3.35996        0.04680
H          4.20580        3.09099       -1.64974
H          6.17085        3.67296        0.45230
H          5.60188        4.72943       -0.64838
H          5.49138        0.78903        3.27850
H          3.10161        0.98432       -1.61037
