26

N          1.81224       -0.07412       -1.69799
C          2.67865       -0.00655       -0.92929
C          3.78569        0.05016        0.05098
C          4.31451       -1.31392        0.42275
C          5.30872       -1.62157        1.27862
C          5.58446       -3.09270        1.31915
C          4.40487       -3.69586        0.56708
C          3.77121       -2.55857       -0.22381
C          6.05757       -0.64005        2.09084
C          7.17188       -1.15354        3.03363
C          7.95995        0.06306        2.52837
N          7.12457        0.03272        1.29974
H          3.43015        0.56748        0.94911
H          4.59622        0.64758       -0.38105
H          5.62781       -3.48716        2.33882
H          6.52827       -3.31725        0.81059
H          3.67668       -4.10385        1.27950
H          4.71081       -4.51963       -0.08617
H          2.68052       -2.62075       -0.14958
H          4.06384       -2.59590       -1.27825
H          5.39170        0.07461        2.59460
H          7.64491       -2.10698        2.77024
H          6.93634       -1.15839        4.10136
H          9.03031       -0.09665        2.36763
H          7.82587        0.97123        3.12776
H          7.52009       -0.56522        0.57295
