24

C          0.62504        1.00371       -0.90334
C          1.96826        0.80504       -0.28679
C          2.68013       -0.51245       -0.42166
C          3.20062        0.69618       -1.16132
C          4.41389        1.41251       -0.72608
C          5.48671        0.88255       -0.11888
N          6.62245        1.55660        0.28867
C          7.65137        0.93545        1.12337
N          6.81820        2.89177        0.06983
C          5.85519        3.52413       -0.52411
C          4.57051        2.87794       -0.94228
O          3.70159        3.58133       -1.44661
H         -0.14689        1.00603       -0.12662
H          0.37861        0.21333       -1.61923
H          0.58340        1.96487       -1.42490
H          2.05673        1.34393        0.65079
H          2.21484       -1.29531       -1.01177
H          3.20413       -0.88743        0.44956
H          3.05011        0.71308       -2.23814
H          5.51667       -0.17999        0.10475
H          7.51334       -0.14791        1.20378
H          7.61423        1.35697        2.13357
H          8.64695        1.11780        0.70499
H          5.93579        4.59866       -0.74965
