27

C          0.95840       -0.16151       -0.10290
C          2.48257       -0.02386       -0.12239
C          3.09144       -1.30114       -0.72819
O          4.51615       -1.30080       -0.64542
C          5.11910       -0.64709       -1.69857
C          5.48740       -1.33404       -2.78535
N          5.35426        0.70480       -1.51409
C          4.49804        1.45785       -0.59578
C          2.98926        1.23638       -0.87619
C          2.20726        2.50783       -0.53501
C          6.43583        1.36995       -2.08116
O          6.71948        2.55545       -1.93620
H          0.66038       -1.08566        0.40508
H          0.54749       -0.18368       -1.11702
H          0.49045        0.66234        0.44491
H          2.81758        0.05049        0.92152
H          2.74888       -1.46777       -1.75792
H          2.75485       -2.16705       -0.14494
H          5.27490       -2.39480       -2.85868
H          5.93181       -0.86641       -3.65764
H          4.73123        2.52387       -0.68934
H          4.76884        1.17996        0.43123
H          2.84719        1.07676       -1.95471
H          2.22745        2.71792        0.53816
H          1.16431        2.42740       -0.85852
H          2.62764        3.37095       -1.06377
H          7.08948        0.71789       -2.68012
