26

C          1.16873       -0.30291       -0.02324
C          2.68819       -0.21776        0.00807
C          3.21324        0.94984       -0.90715
C          3.91944        0.28950       -2.07510
C          4.55091        0.82632       -3.11786
C          3.85501       -1.15270       -1.79449
N          4.16720       -2.18841       -2.51846
C          3.78173       -3.37005       -1.72579
C          4.71096       -4.53906       -1.76055
C          2.33035       -3.60608       -1.38065
C          3.14888       -2.80720       -0.41857
N          3.34786       -1.37605       -0.54370
H          0.73306        0.61810        0.38387
H          0.80552       -1.13698        0.58510
H          0.78368       -0.43206       -1.03996
H          3.01913       -0.05370        1.03952
H          3.92486        1.56429       -0.34423
H          2.39653        1.59276       -1.25251
H          4.61431        1.90059       -3.25235
H          5.04705        0.19165       -3.84852
H          5.02516       -4.73502       -2.79182
H          4.24818       -5.45398       -1.37732
H          5.60876       -4.33511       -1.16884
H          2.03454       -4.60175       -1.06625
H          1.58243       -3.10855       -1.98387
H          3.46588       -3.23814        0.52157
