27

C          0.94090       -0.12731        0.30350
C          2.44526       -0.18754        0.03500
N          2.83755       -1.31828       -0.83177
C          2.30570       -1.19817       -2.20010
C          2.74292        0.10172       -2.84693
C          3.86542        0.03194       -3.85650
N          2.51785        0.37950       -4.28882
N          1.95962       -0.69550       -4.87035
C          1.07798       -0.33308       -5.74052
C          2.55449        1.34496       -1.99218
C          3.00995        1.11985       -0.55316
O          4.44214        1.05905       -0.53006
H          0.59521       -1.05337        0.77571
H          0.35119        0.02493       -0.60528
H          0.70912        0.69891        0.98391
H          2.94403       -0.35917        0.99773
H          2.48802       -2.18796       -0.42846
H          1.21314       -1.27974       -2.20112
H          2.68207       -2.06232       -2.76135
H          4.26152       -0.93291       -4.15145
H          4.59302        0.83327       -3.87348
H          0.51854       -1.09468       -6.30491
H          0.83182        0.72283       -5.95995
H          1.49119        1.61386       -2.00352
H          3.10805        2.18943       -2.42198
H          2.71975        1.97732        0.06348
H          4.65651        0.14431       -0.80118
