27

C          4.42870       -0.18613        2.38431
C          3.95092       -0.61446        1.20684
C          4.76529       -1.36732        0.17338
C          4.90257       -0.49497       -1.07541
C          5.54288       -1.07553       -2.10004
C          4.73073       -1.92039       -3.06787
C          3.26983       -2.25734       -2.67554
C          2.95808       -2.66237       -1.21365
C          4.12829       -2.77295       -0.21014
N          5.19260       -3.70173       -0.67308
N          4.95990       -4.63026       -1.63512
C          5.20990       -4.30684       -2.86278
O          5.49551       -3.10217       -3.41116
H          3.80383        0.39337        3.05776
H          5.45216       -0.37772        2.69315
H          2.92398       -0.36601        0.94826
H          5.76814       -1.53596        0.59215
H          3.96118        0.01566       -1.30688
H          6.50212       -1.55185       -1.88476
H          4.68081       -1.35343       -4.00652
H          2.90877       -3.06493       -3.32687
H          2.63505       -1.39358       -2.91533
H          2.42252       -3.62262       -1.23165
H          2.22266       -1.95164       -0.81296
H          3.71251       -3.20870        0.71054
H          5.49375       -4.20883        0.16676
H          5.23359       -5.07039       -3.65483
