29

C          4.17546        1.75200        1.91681
N          3.82610        0.71195        0.95777
N          4.63148       -0.37885        0.96095
C          4.31513       -1.25280        0.06121
C          5.05546       -2.52793       -0.06267
C          4.73121       -3.48288       -0.94788
C          5.44232       -4.81266       -1.01027
C          4.68309       -5.60491       -2.07200
C          3.31422       -4.94116       -2.15744
C          3.59343       -3.46073       -1.93875
C          4.08305       -2.77832       -3.20172
N          3.41524       -1.80084       -3.72798
N          4.00875       -1.26102       -4.81494
H          3.45219        2.57066        1.85740
H          5.16624        2.16102        1.69766
H          4.17036        1.36112        2.93919
H          2.84575        0.45653        1.08663
H          3.47426       -1.09169       -0.63889
H          5.88406       -2.64921        0.63006
H          5.38467       -5.32158       -0.04263
H          6.49355       -4.69973       -1.29492
H          4.60775       -6.66653       -1.81632
H          5.19762       -5.53528       -3.03811
H          2.67168       -5.32138       -1.35280
H          2.82041       -5.14964       -3.11182
H          2.69647       -2.95901       -1.56477
H          5.02781       -3.14612       -3.64544
H          3.37003       -0.61589       -5.28316
H          4.29714       -1.95156       -5.50920
