29

C          0.88513        0.13862       -0.10858
C          2.42861        0.06693       -0.05141
C          2.93338        1.27742        0.76595
C          2.88157       -1.28010        0.58987
C          2.35467       -1.38565        2.01172
N          1.91758       -1.47322        3.19126
C          2.97108        0.17750       -1.47534
C          4.27424        0.10668       -1.79641
C          4.87114        0.23289       -3.16950
O          4.99263       -1.09280       -3.68524
C          4.14655        1.11146       -4.15794
C          4.67837        1.25304       -5.56210
N          3.41872        0.55555       -5.30299
H          0.43857        0.14034        0.89233
H          0.46556       -0.71279       -0.65750
H          0.54577        1.05569       -0.60633
H          2.48597        1.31062        1.76542
H          2.67993        2.22312        0.27149
H          4.02166        1.25239        0.89589
H          3.97414       -1.35775        0.63055
H          2.50898       -2.13207        0.00833
H          2.24075        0.33486       -2.26948
H          5.01548       -0.04366       -1.01155
H          5.88459        0.63483       -3.05760
H          4.12739       -1.51425       -3.54409
H          3.74494        2.01290       -3.70890
H          5.51506        0.63751       -5.87307
H          4.60127        2.21939       -6.04321
H          3.58141       -0.45085       -5.37963
