28

C          2.17288       -1.53120        0.20245
C          2.52771       -0.05881        0.06289
C          3.13354        0.20498       -1.31319
C          3.60146        1.64586       -1.60186
N          4.73937        1.09454       -2.35708
C          4.60909       -0.20407       -1.66009
C          5.56839       -0.33004       -0.52048
C          6.90287       -0.33146       -0.68006
C          7.85486       -0.46809        0.47110
C          8.77505        0.72850        0.59330
O          8.79691        1.69012       -0.16894
C          4.71679       -1.30816       -2.59448
C          4.80986       -2.24542       -3.33807
H          1.76489       -1.73484        1.19677
H          3.04817       -2.17183        0.05418
H          1.42158       -1.81831       -0.54081
H          3.20520        0.23906        0.86973
H          1.62100        0.54239        0.19071
H          2.41327       -0.12045       -2.08331
H          3.89260        2.22912       -0.72159
H          2.90759        2.24509       -2.20290
H          5.62402        1.57405       -2.19850
H          5.16169       -0.46094        0.47553
H          7.34153       -0.22961       -1.67174
H          8.46993       -1.36415        0.34281
H          7.31683       -0.56210        1.42244
H          9.46989        0.68559        1.45114
H          4.89964       -3.08536       -3.98710
