30

C          0.99968       -0.10396        0.51300
C          2.47250       -0.04466        0.08198
C          2.64963        0.90498       -1.12262
C          2.40662        0.23254       -2.45603
C          3.63648       -0.38367       -3.06551
C          2.51146       -1.27762       -2.57585
C          1.97824       -2.20734       -3.64217
C          2.34443       -3.62496       -3.11827
O          3.31996       -4.24391       -3.95501
C          2.90629       -3.44824       -1.68246
O          4.33912       -3.52488       -1.70790
C          2.42040       -2.04385       -1.28231
N          3.08543       -1.37714       -0.16263
H          0.66189        0.88806        0.83011
H          0.86311       -0.78603        1.35720
H          0.33781       -0.41974       -0.29885
H          3.01678        0.39215        0.93030
H          3.67891        1.28763       -1.10682
H          2.00256        1.78313       -1.02246
H          1.67515        0.73562       -3.07077
H          4.57562       -0.37933       -2.53709
H          3.75657       -0.20755       -4.13243
H          2.39560       -2.01807       -4.63798
H          0.89132       -2.09591       -3.69056
H          1.44400       -4.24927       -3.12270
H          4.15461       -4.19722       -3.44206
H          2.53325       -4.22242       -1.00167
H          4.62645       -3.15730       -0.85229
H          1.35721       -2.16775       -1.03818
H          4.05770       -1.21097       -0.42334
