26

O          1.09872       -0.14546       -0.13166
C          2.50957        0.07901       -0.08769
C          3.26541       -1.15331       -0.63669
C          3.32718       -0.91102       -2.13191
C          4.53110       -1.32686       -2.96875
C          4.30478       -1.37992       -4.44080
C          4.92485       -0.12948       -3.85318
C          6.19720        0.20731       -4.48252
C          7.41292        0.28448       -3.92588
C          4.21090        0.98702       -3.18781
C          3.38349        0.58628       -2.21111
C          2.84575        1.26516       -1.00818
H          0.87334       -0.75007        0.59517
H          2.77778        0.29165        0.95254
H          2.71120       -2.07754       -0.42764
H          4.25996       -1.24189       -0.18984
H          2.39999       -1.27022       -2.59715
H          5.30701       -1.89074       -2.47478
H          3.29951       -1.31517       -4.83448
H          4.93632       -2.06898       -4.99520
H          6.12456        0.47896       -5.53724
H          7.56464        0.05956       -2.87051
H          8.26634        0.59896       -4.50632
H          4.52184        2.01764       -3.31088
H          1.96968        1.87257       -1.24722
H          3.62293        1.88921       -0.55356
