25

C          1.28520       -0.04202        0.98096
C          2.51464        0.13214        0.02905
C          2.20819       -0.48515       -1.28054
C          1.53990        0.98570       -1.46238
C          2.90817        1.55670       -1.16212
C          3.44902        1.62545       -2.80195
O          3.18901        0.97004       -3.80827
S          4.44140        1.85545       -0.36180
O          4.95739        3.13489       -0.79971
O          4.38481        1.61124        1.07611
C          5.44726        0.58588       -1.11071
C          4.77628       -0.74710       -1.53525
O          3.41440       -0.85818       -2.02025
H          1.34674       -0.98891        1.53031
H          0.32747       -0.10104        0.43987
H          1.20678        0.78122        1.69420
H          3.34340       -0.37150        0.54921
H          1.48042       -1.30318       -1.28294
H          0.80051        1.44348       -0.78381
H          1.11777        1.19111       -2.45030
H          4.07967        2.51111       -2.96905
H          6.29407        0.39836       -0.44198
H          5.88212        1.06369       -1.99782
H          4.99613       -1.54317       -0.81633
H          5.35215       -1.03235       -2.42760
