28

C          2.64850       -2.37106        0.93394
O          2.24963       -2.13154       -0.40802
C          2.80366       -0.92593       -0.91794
O          4.21973       -0.96940       -1.05926
C          4.71151       -2.03507       -1.88127
C          4.23999       -1.90367       -3.33075
C          6.25790       -2.04265       -1.78748
C          6.88820       -0.71665       -2.23586
C          6.70926       -2.38158       -0.35357
O          8.14570       -2.42901       -0.25159
C          8.73224       -3.58098       -0.65811
O          8.17065       -4.57354       -1.08869
H          2.19291       -3.30889        1.26236
H          2.30386       -1.56543        1.58864
H          3.73514       -2.47508        1.00459
H          2.55088       -0.09151       -0.25333
H          2.33474       -0.70351       -1.88127
H          4.34852       -2.99177       -1.48536
H          4.44122       -0.90497       -3.72984
H          3.15871       -2.05664       -3.40634
H          4.71954       -2.65116       -3.97015
H          6.64024       -2.82219       -2.45732
H          6.56113        0.11604       -1.60557
H          6.62960       -0.48293       -3.27256
H          7.98099       -0.76389       -2.18590
H          6.27853       -3.33026       -0.00954
H          6.37580       -1.61057        0.34965
H          9.82406       -3.48304       -0.54946
