30

C          2.16064        0.22810        0.98205
C          3.17505       -0.04776       -0.10597
C          4.67762        0.06889        0.22243
N          5.15691       -0.33188       -1.16503
C          4.55037        0.81266       -1.92720
C          3.14282        0.99083       -1.27132
N          2.00830        0.90150       -2.18039
C          4.30893       -1.50458       -1.54217
C          4.68195       -2.97301       -1.63716
C          3.31957       -3.67886       -1.34918
C          2.30342       -2.56831       -0.93656
C          3.26502       -1.52659       -0.44719
H          2.23400        1.25529        1.34685
H          2.29190       -0.44470        1.83635
H          1.14223        0.07862        0.60124
H          5.05669       -0.61934        0.98951
H          5.00461        1.07762        0.50456
H          4.52278        0.63420       -3.00858
H          5.15876        1.71441       -1.77783
H          3.11858        1.99389       -0.82803
H          2.04235        0.03248       -2.70171
H          2.07775        1.64421       -2.87770
H          3.84243       -1.30488       -2.52015
H          5.43773       -3.25728       -0.90009
H          5.05666       -3.23171       -2.63319
H          3.45816       -4.38756       -0.52313
H          2.95406       -4.24506       -2.21041
H          1.62771       -2.92033       -0.15077
H          1.71293       -2.23490       -1.79139
H          3.67200       -2.01124        0.46598
