32

C          0.91889        1.08668        0.73018
C          2.40724        0.96772        0.82346
C          3.08321       -0.08959        1.31637
C          2.39523       -1.32631        1.83747
C          4.60773       -0.09996        1.32136
C          5.22338       -0.23111        2.72612
N          6.69704       -0.21476        2.68415
C          7.23255       -0.33550        4.04112
C          8.73063       -0.29268        4.00184
C          9.49651       -0.43394        5.29389
C          9.57351       -1.52825        4.25859
C         10.80277       -1.73595        3.45095
O         11.66781       -0.87492        3.34346
H          0.64866        2.05207        0.29135
H          0.46004        1.03311        1.72193
H          0.50115        0.30431        0.08821
H          2.96257        1.82159        0.43786
H          1.30435       -1.26478        1.77572
H          2.63932       -1.49170        2.89090
H          2.70093       -2.20588        1.26209
H          4.98374        0.82385        0.86094
H          4.95477       -0.92223        0.68343
H          4.89580       -1.17326        3.17906
H          4.86024        0.59158        3.35486
H          7.00069        0.67076        2.28366
H          6.89361       -1.27179        4.49509
H          6.87569        0.49473        4.66206
H          9.11136        0.45023        3.30758
H          8.94792       -0.64099        6.20744
H         10.36085        0.20636        5.43860
H          9.06455       -2.45290        4.51305
H         10.88941       -2.71191        2.94171
