29

C          3.57373        2.45704        0.59179
N          3.67427        1.06931        0.17448
C          3.75589        0.80673       -1.25447
C          4.22330        0.14239        1.03887
N          4.54546       -1.07596        0.74040
N          5.21186       -1.79351        1.72663
C          4.85671       -3.21380        1.66581
C          5.72360       -4.16079        2.49104
C          6.94954       -3.59300        3.11949
C          7.30601       -2.30205        3.06794
C          8.55614       -1.80013        3.72448
C          6.40881       -1.35117        2.31652
N          6.76550       -0.09572        2.21747
H          3.20544        3.10319       -0.21176
H          4.54745        2.83961        0.91583
H          2.87005        2.54320        1.42651
H          3.36492        1.63937       -1.84825
H          3.16552       -0.07976       -1.50897
H          4.79451        0.63607       -1.55946
H          4.37477        0.55627        2.05588
H          4.87867       -3.54673        0.62016
H          3.81469       -3.32286        1.99525
H          6.02555       -4.99830        1.84870
H          5.11203       -4.60803        3.28472
H          7.58086       -4.30201        3.65023
H          9.10114       -2.60009        4.23652
H          8.31560       -1.03894        4.47358
H          9.23494       -1.36834        2.98231
H          7.65330        0.09499        2.67462
