30

C         -1.19639        3.31068        3.00449
C         -2.10320        2.23013        2.41903
C         -2.84662        1.02848        3.20155
C         -1.47215        0.43216        3.23868
N         -1.04670       -0.92428        2.95703
C          0.36257       -0.54835        2.70581
C          1.29370       -1.35690        1.88540
C          1.80195       -0.52171        0.96015
C          3.13143        0.16417        1.25629
O          0.87150        0.48692        0.59756
C          0.25596        0.76568        1.87199
C         -1.24152        1.08343        1.80105
C         -1.90708        0.70662        0.46141
H         -0.58217        2.95355        3.83726
H         -1.77032        4.17091        3.34808
H         -0.50398        3.66459        2.22708
H         -2.80530        2.72479        1.73654
H         -3.60041        0.47714        2.63371
H         -3.26171        1.29750        4.17305
H         -0.93264        0.86071        4.10307
H         -1.07436       -1.55858        3.75927
H          0.84534       -0.34407        3.67260
H          0.88558       -2.31657        1.57364
H          3.59537       -0.20256        2.17905
H          2.98581        1.24480        1.38862
H          3.82831        0.02706        0.42684
H          0.81405        1.57699        2.33725
H         -1.29462        0.09222       -0.20125
H         -2.13764        1.61882       -0.10527
H         -2.84993        0.17234        0.60504
