18

C          3.08457        1.79462        0.05284
C          3.62197        1.79566        1.46824
C          3.44728        0.69271        2.23016
Cl         3.53235        0.74594        3.97429
C          4.32606       -0.40180        1.70425
N          5.59985       -0.41339        1.46812
C          6.47346        0.62157        1.69706
N          7.71763        0.30165        1.61708
C          6.09086        2.00794        1.95294
C          4.80683        2.51549        1.81121
S          4.85956        4.19105        2.14341
N          6.49001        4.16126        2.50560
N          7.02975        2.96137        2.35754
H          3.80768        1.36279       -0.64792
H          2.86159        2.81642       -0.26912
H          2.15147        1.22312       -0.01276
H          3.77557       -1.33812        1.50403
H          7.72394       -0.70004        1.39613
