26

C          0.89705       -0.00662       -0.18954
C          2.42914       -0.07727       -0.08738
N          2.84353       -1.51358        0.10871
C          2.81457       -1.87604        1.54028
C          3.32418       -0.73570        2.43407
C          2.34863        0.47586        2.46007
C          2.97079        0.80747        1.06513
C          4.29427        0.25452        1.71317
S          3.12702        0.68777       -1.69158
N          2.47998       -0.31404       -2.87520
O          2.55378        1.99479       -1.90906
O          4.55789        0.45851       -1.72301
H          0.40068       -0.44086        0.68362
H          0.52775       -0.56084       -1.05858
H          0.55273        1.02839       -0.27930
H          3.82146       -1.57021       -0.19809
H          3.44089       -2.76366        1.68034
H          1.79664       -2.16246        1.82926
H          3.63438       -1.07952        3.42548
H          2.56862        1.22145        3.23599
H          1.28094        0.25685        2.51467
H          2.97930        1.87884        0.83847
H          4.80235        0.95757        2.38602
H          5.04759       -0.18211        1.05322
H          1.49960       -0.11886       -3.07148
H          2.71925       -1.29426       -2.73898
