28

C          1.04145       -0.08374       -0.08099
C          2.54832       -0.10013       -0.10010
C          3.23735        0.93682        0.74657
C          3.24096       -0.97680       -0.85386
C          2.66186       -2.07994       -1.69399
C          3.62794       -3.22210       -1.43015
C          5.00168       -2.56681       -1.24094
C          4.74486       -1.08859       -0.92230
C          5.81242       -3.25796       -0.15580
O          6.86244       -3.85123       -0.40230
N          5.26375       -3.20305        1.11886
N          5.97256       -3.76506        2.20122
H          0.64843        0.71581        0.55544
H          0.64850       -1.02756        0.30862
H          0.64657        0.08376       -1.08814
H          2.52519        1.60318        1.24323
H          3.89276        1.56415        0.13383
H          3.83129        0.45759        1.53294
H          2.68569       -1.79280       -2.75100
H          1.63965       -2.36214       -1.43107
H          3.63851       -3.93611       -2.26160
H          3.31202       -3.78200       -0.54163
H          5.57723       -2.63396       -2.17364
H          5.10760       -0.46813       -1.75011
H          5.24623       -0.75217       -0.01006
H          4.47534       -2.58685        1.31368
H          6.89049       -4.05808        1.83367
H          5.51713       -4.64648        2.45168
