26

C          1.10658        0.07747       -0.32805
C          2.61608        0.06711       -0.13226
C          3.07164       -0.84556        1.01720
C          4.55752       -0.75979        1.15779
N          5.27063        0.19959        1.66035
C          6.54675       -0.26043        1.45430
N          7.54445        0.43256        1.84283
N          6.69272       -1.47177        0.83142
C          5.46761       -1.82227        0.63195
C          4.96593       -3.08905        0.04239
C          3.45907       -3.09742       -0.19050
C          2.67339       -2.29693        0.82271
C          1.62816       -2.82524        1.48109
H          0.83015        0.80286       -1.09973
H          0.59290        0.35418        0.59817
H          0.73581       -0.90052       -0.65012
H          2.94846        1.09415        0.06997
H          3.10140       -0.22535       -1.07476
H          2.64799       -0.46270        1.95624
H          7.14289        1.27277        2.27073
H          5.25008       -3.90177        0.72077
H          5.48769       -3.26270       -0.90603
H          3.12138       -4.14207       -0.20686
H          3.24355       -2.69679       -1.18765
H          1.30049       -3.84791        1.31506
H          1.03126       -2.23246        2.17075
