27

C          1.89456       -1.03434       -2.11503
C          2.75333        0.18339       -2.13866
C          2.14925        1.52489       -1.82794
C          3.15028        0.91826       -0.86719
C          4.52766        1.51249       -0.76441
N          5.43621        0.72267        0.12758
N          5.98633        1.46296        0.99378
C          5.44369        2.70207        0.92701
C          5.20520        3.64699        1.83830
C          5.76868        3.77697        3.20704
N          4.15092        4.45511        1.39631
N          3.52070        3.79194        0.26518
C          4.61861        2.95109       -0.27043
H          1.62140       -1.31147       -3.13988
H          0.96935       -0.87988       -1.55377
H          2.43624       -1.87457       -1.67268
H          3.48363        0.12848       -2.93939
H          1.11185        1.56917       -1.50064
H          2.44534        2.36423       -2.44038
H          2.77708        0.55772        0.08485
H          4.98266        1.48021       -1.76488
H          6.44990        2.95440        3.44744
H          4.97895        3.80060        3.96299
H          6.34074        4.70933        3.28244
H          3.52793        4.75048        2.15416
H          3.25562        4.48586       -0.43647
H          5.20009        3.54198       -0.99133
