31

C          1.10386       -0.98519        0.11405
C          2.52789       -0.53127       -0.16497
C          3.53774       -1.70186       -0.38788
C          5.02107       -1.38462        0.01205
N          5.13403       -0.62464        1.24680
C          4.99635       -0.47125       -1.28303
N          6.36496       -0.37650       -1.78908
C          4.16833        0.82192       -1.41206
C          2.67305        0.40084       -1.38460
C          2.40406       -0.35654       -2.67441
C          3.22831       -1.37759       -2.96396
C          3.26555       -2.16263       -4.23163
C          4.20359       -1.70153       -1.88106
H          1.08348       -1.71294        0.93155
H          0.61345       -1.42822       -0.75491
H          0.50655       -0.12174        0.43582
H          2.81313        0.03492        0.73081
H          3.17363       -2.67665       -0.04586
H          5.67638       -2.26479       -0.01466
H          4.90052        0.36368        1.18102
H          6.09181       -0.64236        1.61901
H          6.93999        0.25956       -1.23707
H          6.41367       -0.02937       -2.74679
H          4.38891        1.34116       -2.35581
H          4.39248        1.52242       -0.59972
H          2.01886        1.28020       -1.31929
H          1.62042       -0.03235       -3.34975
H          3.16033       -3.23404       -4.03289
H          4.22384       -2.00499       -4.73940
H          2.47071       -1.86397       -4.92261
H          4.80659       -2.59308       -2.10850
