24

C          1.07894       -0.40853       -0.64314
C          2.50645       -0.21913       -0.15088
N          3.49123        0.13736       -1.34420
C          3.20866        1.70460       -1.15500
C          3.93928        2.84110       -0.18335
C          4.38369        2.41413        1.07824
C          3.62831        1.57076        2.38452
O          2.20535        1.10702        2.35893
C          2.59840       -0.17475        1.63211
C          4.01956        0.04086        2.18512
O          5.03425        0.05164        1.23152
C          4.61907        1.12265        0.41324
C          2.93058        1.13292        0.12430
H          0.75455       -1.43777       -0.46170
H          0.96539       -0.20794       -1.71326
H          0.38422        0.25157       -0.10987
H          3.18610       -0.21978       -2.24986
H          2.34036        2.09650       -1.69391
H          4.14795        3.81524       -0.61140
H          3.90632        2.03104        3.33680
H          2.08063       -1.03065        2.08175
H          4.27034       -0.50497        3.09802
H          5.33707        1.15354       -0.43373
H          2.12134        1.80232        0.50653
