26

C         10.42327        1.95641        2.51301
C          9.15749        1.39290        1.85793
C          9.53366        0.58484        0.62861
C          8.36883       -0.00506       -0.08798
C          7.14160       -0.37258        0.36510
C          6.38294        0.04336        1.56910
C          5.87531        1.36947        1.18172
C          6.74363        2.36428        0.89522
C          8.19996        2.48799        1.40455
C          7.69330        3.28534        2.59532
C          7.25869        3.96931        3.61676
C          8.60510       -0.84051       -1.33562
N          8.80109       -1.53358       -2.37064
H         11.09811        1.14518        2.81150
H         10.18618        2.51880        3.42523
H         10.97548        2.62403        1.84008
H          8.72250        0.75105        2.62509
H         10.20694       -0.22943        0.92321
H         10.09976        1.21396       -0.07228
H          6.49711       -0.94713       -0.30720
H          6.94474        0.03867        2.50062
H          5.55048       -0.65237        1.74110
H          4.81652        1.48205        0.96382
H          6.30569        3.29190        0.50241
H          8.71844        3.16829        0.71533
H          6.89961        4.52712        4.45053
