24

C          7.86990       -4.08060       -3.25025
C          9.22863       -3.07808       -3.42007
O          8.60884       -2.62520       -2.26413
C          7.44443       -1.98111       -2.86504
C          6.62017       -3.20480       -2.87217
C          5.99328       -2.97613       -1.53541
N          5.13881       -1.99727       -1.53551
O          5.43662       -1.16442       -0.44132
C          5.91126        0.12182       -0.93009
O          6.66267        0.19072       -2.17974
C          7.74787       -0.71080       -2.18046
C          9.01089       -0.43384       -3.11242
O          9.78251       -1.67863       -3.56017
H          8.08028       -4.81863       -2.45607
H          7.71626       -4.66493       -4.16275
H          8.94339       -3.01183       -4.48823
H          7.44724       -1.73376       -3.95098
H          5.85700       -3.21317       -3.66132
H          6.51585       -3.33706       -0.63501
H          6.54532        0.53179       -0.13514
H          5.04625        0.78424       -1.03248
H          8.13493       -0.82515       -1.15460
H          9.72539        0.22480       -2.60730
H          8.71115        0.06853       -4.03880
