28

C          1.23170        1.08270       -0.14202
C          2.33062        0.05868        0.06469
C          3.15592        0.26661        1.34598
N          4.19619       -0.80006        1.37192
C          5.34156       -0.32754        0.70748
C          6.03527       -1.12638       -0.11403
C          7.05848       -0.74253       -1.12008
C          7.10049        0.64414       -1.70407
O          7.84671       -1.60730       -1.50085
C          5.38597        1.14379        0.87112
C          6.57673        1.78892        1.50461
O          4.52754        2.03522        0.14142
C          3.98808        1.52727        1.35779
H          0.68140        0.84769       -1.05996
H          1.64052        2.09136       -0.24885
H          0.52301        1.07374        0.69021
H          2.97949        0.06842       -0.82137
H          1.88146       -0.94243        0.09207
H          2.52507        0.19588        2.23865
H          4.44079       -0.99775        2.34470
H          5.80431       -2.18845       -0.13337
H          6.14720        1.16337       -1.61183
H          7.30269        0.56742       -2.77641
H          7.89497        1.21695       -1.22329
H          7.49475        1.23398        1.28238
H          6.47068        1.82615        2.59394
H          6.71735        2.81127        1.13804
H          3.87358        2.16438        2.22114
