23

N          1.23665       -0.17582        0.85128
C          2.34929       -0.00280       -0.08146
C          3.17461        1.26354        0.17709
C          2.36233        2.63031        0.05157
C          1.90376        3.17902        1.39684
O          1.10708        4.34310        1.20208
C          3.31285        3.66019       -0.69331
C          4.27166        2.75882       -1.32363
N          5.17994        2.89436       -2.27613
O          5.71595        1.57793       -2.38072
N          5.07897        0.68661       -1.47173
C          4.21564        1.47033       -0.85123
H          0.88746       -1.13202        0.76941
H          0.45244        0.41525        0.57021
H          1.95950       -0.01696       -1.10908
H          3.00637       -0.87565        0.00994
H          3.65075        1.20681        1.16461
H          1.48666        2.47891       -0.59605
H          2.75011        3.43548        2.04316
H          1.28591        2.45045        1.92906
H          1.64945        5.03291        0.78341
H          3.82104        4.32173        0.01685
H          2.75002        4.26406       -1.41014
