25

C          1.57900        0.18948        0.00961
N          2.60429        0.34071       -1.01761
C          3.43192       -0.86659       -1.13767
C          4.26079       -1.25113        0.09888
C          5.31947       -0.14347        0.18029
N          5.51415        0.21506       -1.24652
C          6.91420        0.30568       -1.61798
C          4.73582       -0.79956       -2.00651
C          5.23522       -2.22659       -1.75957
C          4.91251       -2.49862       -0.48633
C          4.47942       -3.80819        0.15229
N          4.12013       -4.89460        0.68208
H          0.95014        1.08287        0.04356
H          2.00655        0.05541        1.00909
H          0.92460       -0.66323       -0.20769
H          3.20892        1.13953       -0.81271
H          2.77583       -1.68224       -1.48172
H          3.70196       -1.42769        1.02134
H          6.23033       -0.48620        0.68465
H          4.93382        0.72843        0.71975
H          7.36640        1.18088       -1.13759
H          7.02094        0.44511       -2.69815
H          7.49362       -0.57664       -1.32396
H          4.54670       -0.55082       -3.05314
H          5.45846       -2.93997       -2.53851
