30

C          0.62417        0.17481       -0.58859
C          2.03347        0.41741       -0.22810
C          3.07333       -0.31414       -0.98613
C          4.10162       -1.01011       -0.20547
C          4.67215       -0.09569        0.96118
C          4.73262       -1.13931        2.10043
C          4.82241       -0.77242        3.56524
C          4.85269       -1.72404        4.52328
C          5.47809        0.84491        0.07029
C          4.26367        1.75876       -0.36311
C          3.86353        2.17385        1.02831
O          3.86428        0.91030        1.69398
N          3.06491        1.13502       -1.07256
H          0.29674       -0.76693       -0.11980
H          0.45826        0.09335       -1.66316
H         -0.00069        0.97322       -0.17798
H          2.06091        0.41165        0.85838
H          2.76784       -0.85861       -1.86946
H          4.93095       -1.30920       -0.87363
H          3.72626       -1.98306        0.12678
H          5.27967       -2.05328        1.86102
H          3.66386       -1.47264        2.11458
H          4.60540        0.25749        3.85754
H          4.87854       -2.76441        4.25997
H          4.70284       -1.45652        5.55535
H          5.97950        0.42561       -0.81171
H          6.22797        1.43951        0.60342
H          4.57820        2.61149       -0.97603
H          2.88625        2.65094        1.12013
H          4.61648        2.83987        1.46943
