23

C          0.94297        0.75981        0.71942
N          2.39059        0.93044        0.76570
C          2.94113        1.02576       -0.58419
C          4.42436        1.22994       -0.52741
C          5.09921        2.22886       -1.12289
O          4.42923        3.18069       -1.91415
C          4.60171        4.48687       -1.54323
O          5.28785        4.94080       -0.64185
C          6.54740        2.29179       -1.15137
C          7.31629        2.26211       -0.05375
C          8.78258        2.33951       -0.17463
O          9.50946        2.29616        0.80985
H          0.54685        0.70486        1.73763
H          0.66544       -0.16461        0.20004
H          0.45906        1.60669        0.22273
H          2.79963        0.12846        1.24457
H          2.45469        1.84489       -1.12447
H          2.74311        0.10011       -1.13617
H          4.98020        0.46484        0.00968
H          4.00014        5.11092       -2.22359
H          6.98684        2.39831       -2.14052
H          6.91548        2.20319        0.95205
H          9.18746        2.41876       -1.19732
