30

C          0.88348        0.23226       -0.26631
C          2.30133        0.40070        0.24812
O          2.93120        1.43231        0.01951
C          2.83064       -0.79487        1.09605
C          2.85695       -2.19050        0.30158
C          3.81405       -2.61946        1.39212
C          3.04863       -3.36022        2.50159
N          5.03697       -3.34166        1.08111
C          5.97051       -2.72882        2.06682
C          5.32191       -1.38606        2.50513
C          4.37793       -1.08380        1.34228
C          5.21352       -0.44435        0.19955
O          5.78432        0.77742        0.66462
H          0.65182        1.00372       -1.00559
H          0.18911        0.30984        0.57369
H          0.76952       -0.74128       -0.74815
H          2.27295       -0.80726        2.04265
H          3.25182       -2.15713       -0.71932
H          1.88756       -2.70150        0.27592
H          2.73565       -4.34928        2.14286
H          2.13886       -2.83553        2.81091
H          3.65237       -3.51960        3.40055
H          5.40348       -3.20020        0.14048
H          6.94808       -2.57149        1.60036
H          6.11034       -3.38422        2.93306
H          6.09349       -0.62361        2.65037
H          4.78451       -1.47688        3.45584
H          4.64745       -0.23195       -0.70890
H          6.05090       -1.08562       -0.10603
H          5.07719        1.45101        0.63215
