24

C          3.42509        0.98983       -0.66160
C          2.57076        0.02382        0.15650
O          1.35358       -0.17502       -0.58143
C          3.26417       -1.34691        0.38980
N          3.40126       -2.00383       -0.95032
C          3.37344       -3.45964       -1.09899
C          2.64889       -4.13459       -0.00958
C          2.27530       -5.45088        0.11384
O          1.65692       -5.66277        1.30968
C          1.63456       -4.46743        1.95487
C          2.23132       -3.50384        1.18179
C          2.46221       -2.11367        1.46322
O          2.13930       -1.60733        2.53453
H          2.91389        1.95461       -0.75515
H          3.57122        0.62891       -1.68626
H          4.40195        1.15371       -0.19980
H          2.30351        0.50145        1.10509
H          1.59130       -0.77368       -1.31756
H          4.26491       -1.19670        0.81934
H          4.27604       -1.67041       -1.36284
H          4.38959       -3.85913       -1.18129
H          2.86389       -3.66738       -2.04732
H          2.37557       -6.32997       -0.51500
H          1.17940       -4.46655        2.93853
