25

N          4.53591        2.61037       -1.19265
C          4.21469        1.59242       -1.91874
C          3.66298        1.73533       -3.30231
C          2.57728        0.70076       -3.58785
C          1.14494        1.23692       -3.36775
C          0.44824        0.99758       -2.06325
N          1.06746        0.41023       -0.89445
C          0.14274       -0.43045       -1.65498
C          0.70560       -1.55513       -2.42259
C          1.91750       -1.61332       -3.00156
N          2.87850       -0.60772       -2.97004
C          3.82280       -0.61848       -1.95225
N          4.49734        0.35514       -1.44003
H          4.32538        3.48389       -1.67662
H          4.50913        1.57428       -3.98334
H          3.30946        2.75713       -3.47612
H          2.64058        0.53817       -4.67487
H          0.50309        0.79166       -4.14322
H          1.12000        2.31126       -3.58494
H         -0.31434        1.74558       -1.87501
H          0.64136        0.72968       -0.02444
H         -0.81611       -0.62614       -1.18609
H          0.07090       -2.43463       -2.50304
H          2.27196       -2.51721       -3.48930
H          3.97728       -1.62831       -1.53213
