32

C          1.63234        0.21580       -0.66489
C          2.82459       -0.20222        0.15614
C          4.02867       -0.98560       -0.38567
C          4.27967       -1.07890       -1.85196
N          5.48851       -1.87276       -2.07416
C          2.90113       -1.70364        0.33866
C          2.87481       -2.10493        1.80389
C          3.75706       -3.32320        2.09347
N          3.24331       -4.51310        1.40484
C          3.18348       -0.91690        2.77084
C          2.16222        0.25776        2.66530
C          3.03139        0.64361        1.43836
N          4.19092        0.06817        2.23275
H          1.58020       -0.30609       -1.62531
H          1.63935        1.29181       -0.85678
H          0.71095       -0.02373       -0.11906
H          4.96772       -0.87248        0.14821
H          4.44195       -0.07784       -2.25509
H          3.44546       -1.53451       -2.38756
H          6.26186       -1.46122       -1.55141
H          5.74728       -1.81456       -3.05646
H          2.29792       -2.36962       -0.26881
H          1.83960       -2.39808        2.02505
H          3.76762       -3.52960        3.16946
H          4.79047       -3.13939        1.78105
H          2.27877       -4.68733        1.67184
H          3.78541       -5.33071        1.68068
H          3.37814       -1.24150        3.79903
H          2.20445        0.97994        3.49134
H          1.12190       -0.00553        2.47467
H          3.12310        1.71353        1.22616
H          4.54862        0.71674        2.93394
