26

C          1.06825       -0.06551        0.04579
N          2.48083       -0.19858        0.36364
C          3.01673        0.61380        1.20967
C          4.60055        0.58946        1.30299
C          5.23966       -0.35878        2.33989
C          5.26505        0.85785        3.27574
N          5.18215        1.73162        2.07279
N          4.48329        2.89317        2.19177
C          3.19413        2.75140        2.21297
N          2.45638        1.57521        2.06514
C          1.40168        1.25205        2.94335
C          0.74956        2.31821        3.80335
N          0.97424        0.04922        3.18735
H          0.89798       -0.45389       -0.96374
H          0.73634        0.97914        0.04051
H          0.44224       -0.65081        0.72327
H          5.04786        0.48946        0.30507
H          6.23347       -0.72411        2.05764
H          4.62754       -1.20243        2.67122
H          6.17311        0.97884        3.87058
H          4.40211        0.90770        3.95291
H          2.57285        3.64740        2.35289
H          0.87497        3.32651        3.41299
H          1.17146        2.26389        4.81085
H         -0.32768        2.11961        3.86897
H          1.49139       -0.64359        2.63163
