25

C          3.01070       -0.14490       -1.47995
C          2.40155       -0.06987       -0.08044
C          2.92715        1.10601        0.77415
N          2.58250        2.35083        0.12489
C          2.61812        3.55982        0.75486
O          1.66080        4.32538        0.75089
N          3.86675        3.97642        1.26156
C          4.07578        5.29739        1.66582
C          5.40302        5.50629        1.93262
C          6.03930        4.26520        1.77125
C          5.09297        3.31873        1.40128
C          5.31354        1.93526        1.21748
C          4.39699        0.99198        0.99028
H          2.56911       -0.97654       -2.03772
H          4.09189       -0.30893       -1.43982
H          2.82540        0.77282       -2.04699
H          2.58797       -1.01799        0.43928
H          1.31221        0.01872       -0.18394
H          2.42154        1.07885        1.74781
H          1.68903        2.29974       -0.34846
H          3.24255        5.98941        1.66271
H          5.85494        6.44809        2.21581
H          7.09170        4.06381        1.92887
H          6.34375        1.59859        1.33678
H          4.77991       -0.03001        0.96316
