23

C          1.04857        0.09361       -0.10886
C          2.53156       -0.09365        0.19860
C          3.26269        1.21185        0.33575
C          3.91043        1.22201        1.50411
C          3.63551        0.03629        2.30108
C          3.96269       -1.36504        1.87691
C          5.03647       -1.74266        0.90977
C          6.41825       -1.66125        1.52446
O          6.66784       -1.20381        2.62967
C          7.50324       -2.17803        0.71478
C          8.42052       -2.60388        0.06390
N          2.66694       -0.80416        1.50559
H          0.88860        0.86686       -0.86831
H          0.47287        0.37572        0.78017
H          0.62570       -0.84260       -0.49185
H          2.97596       -0.67341       -0.61815
H          3.27709        1.99820       -0.40273
H          4.52643        2.03734        1.86052
H          3.36338        0.20304        3.33738
H          3.90877       -2.10937        2.66945
H          5.04090       -1.13657        0.00057
H          4.86670       -2.78616        0.61330
H          9.24884       -2.98130       -0.49080
