26

C          2.57094        0.17029       -0.01758
C          1.08183        0.04812       -0.31688
C          0.31729        1.28478        0.13985
O         -1.05428        1.17268       -0.22057
C         -1.63778       -0.00310        0.32315
O         -0.97891       -1.18279       -0.11133
C          0.41277       -1.21730        0.24636
C          0.61089       -1.47239        1.75784
N          0.09087       -2.82161        2.08007
C          0.15636       -3.11661        3.33102
N         -0.22710       -4.31163        3.88202
O         -0.15507       -5.38636        2.99389
H          3.01122        0.97798       -0.61038
H          3.10170       -0.75466       -0.27137
H          2.75990        0.39852        1.03869
H          0.96597       -0.00679       -1.40919
H          0.71443        2.18175       -0.34871
H          0.39858        1.44589        1.22295
H         -2.66973       -0.05059       -0.03554
H         -1.68282        0.05871        1.41565
H          0.83167       -2.08139       -0.28481
H          0.10159       -0.71636        2.36490
H          1.67764       -1.44716        2.00436
H          0.53100       -2.41380        4.09861
H          0.18217       -4.53487        4.79645
H         -0.63890       -5.04589        2.20878
