25

C          1.06628        0.33288        0.19288
C          2.19757       -0.28276       -0.18348
C          2.94354       -0.15864       -1.51479
C          4.30229        0.45674       -1.19917
C          4.60256        1.76414       -1.17179
C          3.13596       -1.60320       -2.09602
O          4.17088       -1.65972       -3.15372
C          3.17904       -1.09121       -4.07396
C          2.99858        0.42536       -3.85896
N          2.15211        0.53121       -2.61167
C          1.14516       -0.51619       -2.95703
C          2.06180       -1.68703       -3.20424
H          0.64656        0.17298        1.18111
H          0.53895        1.01446       -0.46868
H          2.68075       -0.92184        0.55566
H          5.09827       -0.24872       -0.96252
H          3.85064        2.52048       -1.37777
H          5.60650        2.09887       -0.92894
H          3.21865       -2.44520       -1.40387
H          3.28710       -1.46054       -5.09524
H          2.44906        0.86780       -4.70036
H          3.95224        0.95705       -3.79212
H          0.56439       -0.23910       -3.84645
H          0.41891       -0.71370       -2.16372
H          1.68341       -2.67310       -3.47028
