27

C          1.18066       -0.03549        0.98977
C          2.21266       -0.33230       -0.12212
C          2.63935        1.01755       -0.76575
C          4.05962        1.33771       -0.25798
C          4.53163        0.09798        0.44160
O          5.28972        0.26304        1.63306
C          4.84155       -1.02089       -0.45341
C          3.50582       -0.97106        0.38596
C          3.34720       -2.37232        0.78556
C          3.93404       -3.06093        1.77178
C          2.47032       -3.14137       -0.14698
N          1.65211       -2.61273       -1.01278
N          1.61383       -1.24395       -1.11898
H          1.38224        0.92245        1.48666
H          1.15044       -0.80195        1.76633
H          0.16532        0.05570        0.57574
H          1.96116        1.84220       -0.51265
H          2.63887        0.95881       -1.86037
H          4.07703        2.21916        0.38753
H          4.71036        1.54914       -1.11888
H          6.15503        0.67538        1.45348
H          5.64911       -1.67414       -0.13310
H          4.73033       -0.94995       -1.52215
H          4.61324       -2.56969        2.45677
H          3.78530       -4.12787        1.90045
H          2.55719       -4.24139       -0.11154
H          0.66812       -0.94968       -1.35968
