28

C          0.99377       -0.06077        0.33427
C          2.47990        0.01418        0.02851
C          3.36723        0.39045        1.23945
C          4.66931        0.97293        0.59713
C          4.85049        2.42703        0.97883
O          5.84327        2.84657        1.56854
C          4.43739        0.85225       -0.92948
N          4.73200       -0.52056       -1.50467
C          3.45254       -1.11056       -2.12590
C          2.97467       -1.31133       -0.63701
C          4.50025       -1.61709       -0.47658
C          2.94360        1.10520       -0.89917
C          2.26232        2.09223       -1.49147
H          0.77691       -0.88905        1.01719
H          0.41331       -0.23258       -0.57997
H          0.62690        0.86153        0.79693
H          3.58278       -0.47573        1.87392
H          2.87630        1.13975        1.87418
H          5.57133        0.45033        0.93274
H          4.03124        3.11630        0.71206
H          4.97612        1.60839       -1.50905
H          3.62660       -2.04339       -2.68388
H          2.87209       -0.46313       -2.79042
H          2.32964       -2.17562       -0.44819
H          4.80589       -2.61469       -0.83052
H          4.97442       -1.51741        0.50081
H          2.76457        2.82667       -2.11535
H          1.18922        2.20270       -1.36760
