30

C          0.50962        6.45784        2.25263
C          0.74726        4.96348        2.11621
C          1.86646        4.68209        1.20821
C          2.86034        4.43358        0.40168
C          4.01897        4.14388       -0.53855
O          4.25590        2.73986       -0.58436
C          3.57759        4.64343       -1.90642
N          2.40699        3.94824       -2.53765
C          3.75084        6.10848       -2.27750
C          4.22151        7.13235       -1.29803
C          4.71965        5.09439       -2.81565
O          4.60171        4.79714       -4.22454
C          5.55531        3.83300       -4.65047
H         -0.32706        6.65028        2.93112
H          0.27367        6.91078        1.28365
H          1.39519        6.96411        2.65178
H         -0.16316        4.48335        1.74098
H          0.95503        4.53651        3.10350
H          4.93017        4.62322       -0.17061
H          3.38092        2.33704       -0.72080
H          1.63319        3.87596       -1.88004
H          2.67174        3.00812       -2.82184
H          3.02829        6.53281       -2.96680
H          5.03613        6.77079       -0.66236
H          3.39724        7.44338       -0.64899
H          4.59248        8.01427       -1.82809
H          5.72362        5.12335       -2.39965
H          5.40757        3.63821       -5.71559
H          5.42767        2.89791       -4.09626
H          6.56910        4.21858       -4.50238
