23

C          0.65810       -0.24168        0.25318
C          1.80341       -0.84173       -0.48781
C          3.10029       -1.24108        0.19041
C          2.11179       -2.29109       -0.24284
C          2.76183       -3.12992       -1.26561
O          2.17120       -3.97909       -1.90193
C          4.23439       -2.80261       -1.33327
C          4.70492       -2.76289       -2.77078
O          5.74730       -1.79665       -2.88891
N          5.26704       -0.48576       -2.70055
C          4.65135       -0.33714       -1.56875
C          4.38108       -1.45417       -0.59493
H          0.73638        0.84966        0.27389
H          0.59425       -0.60310        1.28512
H         -0.27673       -0.50416       -0.25383
H          1.84889       -0.46032       -1.50246
H          3.24476       -1.07556        1.24977
H          1.55133       -2.82165        0.51678
H          4.76335       -3.58069       -0.77014
H          3.90751       -2.53674       -3.49063
H          5.12099       -3.73590       -3.05273
H          4.33666        0.67871       -1.27689
H          5.23310       -1.48962        0.09381
