22

C          1.13110       -0.09033       -0.05268
C          2.62484       -0.18108       -0.07855
N          3.20673       -1.22677       -0.56471
N          4.59835       -1.12647       -0.46755
C          5.26111       -2.14739       -0.91857
C          4.55907       -3.28249       -1.46414
C          3.98249       -4.23522       -1.91327
C          6.72675       -2.18913       -0.81440
O          7.42517       -2.27862       -2.06925
C          7.57957       -1.05493       -1.33537
C          8.82098       -0.73681       -0.62034
C          8.91598        0.00681        0.48964
H          0.83193        0.87443        0.36430
H          0.72710       -0.89252        0.57077
H          0.73609       -0.18571       -1.06727
H          3.19085        0.66810        0.34167
H          3.45722       -5.07557       -2.30548
H          7.10887       -2.79125        0.00025
H          7.07794       -0.18694       -1.75105
H          9.73467       -1.15150       -1.04380
H          8.03689        0.44506        0.95218
H          9.87829        0.19189        0.95668
