23

C          3.63574       -0.37260        1.09085
C          2.53971       -0.20638        0.05235
C          2.93116        0.71309       -1.04147
C          2.81688        2.07277       -1.13693
N          3.29469        2.35278       -2.37581
N          3.65758        1.27867       -3.06143
N          3.46496        0.24446       -2.23645
C          3.17131        3.73966       -2.75152
C          4.49868        4.39839       -3.08151
C          2.56464        4.26973       -1.45111
C          2.39646        3.27557       -0.54874
C          1.87647        3.42669        0.75863
N          1.45724        3.54625        1.83490
H          3.32491       -1.08817        1.85857
H          3.85867        0.57918        1.58529
H          4.56179       -0.73918        0.63523
H          1.63449        0.17309        0.54162
H          2.28135       -1.18538       -0.36735
H          2.45527        3.81373       -3.57613
H          5.23346        4.26016       -2.27982
H          4.36921        5.47465       -3.23886
H          4.92594        3.97110       -3.99505
H          2.31005        5.30854       -1.29215
