30

C          0.81874        0.02439        0.27298
C          2.30509       -0.23329        0.34584
C          3.17703        0.97321        0.71603
C          4.63942        0.53351        0.66062
O          4.93741        0.64984       -0.74393
C          4.42927        1.96298       -1.14473
C          5.57530        2.85975       -1.49762
C          3.07211        2.20657       -1.77423
C          2.43976        1.12361       -2.59244
C          2.82181        3.51765       -2.37259
C          2.68841        4.63115       -2.82031
C          3.20488        2.20725       -0.21904
N          3.05133        3.49335        0.52869
H          0.32328       -0.83181       -0.20054
H          0.57751        0.91747       -0.30627
H          0.39471        0.13503        1.27672
H          2.64735       -0.70413       -0.58141
H          2.46082       -1.00889        1.10271
H          2.92056        1.26311        1.74501
H          4.81413       -0.48893        1.01103
H          5.28508        1.21673        1.22133
H          6.25480        2.29580       -2.15597
H          6.14218        3.14945       -0.61555
H          5.30563        3.76136       -2.05289
H          2.69018        1.26408       -3.65136
H          1.35058        1.16996       -2.50937
H          2.77958        0.11939       -2.34600
H          2.62061        5.62519       -3.19392
H          2.33482        3.39076        1.24978
H          2.67626        4.21908       -0.08368
