25

C          0.91814        0.16380       -0.44914
C          2.27317        0.00449        0.17869
C          2.42571       -1.39967        0.93969
C          3.90545       -0.88764        0.97830
C          3.85323        0.40705        1.71714
C          2.80984        1.04099        1.14223
C          2.83667        2.53367        0.98560
N          1.71897        3.33271        0.86055
O          0.47436        2.72808        0.88806
N          4.04002        3.06495        0.94027
O          3.99471        4.45900        0.77261
C          3.59512       -0.52693       -0.56937
O          4.42549        0.46223       -1.21751
H          0.13427        0.18562        0.31869
H          0.68614       -0.68435       -1.10314
H          0.84108        1.07051       -1.05345
H          2.24053       -2.30426        0.34705
H          1.90997       -1.50327        1.89893
H          4.70827       -1.58307        1.21573
H          4.64251        0.84552        2.30792
H          1.85343        4.07980        0.17889
H          0.18758        2.88807        1.80731
H          4.93997        4.69482        0.81584
H          3.46488       -1.38453       -1.23819
H          5.27788        0.43128       -0.75106
