28

C          0.86009       -0.35593        0.47376
C          2.32705       -0.13404        0.12312
C          3.18835       -1.06241        0.97612
C          4.47801       -0.33575        1.05204
O          4.62655        0.53236        2.18050
C          4.39052        1.16857        0.92360
C          2.94105        1.22176        0.41292
O          2.06789        2.13571        1.09860
C          2.45418        2.53453       -0.22483
C          1.33686        2.65527       -1.21839
N          0.40351        3.67851       -0.75186
C          1.79889        3.00453       -2.60404
C          1.59958        2.22495       -3.67657
H          0.59456       -1.40940        0.33075
H          0.18154        0.22085       -0.15567
H          0.64517       -0.09005        1.51310
H          2.49131       -0.36172       -0.93793
H          3.28884       -2.05113        0.51984
H          2.77417       -1.19456        1.98409
H          5.34115       -0.87253        0.69001
H          5.19055        1.68138        0.40977
H          3.15776        3.35740       -0.29172
H          0.77687        1.72458       -1.28194
H          0.90606        4.54920       -0.59722
H          0.07793        3.39072        0.17425
H          2.31063        3.95298       -2.73807
H          1.07255        1.27614       -3.60134
H          1.93861        2.52927       -4.66135
