25

C          1.06624        0.01315       -0.01578
N          2.51946        0.02279        0.03689
C          3.21147        0.25747       -1.23951
C          3.42506        1.70039       -1.48852
C          3.15139        2.81787       -0.81548
N          3.54396        3.94398       -1.47777
O          4.25329        3.53194       -2.61902
C          4.14998        2.15737       -2.68973
O          4.58999        1.44370       -3.57263
C          3.25233       -0.20028        1.20329
C          2.51549       -0.51667        2.50323
N          4.56307       -0.14648        1.16391
N          5.25485       -0.37179        2.30182
H          0.68591        0.27996       -1.00774
H          0.65051        0.74124        0.68846
H          0.68386       -0.98345        0.22638
H          2.61785       -0.16654       -2.05982
H          4.16776       -0.27819       -1.26990
H          2.68518        2.90026        0.15691
H          4.05821        4.61133       -0.90238
H          1.43178       -0.45369        2.41052
H          2.82522        0.18618        3.28239
H          2.76185       -1.53615        2.81645
H          6.23935       -0.52617        2.07489
H          4.94373       -1.20746        2.79719
