22

C          1.14696       -0.04149        0.04466
N          2.58924        0.01175        0.23714
N          3.42007        1.10918       -0.18499
O          3.33271        2.42130        0.41145
C          3.62711        3.40362       -0.52144
C          3.70420        4.71698       -0.25802
C          4.75128        0.61649       -0.05108
O          5.80361        1.26627        0.00659
C          4.67650       -0.85384        0.06971
C          5.70141       -1.97626        0.05819
C          6.58057       -2.93907        0.04831
C          3.35775       -1.14242        0.12952
N          2.83291       -2.40697        0.02633
H          0.62323        0.91221        0.06061
H          0.71662       -0.63109        0.87200
H          0.89231       -0.56474       -0.88809
H          3.78110        3.07122       -1.54176
H          3.59257        5.12347        0.74496
H          3.85953        5.41869       -1.07217
H          7.30928       -3.71609        0.03933
H          3.46790       -3.18632        0.16831
H          1.87235       -2.54661        0.30475
