36

C          2.04342        2.17229        0.38610
C          2.35224        1.39205        1.66531
C          1.05215        0.82324        2.24245
C          3.36059        0.24931        1.43135
C          4.71257        0.70645        0.92081
C          5.09130        0.40186       -0.33083
O          5.43562        1.39299        1.86044
C          6.87517        1.54417        1.88441
C          7.61273        0.22683        1.56509
C          7.30112        2.67740        0.93135
C          7.21467        2.00316        3.36272
C          6.70349        1.02443        4.43351
N          8.64746        2.25726        3.60551
H          1.33327        2.98144        0.59227
H          1.59947        1.52305       -0.37677
H          2.94274        2.62872       -0.03610
H          2.77274        2.08913        2.40147
H          0.54583        0.17672        1.51683
H          0.36316        1.63046        2.51232
H          1.24620        0.23241        3.14362
H          2.91878       -0.48510        0.74387
H          3.52343       -0.28861        2.37464
H          4.44394       -0.17797       -0.98220
H          6.02749        0.71491       -0.76833
H          7.54059       -0.04712        0.51157
H          7.18966       -0.60681        2.13385
H          8.68308        0.29176        1.77868
H          6.96614        2.51278       -0.09392
H          8.38936        2.80042        0.90837
H          6.85567        3.63111        1.24138
H          6.68800        2.94914        3.54099
H          7.18718        0.04612        4.35771
H          5.62201        0.87960        4.34996
H          6.89920        1.41326        5.43888
H          9.16448        1.37849        3.56850
H          8.77172        2.60166        4.55790
