19

O          1.08872       -0.09691        0.09058
C          2.31358       -0.03174        0.05169
N          2.94163        1.18764        0.01948
C          4.22767        1.24483        0.04836
N          5.04742        0.15931        0.10529
C          4.43894       -0.96839        0.10698
S          5.21451       -2.52400        0.16587
N          3.74337       -3.36017        0.12895
C          2.78649       -2.48375        0.07247
C          1.38060       -2.93786        0.01146
C          0.72455       -3.14300       -1.33536
C          1.02605       -4.32795       -0.46826
N          3.11306       -1.14964        0.06627
H          4.71844        2.23310        0.02565
H          0.75179       -2.55321        0.81080
H          1.31793       -3.01734       -2.23413
H         -0.31156       -2.84225       -1.44439
H          1.82398       -4.99565       -0.77559
H          0.19643       -4.83282        0.01384
