22

C          1.24230       -0.20394        0.23818
C          2.63458       -0.07067       -0.25671
C          3.54391       -1.24391       -0.33671
O          4.31914       -1.33620       -1.54156
N          5.41128       -2.16024       -1.25477
C          6.13504       -2.24428       -2.31918
C          3.86730       -0.16587        0.69513
C          5.20463        0.65870        0.50719
O          5.39403        2.09722        0.33771
C          4.07769        1.78020        0.56295
S          3.03968        1.54489       -0.88859
O          3.83015        1.43444       -2.09164
O          1.88881        2.41251       -0.75430
H          1.07449       -1.17752        0.71089
H          0.53686       -0.12248       -0.59550
H          0.99582        0.56503        0.97726
H          3.17165       -2.18590        0.05774
H          7.06475       -2.83204       -2.30715
H          5.86772       -1.74606       -3.26747
H          3.66781       -0.46381        1.72753
H          5.76071        0.23907       -0.32319
H          3.62810        2.10777        1.49078
