23

C          0.98376       -0.12072       -0.14025
C          2.48592        0.04278       -0.16023
O          3.06867       -0.21900       -1.22270
N          3.16531        0.57426        0.97581
C          4.34084        1.26256        0.64639
C          5.19021        2.04127        1.32290
C          5.23259        2.40795        2.74793
O          6.59352        2.69738        3.06597
C          4.74107        1.26218        3.59329
O          5.44066        0.72483        4.45476
C          3.35259        0.80971        3.42912
C          2.69359        0.46452        2.30572
N          1.47859       -0.18071        2.56932
H          0.64006       -0.26825       -1.17097
H          0.50164        0.78542        0.23408
H          0.67257       -1.01090        0.40538
H          4.58070        1.20837       -0.42043
H          5.98481        2.50397        0.73135
H          4.64996        3.30980        2.95603
H          6.98417        1.85605        3.37648
H          2.91163        0.62324        4.40404
H          1.26593       -0.28237        3.56016
H          1.50630       -1.12204        2.17922
