20

C          1.13086       -0.06150       -0.62829
C          2.55315        0.11889       -0.14254
N          3.07915        1.30037       -0.09916
N          3.23948       -1.02631        0.18233
C          4.61462       -1.15122        0.10952
C          5.61518       -0.44943        0.67481
N          6.93913       -0.76687        0.40066
C          6.95059       -1.76083       -0.44367
C          8.14944       -2.38788       -1.04397
O          9.20358       -2.45936       -0.43341
S          5.38277       -2.33670       -0.91637
O          5.20894       -3.67712       -0.38793
O          5.20579       -2.02907       -2.32148
H          0.65793        0.89684       -0.85411
H          0.54680       -0.58268        0.13626
H          1.14574       -0.67068       -1.53685
H          2.41355        2.01574       -0.40689
H          2.76390       -1.89023       -0.06975
H          5.42598        0.37866        1.35444
H          8.00367       -2.78595       -2.06034
