35

C          2.36732       -1.12124       -2.23134
C          3.01000       -0.39301       -1.05766
C          3.59861        0.99577       -1.42340
C          2.52826        1.91950       -2.01207
O          1.53365        2.24712       -1.05326
C          4.28624        1.57385       -0.15107
C          5.08125        2.90732       -0.24371
N          6.14285        2.78303       -1.26063
C          4.25743        4.15786       -0.55229
C          5.07206        5.28779        0.04840
N          5.63028        4.76906        1.29667
C          5.62866        3.29287        1.18140
C          7.00115        2.73509        1.54014
H          2.06163       -2.12688       -1.92677
H          3.06696       -1.20902       -3.06633
H          1.46879       -0.60727       -2.58620
H          3.81057       -1.03091       -0.66299
H          2.27135       -0.29632       -0.25265
H          4.36589        0.83081       -2.19022
H          2.03715        1.47368       -2.88456
H          2.96504        2.84538       -2.38237
H          1.08773        1.42591       -0.79141
H          4.98858        0.80772        0.21088
H          3.53008        1.66559        0.64040
H          5.74156        2.60388       -2.17737
H          6.74991        1.99548       -1.04146
H          3.27366        4.10985       -0.07169
H          4.11289        4.34380       -1.62044
H          4.46485        6.18037        0.22116
H          5.89302        5.57332       -0.61937
H          5.01394        5.03310        2.06405
H          4.92146        2.92212        1.93632
H          7.78673        3.12857        0.88591
H          7.00897        1.64309        1.46948
H          7.26872        3.00270        2.56866
