25

C          0.93235       -0.78542        0.25237
N          2.27924       -1.27444        0.16511
C          3.03832       -1.63599        1.13179
O          2.82052       -1.68515        2.47783
C          2.75654       -0.41604        3.17396
C          4.00337        0.15595        3.96029
C          4.49014        0.69828        2.58607
C          2.97052        0.82920        2.29698
N          5.46301       -0.25316        2.04975
C          5.24368       -1.32108        1.18677
N          4.26399       -2.03856        0.77165
N          6.68194       -0.15927        2.72560
C          7.08586       -1.24882        3.28809
H          0.92177        0.29525        0.06828
H          0.43239       -0.97507        1.20293
H          0.33326       -1.22322       -0.55488
H          1.88007       -0.43154        3.83061
H          4.65651       -0.52455        4.50803
H          3.76130        0.98319        4.64993
H          4.94313        1.69665        2.55454
H          2.62455        0.86714        1.27254
H          2.49647        1.70231        2.78066
H          6.22240       -1.67700        0.81249
H          8.03846       -1.23600        3.84050
H          6.52251       -2.20500        3.28687
