32

C          1.24872       -0.47123       -0.08568
N          2.69011       -0.31238       -0.00288
C          3.17210        0.81613        0.86327
C          2.26263        1.30213        2.00887
C          2.83586        2.48906        2.77691
C          2.93711        3.77183        1.98850
C          2.42636        2.61484        4.23237
C          3.84274        2.26132        3.88628
C          4.31438       -0.15195        1.29003
C          3.30335       -1.27990        0.95710
C          3.83966       -2.55748        0.25953
N          3.62393       -3.72517        0.77663
N          4.16433       -4.74491        0.07604
H          0.82384        0.32553       -0.70530
H          0.73129       -0.47538        0.87817
H          1.01214       -1.41983       -0.58050
H          3.52094        1.65611        0.25197
H          2.05117        0.48276        2.70759
H          1.29525        1.62627        1.60570
H          1.98634        3.99189        1.49219
H          3.71927        3.69925        1.22708
H          3.18279        4.62595        2.62931
H          1.81166        1.83989        4.67812
H          2.23166        3.60159        4.63883
H          4.17251        1.25561        4.11792
H          4.60461        3.01505        4.05942
H          4.65330       -0.11256        2.32650
H          5.19237       -0.11937        0.63205
H          2.66427       -1.53309        1.81541
H          4.40606       -2.41507       -0.68104
H          3.86194       -5.63493        0.47891
H          3.85430       -4.75303       -0.89779
