24

C          1.31729       -0.25380       -0.10367
C          2.77070       -0.19067        0.21521
C          3.61243       -1.20702        0.46602
C          3.52167       -2.61572       -0.04949
C          4.80482       -2.66602       -0.89557
O          5.06533       -3.60560       -1.64555
C          5.71266       -1.40184       -0.61672
C          5.49779       -0.10892       -1.45844
C          5.00701        0.64832       -0.17855
C          3.53739        1.09515       -0.02009
C          5.00495       -0.69461        0.54629
O          5.61459       -0.76428        1.84217
H          0.92811       -1.27477       -0.04083
H          1.12183        0.12368       -1.11095
H          0.75499        0.35664        0.61105
H          2.65809       -2.78210       -0.69749
H          3.57011       -3.34549        0.76070
H          6.76327       -1.64395       -0.42580
H          4.74962       -0.19825       -2.25363
H          6.41789        0.29561       -1.89261
H          5.72843        1.38499        0.19134
H          3.20082        1.60818       -0.92663
H          3.41706        1.76572        0.83709
H          6.50107       -0.37962        1.73681
