25

N          1.43881       -0.43720        0.40919
C          2.77823        0.00082       -0.03231
C          3.63120       -1.04162       -0.71028
C          4.02888       -0.53275        0.64304
O          5.23295        0.26780        0.60632
C          5.07592        1.67432        0.81144
C          3.62500        2.17546        0.83653
C          2.87322        1.48411       -0.31018
C          3.04764        2.00434        2.25572
N          1.97250        1.32317        2.54672
N          3.71225        2.59689        3.31090
O          3.05512        2.40337        4.53684
H          1.45751       -1.39409        0.76530
H          0.79093       -0.44903       -0.38100
H          4.23096       -0.75261       -1.56404
H          3.28572       -2.06895       -0.74972
H          3.88852       -1.16468        1.51380
H          5.59208        2.15716       -0.02821
H          5.63521        1.94879        1.71084
H          3.63174        3.25888        0.65260
H          3.39520        1.65372       -1.26189
H          1.87541        1.92546       -0.42267
H          1.56447        0.87690        1.70723
H          4.07562        3.53726        3.18152
H          2.38748        1.71155        4.30056
