26

C         -1.07704        0.41236        1.20231
N         -0.20591       -0.51235        0.49786
C          0.68103       -1.25034        1.39194
C          2.13150       -1.04682        1.26188
C          3.02979       -0.43819        2.03570
O          4.37427       -0.60602        1.74966
C          4.38358       -1.69957        0.81093
C          2.99006       -1.61376        0.23707
N          2.81816       -1.98466       -0.98082
N          1.63205       -1.98806       -1.68587
C          0.68666       -1.09648       -1.66258
C         -0.36611       -1.25070       -2.74539
C          0.45146        0.04632       -0.68899
H         -1.61281       -0.11006        2.00576
H         -1.85384        0.79807        0.53348
H         -0.53105        1.25275        1.63958
H          0.47795       -2.32021        1.24044
H          0.40742       -1.07120        2.44196
H          2.85645        0.18804        2.89883
H          4.50342       -2.64538        1.35618
H          5.17302       -1.57830        0.06778
H         -0.06675       -2.01210       -3.47135
H         -0.48039       -0.29923       -3.27535
H         -1.31975       -1.53083       -2.29452
H         -0.23620        0.74610       -1.18420
H          1.36118        0.62068       -0.48725
