27

C          3.22826       -0.41326        1.27029
C          2.51326       -0.09031       -0.04253
O          2.54316        1.32704       -0.22337
C          3.06182       -0.81021       -1.31790
C          4.54200       -0.42567       -1.55268
C          2.95069       -2.34831       -1.14612
C          3.08870       -3.11956       -2.43143
N          1.88951       -3.35459       -3.23291
C          2.91482       -2.45874       -3.77703
C          2.64081       -1.00713       -3.83205
O          2.76085       -0.38320       -4.87987
C          2.20926       -0.35058       -2.52986
H          2.81276        0.19418        2.08229
H          4.29045       -0.16719        1.22646
H          3.11915       -1.46732        1.54322
H          1.45467       -0.35423        0.08243
H          3.45256        1.64143       -0.07994
H          5.16829       -0.69117       -0.69791
H          4.65322        0.65149       -1.72911
H          4.97095       -0.94360       -2.42022
H          1.98730       -2.60654       -0.68531
H          3.72125       -2.70116       -0.44962
H          3.78491       -3.94861       -2.36199
H          1.07737       -2.83963       -2.88565
H          3.45484       -2.86316       -4.62816
H          1.15368       -0.58836       -2.37764
H          2.28178        0.73389       -2.67193
