26

C          1.22242        0.87790       -1.05796
C          2.33059        0.21803       -0.69991
C          3.08013        0.32196        0.60595
O          2.54205        1.32362        1.45922
C          1.99215        0.89322        2.69365
C          2.83843       -0.15690        3.42727
N          3.31470       -1.30291        2.64518
C          2.30771       -1.99335        1.81676
C          0.90027       -1.94208        2.32378
C          0.04718       -0.73706        2.02377
C          0.51317        0.58526        2.56834
O         -0.32284        1.47346        2.77900
C          3.33646       -1.01020        1.22876
H          0.77650        0.70661       -2.03654
H          0.73746        1.59157       -0.40365
H          2.76649       -0.46912       -1.41992
H          4.07119        0.72110        0.32913
H          2.02522        1.78024        3.33896
H          2.31095       -0.51259        4.31976
H          3.74472        0.34375        3.79209
H          2.53976       -3.02950        1.56620
H          0.90668       -2.13077        3.40613
H          0.37639       -2.81029        1.90036
H         -0.92874       -0.91776        2.49849
H         -0.13404       -0.63809        0.95202
H          4.17125       -1.47876        0.70683
