27

C          0.92357       -0.00782        0.04384
C          2.44481       -0.04307        0.08295
C          3.02769        1.16041        0.83993
C          2.87366        0.83995        2.36157
C          3.82729       -0.32731        1.94716
C          4.52650        0.77775        1.09435
C          4.54922       -0.99588        2.98834
N          5.11793       -1.55405        3.82997
C          3.02011       -1.19456        0.95474
N          3.88734       -2.09831        0.17767
N          3.10029       -2.90442       -0.68402
C          3.78868       -3.74413       -1.52545
N          5.05746       -3.95316       -1.55959
H          0.57736        0.84483       -0.54955
H          0.48056        0.09131        1.03947
H          0.52610       -0.92211       -0.40772
H          2.82781       -0.06428       -0.94497
H          2.80984        2.16832        0.48814
H          1.87808        0.56355        2.71896
H          3.28361        1.59255        3.04724
H          5.10096        0.45067        0.22189
H          5.12445        1.51626        1.64257
H          2.23653       -1.75936        1.47680
H          4.37497       -2.72444        0.83194
H          2.25274       -2.50658       -1.09089
H          3.12333       -4.27751       -2.22515
H          5.47661       -3.32468       -0.86522
