44

C          0.68554       -0.01078        0.05931
C          2.20634        0.02000        0.11678
N          2.76573       -1.11440       -0.62033
C          4.23298       -1.12022       -0.55945
C          4.78276       -2.31814       -1.34650
C          6.33028       -2.39856       -1.41148
C          6.94949       -2.55938       -0.00150
C          8.47712       -2.65375        0.00637
N          8.99311       -2.71593        1.36910
C          6.72408       -3.59836       -2.31345
C          6.25355       -3.67034       -3.84012
C          6.74596       -5.04593       -4.31069
C          8.15599       -4.99746       -3.73476
O          9.14201       -5.11700       -4.74934
C          8.10199       -3.58969       -3.12416
N          7.34573       -2.62650       -4.02711
C          7.83832       -2.49662       -5.38265
H          0.27091        0.83918        0.61447
H          0.28967       -0.93013        0.50842
H          0.32255        0.05109       -0.97109
H          2.51867       -0.02117        1.16611
H          2.56148        0.96508       -0.30973
H          2.46335       -1.07131       -1.59425
H          4.54241       -1.18465        0.48746
H          4.63098       -0.19055       -0.98276
H          4.39099       -2.25637       -2.36873
H          4.38796       -3.25134       -0.92325
H          6.70235       -1.45759       -1.84061
H          6.53164       -3.45063        0.48233
H          6.66147       -1.69918        0.61719
H          8.91523       -1.79330       -0.51046
H          8.80245       -3.56567       -0.50049
H          8.75507       -1.85926        1.86770
H         10.00998       -2.75551        1.34275
H          6.52216       -4.52621       -1.75684
H          5.24024       -3.37258       -4.09817
H          6.71485       -5.16226       -5.39765
H          6.15205       -5.84826       -3.85937
H          8.32939       -5.77302       -2.98000
H          9.75482       -4.36566       -4.66809
H          9.00290       -3.19571       -2.65362
H          8.82085       -2.01672       -5.37166
H          7.16822       -1.83555       -5.93823
H          7.92314       -3.41434       -5.96815
