26

C          0.87536       -0.17353       -0.09087
C          2.37603        0.04710       -0.03622
N          2.72715        1.35668       -0.52704
C          3.43736        1.35975       -1.71738
O          3.87365        2.36735       -2.24860
C          3.53070       -0.05772       -2.23583
C          2.63550       -0.29086       -3.43806
O          3.48125       -0.71848       -4.52038
C          4.64913       -1.30297       -3.94437
C          4.90045       -0.59567       -2.61939
C          5.33142       -1.57038       -1.51445
C          4.13605       -1.67771       -0.61105
C          3.20604       -0.78050       -0.96192
H          0.37951        0.50443        0.61656
H          0.61216       -1.19800        0.18472
H          0.46407        0.04118       -1.08169
H          2.73479       -0.03524        0.99648
H          2.61320        2.21288       -0.00192
H          2.09711        0.60132       -3.77184
H          1.90108       -1.08597       -3.26430
H          5.49240       -1.18588       -4.63441
H          4.46378       -2.37863       -3.82518
H          5.63399        0.19780       -2.75947
H          6.14929       -1.12219       -0.93632
H          5.66855       -2.53968       -1.88513
H          4.19659       -2.15472        0.35774
