28

C          1.02036       -1.01754        2.49337
C          2.52782       -1.19445        2.39877
N          2.95741       -1.08678        0.99667
C          4.42183       -1.20136        0.87519
C          4.85630       -2.59018        1.25427
N          5.68414       -2.83580        2.22428
N          5.75189       -4.24296        2.40728
C          4.96093       -4.80277        1.54552
C          4.71069       -6.27045        1.49758
C          4.31477       -3.83175        0.60177
C          4.83127       -4.04081       -0.80937
C          4.14521       -3.12809       -1.78772
O          4.75893       -2.35041       -2.51296
H          0.68934       -1.16848        3.52620
H          0.49574       -1.74453        1.86405
H          0.71853       -0.01154        2.18479
H          2.77958       -2.17961        2.80640
H          3.02092       -0.43402        3.01525
H          2.68557       -0.16325        0.65166
H          4.93081       -0.45919        1.49965
H          4.71353       -1.01092       -0.16049
H          5.25131       -6.77171        2.30501
H          5.04681       -6.67492        0.54087
H          3.64009       -6.45770        1.61377
H          3.22629       -3.88254        0.68570
H          4.62835       -5.06402       -1.14575
H          5.91422       -3.88393       -0.87278
H          3.04726       -3.20996       -1.84664
