28

C          0.94441       -0.17868        0.03218
C          2.44602        0.00229       -0.00247
C          3.19490       -1.28376       -0.26618
N          4.21901       -1.15498       -1.05160
N          4.19588        0.11862       -1.52902
C          2.97347        0.85482       -1.13250
C          2.19810        1.16675       -2.44323
C          2.95695        2.53375       -2.54525
C          4.19102        2.54297       -3.45759
C          2.01700        3.67827       -2.92372
C          3.25889        2.37875       -1.00332
O          4.57593        2.76500       -0.55166
H          0.66696       -0.90120        0.80947
H          0.55218       -0.55594       -0.91525
H          0.45312        0.76908        0.26114
H          2.79511        0.36562        0.97369
H          2.92651       -2.21692        0.24517
H          5.09203        0.60259       -1.40140
H          1.11781        1.28909       -2.28418
H          2.32315        0.47306       -3.28094
H          3.92126        2.79659       -4.48894
H          4.69395        1.57384       -3.50430
H          4.92134        3.28240       -3.11604
H          1.80447        3.65975       -4.00153
H          2.46697        4.65058       -2.69105
H          1.05650        3.61494       -2.40703
H          2.50251        2.88048       -0.38250
H          4.64229        2.41876        0.35543
