28

C          0.84023       -0.80048       -0.15602
C          2.18894       -0.10035       -0.04016
C          3.07521       -0.17560       -1.30534
N          3.30253       -1.61100       -1.58208
C          4.70773       -1.89475       -1.21601
C          5.68596       -1.77204       -2.26145
C          5.51024       -0.63514       -1.12798
C          4.45580        0.44971       -0.98819
C          5.06479        1.61849       -1.72043
C          4.32128        2.88546       -1.95693
C          6.38475        1.43592       -1.92037
C          6.76465        0.10741       -1.37470
O          7.89840       -0.30261       -1.19742
H          0.31195       -0.71837        0.80034
H          0.95212       -1.87137       -0.36695
H          0.22887       -0.35119       -0.94601
H          2.72776       -0.54311        0.81096
H          2.01906        0.95213        0.21703
H          2.57390        0.31629       -2.14715
H          3.17360       -1.76244       -2.58631
H          4.84097       -2.62981       -0.42999
H          5.41650       -1.52726       -3.27815
H          6.55043       -2.42977       -2.17828
H          4.45891        0.75343        0.06839
H          3.24472        2.70965       -2.03441
H          4.64812        3.37461       -2.88070
H          4.49083        3.57209       -1.12241
H          7.10739        2.12501       -2.32116
