28

C          1.02344       -0.22634       -0.17200
C          2.51189        0.01845       -0.13683
C          2.97896        1.27739       -0.33178
C          4.42829        1.69175       -0.14894
C          4.88314        1.51146        1.33328
C          4.36047        0.28249        2.07514
C          3.79975        0.43134        3.29319
C          4.33589       -1.02532        1.38693
N          4.75824       -1.18513        0.00375
C          3.32100       -1.16814        0.25938
C          4.81824        3.07530       -0.64178
C          4.69053        3.40869       -2.10948
O          3.78205        3.93390       -1.13032
H          0.45196        0.69674       -0.32394
H          0.69693       -0.65315        0.78350
H          0.76786       -0.92344       -0.97215
H          2.27192        2.07151       -0.56390
H          5.04369        1.03672       -0.77831
H          4.59030        2.41623        1.88594
H          5.98106        1.49151        1.36598
H          3.73484        1.39715        3.78250
H          3.35241       -0.41235        3.80717
H          4.53480       -1.88427        2.01881
H          5.07298       -2.13762       -0.17706
H          2.81718       -2.12504        0.16400
H          5.65556        3.51644       -0.11200
H          4.31973        2.64884       -2.78559
H          5.41082        4.08972       -2.54487
