28

C          1.14643        0.15456       -0.00645
C          2.66823        0.04519       -0.03777
C          3.19478       -0.97013        0.97942
C          3.59343       -0.18622        2.23021
N          4.75193       -0.84729        2.85520
C          5.41531       -0.34491        3.94906
N          5.64895       -0.98624        5.03545
C          5.94145        1.01530        3.75605
N          5.91213        2.18492        4.59807
C          4.71352        1.99724        3.84303
C          4.33336        2.23641        2.45801
C          3.84328        1.22202        1.71049
C          3.37162        1.36571        0.29328
H          0.69060       -0.81425       -0.24095
H          0.79977        0.86996       -0.76007
H          0.77544        0.47778        0.97069
H          2.94780       -0.27532       -1.04776
H          4.05438       -1.50093        0.55066
H          2.44942       -1.73441        1.23079
H          2.76126       -0.16728        2.93843
H          4.58433       -1.84206        2.93781
H          5.21677       -1.91033        4.99771
H          6.67185        1.09195        2.95744
H          6.48669        2.92968        4.20932
H          3.87497        1.74152        4.48552
H          4.44966        3.23369        2.04735
H          4.23335        1.50612       -0.36896
H          2.70035        2.22396        0.17891
