29

C          0.82470       -0.21869       -0.05575
C          2.33115       -0.01411        0.03557
N          3.04503       -1.33259       -0.04720
C          4.43050       -1.25817       -0.13363
N          5.28440       -1.78349        0.66459
C          4.89038       -0.41708       -1.26585
C          4.87756       -1.10436       -2.62841
N          3.60765       -1.74861       -2.97648
C          5.70657        0.82109       -1.38971
O          6.82528        0.90771       -0.48856
C          4.36451        1.02639       -0.79991
C          2.89539        1.00376       -1.05697
N          2.39355        2.36932       -0.91753
H          0.49839       -1.02530        0.61021
H          0.51372       -0.47530       -1.07236
H          0.29240        0.69151        0.24505
H          2.54530        0.38541        1.03693
H          2.72355       -1.71078       -0.94750
H          4.74447       -2.29011        1.37140
H          5.66146       -1.87603       -2.62330
H          5.14195       -0.41856       -3.44053
H          3.61998       -2.69054       -2.57272
H          3.63558       -1.93266       -3.98507
H          5.84523        1.29900       -2.35500
H          6.82134        0.16138        0.14450
H          4.49505        1.33828        0.24076
H          2.65790        0.65455       -2.06706
H          2.53871        2.70236        0.03522
H          1.38790        2.38871       -1.07721
