28

C          1.35107       -0.39166        0.02154
C          2.81411       -0.04077        0.26895
C          3.74695       -1.24374        0.09503
O          3.71051       -1.51358       -1.39004
C          4.41949       -0.17294       -1.39195
C          5.23276       -0.77659       -0.20210
C          6.08725        0.13275        0.66419
N          6.91281        1.05207       -0.14909
N          6.36730        2.38036       -0.18006
C          5.24366        2.53055       -0.96466
N          5.28301        2.94494       -2.18764
C          3.90225        2.16581       -0.36727
C          3.37550        0.82513       -0.87547
H          0.99850       -1.14073        0.73681
H          1.19000       -0.79148       -0.98431
H          0.73079        0.50469        0.12333
H          2.92598        0.40097        1.26356
H          3.60345       -2.14394        0.69576
H          4.95494        0.00281       -2.32620
H          5.86733       -1.62562       -0.50873
H          6.78256       -0.48951        1.24050
H          5.49824        0.66527        1.41812
H          7.06671        0.69060       -1.09552
H          6.23182        2.72719        0.77257
H          6.26337        3.17026       -2.39799
H          3.17812        2.95319       -0.59690
H          4.00010        2.17902        0.72628
H          2.63436        1.00986       -1.66305
