28

C          1.04576        0.08209        0.01871
C          2.55676        0.04822       -0.10133
O          2.94717        1.06169       -1.02269
N          4.34460        1.07274       -1.12316
C          4.76432        2.01875       -1.92344
C          3.81799        2.99220       -2.65415
C          4.08248        2.96807       -4.14422
C          3.22863        2.43869       -5.03464
C          5.34653        3.55583       -4.56561
C          5.38283        4.83312       -4.98664
C          6.59557        2.70065       -4.43707
N          6.57651        1.68022       -3.37213
N          6.13741        2.22909       -2.11727
H          0.68968       -0.68338        0.71335
H          0.57779       -0.08004       -0.95813
H          0.70944        1.06319        0.37108
H          2.88526       -0.92941       -0.46986
H          3.01489        0.24108        0.87506
H          3.99787        3.99785       -2.25299
H          2.76567        2.77016       -2.45745
H          2.29975        1.97638       -4.71466
H          3.45153        2.42026       -6.09676
H          4.47921        5.43534       -5.04333
H          6.31071        5.31049       -5.28324
H          7.47031        3.34598       -4.28400
H          6.74948        2.17903       -5.39003
H          7.50492        1.26835       -3.26884
H          6.35654        3.22503       -2.05777
