30

C          1.08180       -0.13316       -0.00315
C          2.60116        0.04755       -0.00977
C          3.11259        0.08300       -1.46774
C          4.64255        0.12645       -1.57520
C          5.17497        0.00113       -2.98549
C          4.84239        1.09439       -3.96261
C          5.98728       -1.00505       -3.34643
N          3.07095        1.23044        0.73967
O          4.27347        0.97701        1.41957
C          2.28181        2.14615        1.41217
N          1.05856        2.47336        1.17297
C          0.49740        3.37606        2.02106
N         -0.73274        3.66065        1.80553
H          0.80726       -1.08961       -0.46158
H          0.57635        0.65476       -0.57350
H          0.68382       -0.13895        1.01716
H          3.01755       -0.84429        0.47738
H          2.67647        0.94503       -1.98653
H          2.74637       -0.81485       -1.98790
H          5.06406       -0.66740       -0.94601
H          5.01589        1.07406       -1.17726
H          4.20900        1.86393       -3.51114
H          4.31024        0.68885       -4.82918
H          5.75664        1.59014       -4.30725
H          6.27551       -1.78798       -2.65064
H          6.40259       -1.06369       -4.34864
H          4.93030        1.48832        0.90843
H          2.84383        2.62406        2.23949
H          1.05053        3.83756        2.85773
H         -0.99515        3.09447        0.98880
