26

C          1.04568       -0.09196        0.28272
C          2.54747       -0.23451        0.14114
N          3.31215        0.84345        0.82743
C          4.38076       -0.14772        1.13642
C          4.86330        0.03073        2.50499
C          5.29489        0.11581        3.62303
C          5.55694       -0.05921        0.16386
C          5.52793       -0.13422       -1.34301
C          5.88373        1.16138       -0.66982
C          3.29601       -1.26123        1.02137
C          3.68374       -2.60729        0.40665
O          4.63745       -3.28651        1.10412
O          3.17990       -3.10716       -0.59445
H          0.68702        0.76509       -0.29879
H          0.73334        0.04195        1.32202
H          0.54574       -0.98382       -0.11063
H          2.78191       -0.31404       -0.92524
H          2.85269        1.21036        1.65849
H          5.70669        0.18260        4.60282
H          6.40479       -0.57447        0.61400
H          4.59484       -0.16378       -1.88990
H          6.32263       -0.68221       -1.83738
H          5.15945        1.96781       -0.72899
H          6.91268        1.49308       -0.71932
H          2.76093       -1.43854        1.96986
H          4.94567       -2.82302        1.90672
