25

C          0.76979        0.41001        0.48202
C          2.26700        0.34476        0.40265
O          2.87496        0.37485        1.70049
C          2.80959       -0.47686       -0.71794
C          3.07404        1.03490       -0.70608
C          2.35552        1.91074       -1.70043
C          4.51469        1.48908       -0.46051
O          5.40316        0.94932       -1.46261
C          5.30614       -0.43502       -1.60997
C          5.73502       -1.00081       -2.74484
S          4.33704       -1.41967       -0.51037
O          4.05964       -2.73133       -1.06112
O          4.77440       -1.26457        0.86638
H          0.39889       -0.39264        1.12929
H          0.29016        0.27827       -0.49410
H          0.44488        1.36833        0.89530
H          3.46389       -0.39074        1.87232
H          2.14353       -0.86422       -1.47533
H          1.41271        1.47899       -2.04521
H          2.97961        2.07955       -2.58499
H          2.14092        2.88466       -1.24714
H          4.90018        1.24054        0.53359
H          4.57861        2.58079       -0.53904
H          6.21549       -0.40471       -3.51380
H          5.57132       -2.05247       -2.96628
