21

C          1.10875       -0.44278        0.12508
C          2.51090        0.13045       -0.01502
C          2.98022        0.74705        1.28589
N          2.65571        2.08107        1.42952
C          3.03809        2.54485        2.63944
C          2.87219        3.79425        3.16527
O          3.38990        3.82686        4.43359
C          3.88885        2.57964        4.70458
C          3.69364        1.75892        3.62137
C          4.05390        0.42446        3.52102
C          3.64866       -0.06607        2.26678
O          3.89827       -1.38452        1.96950
H          0.78633       -0.89348       -0.81858
H          0.38551        0.33495        0.39352
H          1.07390       -1.21457        0.90099
H          2.51480        0.90608       -0.79044
H          3.19986       -0.64824       -0.35829
H          2.43144        4.71271        2.80782
H          4.32604        2.45942        5.68449
H          4.55092       -0.15066        4.28520
H          4.38691       -1.78842        2.70629
