25

C          2.03795       -0.13585       -3.18651
C          2.64585        1.00067       -2.44151
N          2.03468        1.50702       -1.23396
C          3.30951        0.77233       -1.09290
C          4.55926        1.56696       -0.75155
C          4.79064        2.92480       -0.98099
O          3.89987        3.80776       -1.46692
C          6.08706        3.16367       -0.56149
C          6.55378        1.99437       -0.06343
C          7.88094        2.05953        0.54568
C          8.05413        3.63461        0.51495
N          6.98162        4.15373       -0.38972
O          5.66472        0.99357       -0.13293
H          1.49141        0.23845       -4.05812
H          1.34132       -0.71679       -2.57322
H          2.82222       -0.81021       -3.54503
H          3.09558        1.72041       -3.11671
H          1.27051        0.91228       -0.91040
H          3.27707       -0.23633       -0.69305
H          3.02334        3.37229       -1.50532
H          8.63605        1.57935       -0.08354
H          7.93172        1.67130        1.56456
H          9.04662        3.92421        0.15666
H          7.90345        4.04607        1.52007
H          6.67435        5.11498       -0.27314
