30

C          1.40273        0.08381       -0.40316
C          2.90270       -0.00788       -0.18096
C          3.38707       -1.32408       -0.81330
N          3.97164       -0.11988       -1.21005
C          3.77349        0.93713       -2.15331
C          4.54325        2.15842       -1.53449
C          3.64576        3.27701       -0.97777
O          2.50745        2.84153       -0.25530
C          2.75920        2.24670        1.01706
C          3.47793        0.87633        0.94973
C          5.01029        1.14255        0.87147
C          5.57725        1.73866       -0.44829
O          6.40580        2.86150       -0.11079
H          1.03619       -0.63702       -1.14360
H          1.06937        1.06262       -0.75024
H          0.88493       -0.14105        0.53617
H          2.80101       -1.84832       -1.55785
H          3.97641       -1.98371       -0.18555
H          2.73884        1.18629       -2.41069
H          4.26598        0.65980       -3.09170
H          5.12163        2.62199       -2.34750
H          3.26044        3.85155       -1.82816
H          4.20794        3.99437       -0.36777
H          1.77322        2.09822        1.47346
H          3.28546        2.95940        1.66201
H          3.29388        0.35830        1.89994
H          5.52668        0.18960        1.05420
H          5.29913        1.78169        1.71703
H          6.26634        1.00130       -0.88319
H          6.90574        3.09791       -0.91163
