31

C          0.84217        0.13063       -0.18632
C          2.36121        0.01621       -0.20728
C          2.99954        1.38047       -0.46950
C          4.54163        1.34119       -0.54956
O          5.03152        0.42298       -1.54806
C          4.74117        0.79284       -2.88542
C          5.36607       -0.10504       -3.92622
N          4.75421       -0.27194       -5.05421
N          5.46675       -0.93327       -5.99194
C          5.10643        2.77653       -0.71442
O          4.66257        3.61316        0.35972
C          6.63975        2.79431       -0.80914
O          7.09632        4.12371       -1.05901
H          0.38409       -0.85206       -0.03908
H          0.46708        0.54185       -1.12988
H          0.50899        0.78572        0.62576
H          2.65561       -0.70145       -0.98026
H          2.70486       -0.37797        0.75615
H          2.68937        2.06451        0.33068
H          2.59221        1.78968       -1.40059
H          4.89915        0.95509        0.41291
H          5.16792        1.77560       -3.09616
H          3.66301        0.81854       -3.05388
H          6.38750       -0.48463       -3.72620
H          4.86553       -1.15895       -6.78715
H          5.84798       -1.81877       -5.65925
H          4.70441        3.23390       -1.62324
H          5.42665        3.80667        0.93202
H          7.02407        2.14638       -1.60399
H          7.09391        2.47619        0.13553
H          6.63336        4.45389       -1.85120
