32

C          1.04377        1.10183       -2.36998
C          1.88743        1.83821       -1.34000
C          2.88900        0.94305       -0.65119
C          3.90927        0.19204       -1.47791
C          4.83019        1.06482       -2.36253
C          5.66566        2.01015       -1.51807
C          5.68541        3.34348       -1.64695
C          5.71518        0.14900       -3.19795
N          5.11213       -0.71229       -4.22885
C          5.95443        0.39206       -4.67356
C          7.26595        0.06000       -5.30004
C          3.13017        1.12028        0.83592
O          2.27071        0.09249        0.33559
H          0.24051        1.74923       -2.73570
H          0.58968        0.20174       -1.94205
H          1.64720        0.79893       -3.23062
H          1.21030        2.27752       -0.59572
H          2.40185        2.67876       -1.81646
H          3.36505       -0.51900       -2.11129
H          4.53200       -0.43083       -0.82089
H          4.20440        1.65908       -3.04124
H          6.30106        1.55173       -0.76125
H          5.08244        3.86140       -2.38344
H          6.32008        3.94969       -1.00440
H          6.50484       -0.31893       -2.61877
H          4.12700       -0.49542       -4.37247
H          5.45157        1.21074       -5.17223
H          7.75476       -0.79259       -4.81448
H          7.94025        0.91877       -5.23778
H          7.12746       -0.18832       -6.35682
H          2.66213        1.94694        1.35483
H          4.07926        0.81452        1.25727
