24

N          3.21933       -0.44796        1.25761
C          2.57602       -0.10224        0.00179
C          2.99209        1.24013       -0.47900
C          3.58908        1.50427       -1.64188
O          3.79964        2.83675       -1.92808
C          2.90222        3.50413       -0.96537
C          1.61455        4.11309       -1.64231
N          2.37868        5.36701       -1.84296
C          3.21714        5.00038       -0.67546
C          2.73671        2.53533        0.23262
C          1.33508        2.56685        0.81985
C          0.13276        2.59389        1.32357
H          2.89041       -1.36821        1.54817
H          2.90243        0.19308        1.98017
H          1.48477       -0.14112        0.12065
H          2.82908       -0.86570       -0.74406
H          3.91897        0.82433       -2.40477
H          0.73763        4.26038       -1.00633
H          1.29016        3.62524       -2.56764
H          1.83836        6.22427       -1.75314
H          2.82794        5.37685        0.27916
H          4.26693        5.29375       -0.77040
H          3.49099        2.71003        1.00751
H         -0.85083        2.61290        1.73432
