31

C          0.94111        0.15625       -0.03876
C          2.45910        0.01956       -0.21514
N          2.88635       -1.37627       -0.02487
C          2.38802       -2.31911       -1.03759
C          2.80821       -3.75940       -0.93546
C          1.37726       -3.37437       -0.66285
C          0.29044       -3.73537       -1.61760
O          0.14070       -5.14716       -1.64610
C          2.99666        0.61370       -1.48808
C          2.34148        1.19663       -2.49971
C          3.28194        1.65264       -3.55088
N          4.61830        1.23865       -3.10158
C          4.46244        0.62632       -1.76706
H          0.62588       -0.22247        0.93982
H          0.38578       -0.39298       -0.80728
H          0.63541        1.20723       -0.09438
H          2.91707        0.59293        0.60225
H          2.62412       -1.67748        0.91288
H          2.36565       -1.93479       -2.05670
H          3.42044       -4.06262       -0.09363
H          3.05542       -4.26693       -1.86033
H          1.03724       -3.44230        0.36396
H          0.48924       -3.38447       -2.63575
H         -0.65874       -3.29947       -1.28966
H          0.98637       -5.51168       -1.95738
H          1.27350        1.32897       -2.57032
H          3.23055        2.74082       -3.66088
H          3.04835        1.18897       -4.51351
H          5.21212        2.06064       -3.01916
H          4.99442        1.22059       -1.01609
H          4.88541       -0.38245       -1.78459
