27

C          0.99657        0.17350        0.57990
C          2.50248        0.06255        0.52547
C          3.31722        0.10323        1.88023
C          4.10458       -1.26844        2.00483
C          4.54070       -1.23197        0.52005
C          5.23492        0.18957        0.61107
N          4.48300        0.97343        1.61797
C          5.44971       -2.05483       -0.34127
C          6.42899       -2.92233       -0.05395
C          3.10786       -1.17267       -0.02064
C          2.30205       -2.47093       -0.04509
O          2.68824       -1.77696       -1.24402
H          0.71171        1.23201        0.58750
H          0.57067       -0.30327        1.46392
H          0.53312       -0.26021       -0.31422
H          2.81063        0.88272       -0.14075
H          2.73818        0.39500        2.76240
H          3.43729       -2.09449        2.28144
H          4.93706       -1.23807        2.72505
H          5.26122        0.71005       -0.36144
H          6.26206        0.08719        0.99939
H          4.18192        1.86383        1.22203
H          5.31813       -1.83696       -1.40660
H          6.70410       -3.19132        0.95627
H          7.00864       -3.33826       -0.87576
H          1.26033       -2.45897        0.26299
H          2.80969       -3.39743        0.23111
