32

C          1.34181        0.45153       -1.04108
C          2.33225       -0.02729        0.01866
C          3.04647        1.06706        0.83258
C          2.06014        1.98984        1.61073
C          2.83611        3.29344        1.86415
C          3.78555        3.39139        0.68612
N          3.77439        4.61869       -0.10513
C          5.02874        2.51484        0.64926
C          3.78660        2.07616       -0.02177
C          5.35683        1.54289        1.74048
O          6.58820        0.89959        1.42865
C          4.16372        0.53522        1.82751
C          4.58014       -0.92479        1.64664
H          0.91062       -0.41345       -1.55657
H          1.82926        1.06928       -1.80067
H          0.51302        1.01778       -0.61119
H          3.07516       -0.63512       -0.51058
H          1.79849       -0.69528        0.70563
H          1.69257        1.53961        2.53819
H          1.18604        2.23908        1.00049
H          3.38833        3.25053        2.80852
H          2.14731        4.14261        1.92114
H          3.97785        5.42745        0.48080
H          2.85096        4.78334       -0.50478
H          5.87514        2.85821        0.07116
H          3.73708        2.00733       -1.09339
H          5.49182        2.06434        2.69162
H          6.51340        0.55833        0.52184
H          3.76609        0.59666        2.85001
H          4.96457       -1.12409        0.64178
H          3.73423       -1.59589        1.83317
H          5.36058       -1.19497        2.36716
