27

C          0.99007        0.10545       -0.99599
C          2.48050        0.10385       -1.06919
C          3.26491        1.16071       -0.79851
C          4.74123        1.01753       -0.95299
O          5.23426        0.02348       -1.47473
N          5.45973        2.08687       -0.44644
N          6.86281        2.16440       -0.70765
C          7.66483        1.05443       -0.20360
C          7.38024        3.43985       -0.91811
N          8.50865        3.85896       -0.41795
C          6.69562        4.48470       -1.74473
C          5.82551        4.18156       -2.71484
N          5.14822        5.06370       -3.51847
H          0.60960       -0.88732       -1.26240
H          0.56329        0.82172       -1.70408
H          0.64134        0.33258        0.01528
H          2.93645       -0.83761       -1.37614
H          2.85669        2.11387       -0.48909
H          5.01268        2.95644       -0.17277
H          7.06981        0.17810        0.06833
H          8.22231        1.33460        0.69465
H          8.37458        0.74604       -0.97841
H          8.94115        3.13162        0.14731
H          6.99113        5.50850       -1.54684
H          5.59637        3.14330       -2.95417
H          5.57078        5.98883       -3.56205
H          4.93323        4.69275       -4.44314
