30

C          0.58014       -0.14897        0.23509
N          1.84256        0.50444       -0.12301
C          2.91421       -0.52899       -0.18506
C          4.04101        0.13631        0.58500
C          4.45663        1.37754       -0.24691
C          3.47461        2.43443        0.29723
N          4.27101        3.21021        1.29870
C          4.59653        2.57467        2.36945
C          5.72412        3.07912        3.23795
N          4.03807        1.37258        2.72406
C          3.22005        0.66155        1.78463
C          2.33689        1.53242        0.89645
C          1.21033        2.39684        1.45373
H          0.38891       -0.99757       -0.43225
H         -0.26411        0.53561        0.11258
H          0.57906       -0.52938        1.26312
H          3.17932       -0.76479       -1.21956
H          2.63809       -1.46302        0.32243
H          4.87934       -0.51854        0.83112
H          4.30088        1.22936       -1.32332
H          5.50209        1.65371       -0.09948
H          3.11571        3.11178       -0.48264
H          5.98697        4.10774        2.98778
H          6.59831        2.44119        3.04409
H          5.47016        2.99543        4.29324
H          4.54047        0.80949        3.40324
H          2.67047       -0.12626        2.31373
H          0.59765        2.77945        0.62424
H          1.57575        3.27687        1.99027
H          0.54620        1.84068        2.12174
