27

N          0.90062        0.08494        0.02561
C          2.36727        0.05704        0.02083
C          3.11294        0.05775       -1.28693
C          3.17515        1.25770       -0.39963
O          2.47993        2.44277       -0.85777
C          3.25466        3.57311       -0.34922
C          3.70747        4.45251       -1.51813
C          2.52245        5.01370       -2.30684
C          2.97505        5.88047       -3.47484
O          1.84025        6.37295       -4.17594
C          4.43079        2.96472        0.39256
C          4.36808        1.62708        0.33573
H          0.51574       -0.85555        0.07495
H          0.54770        0.50584       -0.83410
H          2.78789       -0.54619        0.82206
H          2.55279        0.14831       -2.20843
H          3.99263       -0.57057       -1.37101
H          2.61881        4.13209        0.34665
H          4.33256        3.86331       -2.20160
H          4.32458        5.27827       -1.14301
H          1.87540        5.60613       -1.64832
H          1.89621        4.19844       -2.68905
H          3.59662        5.31581       -4.17714
H          3.55095        6.74150       -3.12188
H          1.32760        5.60383       -4.47925
H          5.18857        3.53362        0.90952
H          5.06263        0.93741        0.78767
