29

C          2.26575       -1.36620        0.11724
C          3.61552       -1.38300        0.81169
C          3.78509       -0.45446        1.78710
O          4.93538       -0.00237        2.40509
C          5.81660       -0.95943        2.82461
C          6.80940       -1.40002        2.03319
C          7.24494       -2.85101        1.99243
N          6.42677       -3.71236        2.86770
C          5.11565       -3.89101        2.18717
C          5.33103       -3.54710        0.69615
C          4.69869       -2.22082        0.11643
C          6.88498       -3.57010        0.65509
N          7.52456       -3.17448       -0.60647
H          1.63593       -2.20079        0.43074
H          2.38869       -1.39913       -0.97171
H          1.72331       -0.43151        0.31601
H          2.96019        0.15445        2.14980
H          5.40125       -1.47983        3.67449
H          7.08560       -0.78645        1.17858
H          8.31369       -2.92971        2.21960
H          6.33388       -3.33915        3.80167
H          4.31823       -3.32172        2.65870
H          4.85867       -4.94960        2.28262
H          4.95401       -4.37707        0.08265
H          4.27695       -2.52972       -0.85318
H          5.47778       -1.52231       -0.20916
H          7.18552       -4.62634        0.76917
H          8.26703       -3.86134       -0.82918
H          8.01796       -2.29833       -0.48592
