28

C          1.03979       -0.07342       -1.26148
C          2.29424       -0.14561       -0.39997
O          3.30967       -0.90595       -1.04873
C          4.35705       -1.42052       -0.21295
C          4.36094       -0.97806        1.23740
C          4.14218       -1.86587        2.23750
C          4.47243        0.51460        1.62238
C          3.05478        1.10768        1.59045
C          2.80951        1.25004        0.07226
C          4.20322        1.71470       -0.46855
C          5.15834        1.56155        0.72409
O          5.18578        2.82307        1.43647
H          0.53997       -1.05251       -1.23400
H          1.24549        0.14324       -2.31120
H          0.32647        0.65263       -0.86052
H          1.94822       -0.73375        0.45931
H          5.32797       -1.18553       -0.68014
H          4.26552       -2.50796       -0.27141
H          3.95952       -2.91210        2.02750
H          4.08854       -1.56305        3.27235
H          4.94074        0.56989        2.61197
H          3.00713        2.09049        2.07187
H          2.30806        0.48972        2.09778
H          2.06057        2.02235       -0.12483
H          4.15961        2.75705       -0.80987
H          4.55756        1.12105       -1.31648
H          6.19134        1.35027        0.44314
H          5.32115        2.64411        2.38563
