24

C          1.56642       -0.42934       -0.27821
N          2.75387       -0.00361        0.46549
C          4.05038        0.14959       -0.25243
C          4.58883        1.50400        0.27345
C          3.32299        2.29537        0.61572
O          2.54262        2.70719       -0.51984
N          3.38958        3.12088       -1.57108
C          3.65073        2.23718       -2.59088
O          4.29342        2.53481       -3.58665
O          3.12770        0.99948       -2.39273
C          4.02821        0.06576       -1.78630
C          2.59198        1.12650        1.24929
N          2.01287        1.14424        2.40850
H          1.77368       -1.30046       -0.90135
H          1.18495        0.37915       -0.91770
H          0.76200       -0.69763        0.41220
H          4.72193       -0.63830        0.11020
H          5.26440        2.00095       -0.42670
H          5.15710        1.33822        1.19901
H          3.47040        3.13321        1.30024
H          3.42362        4.10452       -1.78653
H          5.04332        0.20937       -2.18218
H          3.71736       -0.93530       -2.09764
H          2.12084        2.05924        2.85222
