24

N          1.09712        0.13864       -0.21316
C          2.56381        0.08755        0.00877
C          3.05203        1.16961        0.95792
O          4.07395        0.60610        1.77414
C          4.03271       -0.75997        1.71539
O          4.70899       -1.47421        2.44186
C          3.05011       -1.22011        0.65089
N          3.46493       -2.24800       -0.34652
C          4.77498       -2.32563       -0.83298
C          5.83304       -1.55049       -0.57143
C          2.49096       -3.14856       -0.82201
N          1.19659       -2.72776       -0.72369
S          2.72382       -4.66930       -1.48483
H          0.84052        1.05691       -0.58240
H          0.60698        0.06958        0.68488
H          3.04050        0.22639       -0.96821
H          2.26593        1.54177        1.62542
H          3.45580        2.02559        0.40777
H          2.23171       -1.65297        1.24541
H          4.95914       -3.12572       -1.54935
H          5.86036       -0.70475        0.09737
H          6.78330       -1.78638       -1.04740
H          1.00110       -1.72919       -0.80299
H          0.51763       -3.31885       -1.18994
