28

C          0.92521       -0.09462       -0.07196
N          2.36745        0.10425        0.04717
C          2.68189        1.30286        0.84462
C          2.55950        2.60969        0.06232
C          3.26695        2.58544       -1.31154
C          3.00987        3.92860       -2.01020
N          4.73026        2.39305       -1.19202
N          5.30743        1.18847       -0.92046
C          4.55021        0.13025       -0.99976
C          3.05108        0.13813       -1.27662
C          2.74763        1.38359       -2.14482
N          3.38528        1.32220       -3.48853
H          0.46464       -0.14191        0.92249
H          0.70832       -1.05171       -0.55734
H          0.42185        0.69980       -0.63130
H          3.70338        1.20944        1.23866
H          2.05319        1.34332        1.74124
H          2.94762        3.42964        0.67827
H          1.49214        2.82133       -0.09097
H          3.34572        4.76604       -1.38666
H          1.93994        4.06882       -2.20194
H          3.53134        4.00699       -2.96990
H          5.20291        3.17066       -0.73132
H          5.00593       -0.85016       -0.78804
H          2.81824       -0.78217       -1.82647
H          1.67015        1.47383       -2.32071
H          4.36581        1.60481       -3.34578
H          3.43340        0.35883       -3.81417
