22

C          1.10041       -0.01742       -0.04668
C          2.58456       -0.00375        0.11008
C          3.27678        0.03078        1.26941
C          2.62739        0.14381        2.62610
O          2.46473       -1.15257        3.19726
C          4.70867        0.06089        1.28275
C          5.59428       -0.41574        2.23387
N          5.48356       -1.04587        3.41044
O          6.85757       -0.15554        1.79513
C          6.66631        0.46642        0.59509
N          5.40584        0.61134        0.23086
C          7.82698        0.88214       -0.11681
N          8.77740        1.22233       -0.69457
H          0.84586       -0.22216       -1.09246
H          0.67083        0.95341        0.21550
H          0.64089       -0.80280        0.56053
H          3.14322       -0.03913       -0.82628
H          1.64458        0.62478        2.57371
H          3.22185        0.75342        3.31625
H          1.73327       -1.57020        2.70852
H          4.58846       -1.47042        3.66143
H          6.29381       -1.51390        3.80182
