28

C          1.17242        0.33874       -0.43270
C          2.64907        0.21199       -0.07289
C          2.96472       -0.41995        1.31944
C          2.26055        0.43348        2.40563
C          2.44175       -1.87991        1.42756
C          3.06555       -2.79452        0.45762
N          3.59578       -3.50681       -0.29622
C          4.52248       -0.36358        1.50275
C          5.07081       -0.98982        2.77517
N          4.78350       -0.31082        3.94791
C          5.81087       -2.11890        2.73053
C          6.39329       -2.60375        4.04815
N          6.87645       -3.00598        5.14122
H          1.06720        0.91664       -1.35656
H          0.59950        0.86589        0.33429
H          0.71529       -0.64071       -0.59689
H          3.08884        1.21758       -0.11009
H          3.14634       -0.36020       -0.86598
H          1.17116        0.38836        2.31715
H          2.56298        1.48476        2.33245
H          2.47175        0.09000        3.41995
H          1.35731       -1.90602        1.29568
H          2.62705       -2.26877        2.43846
H          4.85012        0.68627        1.47921
H          5.00912       -0.82699        0.63400
H          4.69121        0.69883        3.86208
H          5.29454       -0.58074        4.78831
H          6.06501       -2.66300        1.83025
