23

C          3.04528       -1.25582        0.24380
C          4.04280       -1.44561       -0.89878
O          3.23464       -1.59188       -2.08940
N          3.97599       -1.08062       -3.17053
C          4.40614       -2.09619       -3.82508
O          5.51691       -1.99321       -4.56506
C          6.55643       -2.59578       -3.92270
O          7.28590       -3.40226       -4.49661
C          6.77740       -2.15656       -2.46453
C          6.07067       -3.00296       -1.41828
C          6.74930       -4.32544       -1.12328
C          4.94293       -2.67398       -0.74267
H          2.24192       -0.57589       -0.06646
H          3.52549       -0.83843        1.13082
H          2.56066       -2.19844        0.51972
H          4.64943       -0.53451       -0.97103
H          4.08480       -3.14428       -3.69285
H          6.54428       -1.09221       -2.36521
H          7.86220       -2.20146       -2.29397
H          6.20773       -5.14145       -1.61414
H          6.79450       -4.52535       -0.04733
H          7.78206       -4.34552       -1.49404
H          4.58034       -3.38725       -0.00040
