25

C          1.07138        0.62776        0.66320
C          2.57162        0.49345        0.49503
O          3.01006       -0.68644        1.16448
C          4.37980       -0.93355        0.92278
O          5.22983        0.10396        1.46494
C          6.32600       -0.44033        2.07504
N          7.28285        0.37344        2.28449
C          8.58738       -0.07246        2.71644
N          6.09493       -1.78298        2.24540
C          6.84014       -2.66837        3.10412
C          4.94811       -2.18234        1.60876
N          4.41814       -3.35554        1.51121
H          0.71558        1.56675        0.22837
H          0.79497        0.59961        1.72167
H          0.55352       -0.20286        0.17248
H          3.06661        1.36661        0.93401
H          2.81818        0.44117       -0.57189
H          4.57591       -1.01421       -0.15406
H          9.31366        0.72025        2.51316
H          8.92074       -0.95295        2.15962
H          8.61406       -0.26448        3.79213
H          7.57156       -2.15874        3.73110
H          7.36518       -3.42203        2.50770
H          6.16640       -3.18811        3.79482
H          4.95593       -4.05004        2.02910
