29

C          0.97051        0.08306       -0.02078
C          2.48843       -0.03405       -0.10259
C          3.10453       -1.01718        0.92217
C          2.67131       -2.49964        0.69607
O          3.02907       -2.88536       -0.64415
C          2.50647       -4.14900       -1.04001
C          3.34809       -3.42435        1.67906
C          3.14151       -3.35322        3.17004
O          2.45125       -4.31643        2.36508
C          4.61702       -0.88718        0.86515
C          5.32163        0.36689        1.32846
N          5.40350       -0.86635        2.10056
H          0.62176        0.82309       -0.74897
H          0.65924        0.42265        0.97290
H          0.47962       -0.86236       -0.24381
H          2.90372        0.96790        0.06704
H          2.77987       -0.31103       -1.12249
H          2.76136       -0.71131        1.91975
H          1.58019       -2.57036        0.79878
H          3.02946       -4.45752       -1.94990
H          1.43943       -4.06395       -1.26049
H          2.67246       -4.92284       -0.28561
H          4.29251       -3.81595        1.32099
H          2.56934       -2.53674        3.58887
H          3.94524       -3.71485        3.80145
H          5.05937       -1.40397        0.01894
H          4.74594        1.17569        1.75959
H          6.22186        0.66091        0.80171
H          4.81509       -0.80148        2.92924
