26

C          4.92890        2.27105       -0.43476
C          3.41816        2.37331       -0.09882
C          2.69144        2.06588       -1.46033
O          1.26448        2.06416       -1.39966
C          3.03114        1.29659        0.90285
C          3.31169        1.24720        2.21327
C          4.13571        2.14660        2.99185
N          4.69659        1.57521        4.12271
C          4.37145        3.43709        2.70311
C          3.90695        4.30446        1.59407
O          4.21987        5.49591        1.62902
C          3.09645        3.75481        0.46663
C          2.16568        4.61670        0.01188
H          5.17651        1.28737       -0.85231
H          5.57881        2.41395        0.43392
H          5.21497        3.02586       -1.17787
H          2.99216        1.08160       -1.84167
H          2.98089        2.79973       -2.22197
H          0.98210        1.43253       -0.71898
H          2.46621        0.45122        0.51214
H          2.92561        0.38483        2.75652
H          4.14721        0.82714        4.53577
H          5.01368        2.24439        4.81946
H          5.01549        4.00157        3.37491
H          2.02379        5.59646        0.46380
H          1.50844        4.39160       -0.81974
