28

C          3.36490        0.14091       -0.94862
C          2.28757        0.04516        0.12698
N          2.64977        0.85081        1.28060
C          2.33988        2.28047        1.28357
C          3.41559        2.87522        2.15563
C          3.63590        4.36476        2.25307
O          2.88148        3.66770        3.24376
C          4.34623        1.75587        2.59410
C          5.86417        1.73555        2.54590
C          5.16677        1.91913        3.85530
N          5.05467        0.89665        4.89610
C          3.69102        0.49568        2.10032
N          4.10490       -0.68612        2.39176
H          3.05572       -0.39978       -1.84792
H          4.30738       -0.29476       -0.60014
H          3.56773        1.18067       -1.22956
H          2.13618       -0.99316        0.41550
H          1.33416        0.40740       -0.28470
H          1.34413        2.43284        1.71409
H          2.36970        2.71050        0.27947
H          3.08432        5.02871        1.60130
H          4.61562        4.72812        2.53707
H          6.35959        2.57796        2.07864
H          6.38452        0.79961        2.36837
H          5.29812        2.92371        4.25734
H          4.21375        0.33239        4.72948
H          4.82948        1.36295        5.77975
H          4.90877       -0.62491        3.02836
