25

C          0.10060        3.26508        2.61415
C         -1.19664        2.43061        2.52745
N         -1.45439        1.55685        3.89702
C         -0.41752        0.70264        3.26221
C         -1.16942        1.00196        1.91586
N         -0.18380        0.49277        0.95894
N          0.29068       -0.72980        1.63492
C          1.66352       -0.83797        1.68065
N          2.25292       -1.05446        2.81733
C          1.11909       -1.19634        3.78883
C         -0.17138       -0.76560        3.05876
C         -2.45516        3.33893        2.26174
O         -3.61314        2.96962        2.07761
H          0.97283        2.73117        2.21722
H          0.31882        3.54348        3.65103
H          0.02744        4.18280        2.02497
H         -2.40254        1.15896        3.91118
H          0.57059        1.14474        3.44733
H         -2.15938        0.53678        1.78608
H          0.59330        1.11591        0.74758
H          2.19637       -0.65811        0.73185
H          1.31724       -0.57707        4.67275
H          1.07470       -2.24013        4.10714
H         -1.03109       -1.42364        3.21446
H         -2.23638        4.42333        2.26484
