30

C          1.94897       -0.70895        1.33551
C          2.30094        0.05856        0.06786
C          2.91010       -0.84653       -1.01883
C          3.32226        0.01999       -2.22242
C          4.39532       -0.54227       -3.15919
C          5.32662       -1.55586       -2.51282
N          6.42875       -1.17371       -1.94655
N          4.97339       -2.89008       -2.51080
N          4.06986       -3.40324       -3.39349
C          2.83185       -3.42432       -2.98678
C          1.77150       -3.76113       -4.01040
C          2.35104       -3.10999       -1.57698
O          1.89763       -1.77549       -1.42246
H          1.51183       -0.02993        2.07467
H          2.84297       -1.15917        1.77953
H          1.22479       -1.50405        1.13641
H          3.01512        0.84804        0.33238
H          1.39334        0.54224       -0.31122
H          3.76743       -1.35214       -0.56252
H          3.68910        0.98922       -1.86297
H          2.43353        0.23617       -2.83183
H          4.99894        0.28934       -3.54455
H          3.92452       -0.98922       -4.04158
H          6.54506       -0.15847       -2.03550
H          5.79990       -3.46340       -2.33865
H          2.20843       -3.82257       -5.01106
H          1.00937       -2.97781       -4.00747
H          1.30923       -4.71839       -3.75579
H          3.09715       -3.38453       -0.82362
H          1.48695       -3.75728       -1.38837
