26

C          0.91312       -0.10521       -0.23297
C          2.41692       -0.04540       -0.33052
O          2.96529        0.82580       -1.01117
C          3.23421       -1.01416        0.52104
C          2.59643       -2.40794        0.63310
C          3.58756       -3.45262        1.16564
C          4.76765       -2.80634        1.87553
C          5.49751       -2.25323        0.66100
C          5.45335       -3.49592       -0.22178
O          4.16947       -4.09986        0.01206
C          4.69135       -1.10082        0.01180
O          5.35590        0.12487        0.33914
H          0.48303        0.81836       -0.63093
H          0.60920       -0.19717        0.81303
H          0.53965       -0.95077       -0.81442
H          3.23896       -0.55072        1.51770
H          2.19962       -2.72494       -0.33991
H          1.74418       -2.34394        1.32018
H          3.07806       -4.20740        1.77126
H          5.38221       -3.56787        2.36924
H          4.49117       -2.05886        2.62496
H          6.52614       -1.95030        0.88185
H          6.21691       -4.22072        0.08656
H          5.58246       -3.29626       -1.28860
H          4.72194       -1.18831       -1.08104
H          4.90373        0.82224       -0.18274
