30

C          0.88138       -0.76101        0.06210
C          2.37487       -0.50164       -0.07196
N          2.92187       -0.14754        1.22627
C          4.41915       -0.07111        1.29984
C          5.01521        1.19053        0.61174
O          4.86826        1.11942       -0.81266
C          4.43857        2.49335        1.09926
C          5.15915        3.47296        1.65664
C          4.81485       -0.15218        2.82399
N          6.08407        0.07767        3.30887
C          7.34340        0.17510        2.63599
N          3.87191       -0.52057        3.66407
O          4.34725       -0.57436        4.98763
H          0.43771       -0.94590       -0.92084
H          0.36566        0.10446        0.50015
H          0.68316       -1.63245        0.69215
H          2.49181        0.32520       -0.77919
H          2.86103       -1.38669       -0.49483
H          2.63894       -0.83549        1.93128
H          4.83244       -0.97519        0.83053
H          6.09503        1.20481        0.75224
H          4.04925        1.59383       -1.03096
H          3.36036        2.61189        1.02078
H          6.23598        3.39111        1.78334
H          4.68139        4.37845        2.01730
H          6.11529       -0.02353        4.32154
H          7.37017       -0.42299        1.72120
H          8.13995       -0.18729        3.29311
H          7.57037        1.22068        2.40542
H          3.54097       -0.81480        5.48108
