25

C          0.95672        0.12362       -0.96516
N          2.36474        0.18980       -0.55708
C          2.59994        0.72223        0.78548
C          2.75973       -0.76180        0.53255
C          1.97175       -2.04174        0.47436
O          1.86731       -2.63709       -0.60105
C          1.59329       -2.78308        1.74347
C          0.30824       -2.29112        2.38019
C          0.64875       -0.95427        2.93288
N          0.12109        0.06579        2.35831
N          0.86895        1.18265        2.50567
C          1.57524        1.61687        1.40028
N          1.48880        2.81221        0.91546
H          0.68500        1.03508       -1.50535
H          0.23694       -0.00671       -0.15129
H          0.79794       -0.70812       -1.66089
H          3.56317        1.23514        0.84443
H          3.81839       -1.02911        0.50943
H          2.44094       -2.77143        2.43684
H          1.43939       -3.83237        1.45874
H         -0.01335       -2.94650        3.19159
H         -0.49578       -2.20387        1.63935
H          1.45761       -0.88928        3.68292
H          0.31520        1.94903        2.87766
H          0.78181        3.35844        1.40510
