33

C          0.81470        0.33800       -0.54613
C          2.30105        0.15755       -0.28866
C          2.92096        1.36482        0.43337
C          4.42137        1.13441        0.67263
O          5.08038        0.96328       -0.59583
C          5.15143        2.25300        1.47024
C          5.13542        3.66300        0.82376
C          4.45764        4.10964        2.11538
O          4.31549        2.74223        2.57028
C          6.51432        1.71366        2.02886
N          7.44502        1.30452        0.95266
C          7.20815        2.71032        3.00151
N          8.53194        2.26119        3.44754
H          0.41507       -0.53810       -1.06483
H          0.62747        1.21791       -1.16999
H          0.26236        0.45861        0.39271
H          2.80140       -0.00704       -1.24861
H          2.44911       -0.74777        0.31321
H          2.40317        1.52303        1.38645
H          2.76250        2.25891       -0.17846
H          4.53169        0.18730        1.21433
H          4.74157        1.64705       -1.20213
H          4.50444        3.77995       -0.06106
H          6.10807        4.11757        0.62164
H          3.49424        4.60340        1.99670
H          5.08823        4.69075        2.80013
H          6.29883        0.80545        2.60741
H          7.87275        2.12767        0.53528
H          6.91120        0.83425        0.20979
H          6.57342        2.85639        3.88395
H          7.34422        3.68653        2.52801
H          8.51378        1.24782        3.56617
H          8.75356        2.67048        4.35043
