28

C          1.05450        0.07320       -0.04085
N          0.59313        0.04024        1.35652
N         -0.75861        0.02945        1.51053
C         -1.15422       -0.01969        2.74560
C         -2.60141       -0.02096        3.05808
C         -3.60985        0.69236        2.19459
N         -3.45748       -0.75724        2.11182
C          2.55891       -0.06191       -0.07256
N          3.27685        0.61900       -0.91190
N          4.59231        0.29982       -0.86099
C          5.27520        1.05477       -1.91920
C          6.56329        0.49495       -2.46594
C          5.33806        0.52815       -3.32836
H          0.74871        0.99968       -0.53521
H          0.64334       -0.78156       -0.58539
H          1.02146        0.82096        1.86127
H         -0.45482       -0.06786        3.60059
H         -2.85663       -0.15875        4.10399
H         -3.27151        1.26244        1.33819
H         -4.52424        1.04533        2.65664
H         -2.90044       -1.00422        1.28514
H          3.00573       -0.81853        0.60139
H          5.00255        0.52461        0.04729
H          5.22300        2.13595       -1.81180
H          6.89973       -0.47571       -2.11647
H          7.36427        1.18950       -2.69022
H          4.83587       -0.40742       -3.54711
H          5.30968        1.24786       -4.13869
