25

C          1.22792       -0.01213       -0.16489
N          2.68388       -0.07957       -0.19815
C          3.21093       -1.24104       -0.35539
C          2.52068       -2.55557       -0.60964
C          3.53571       -3.56788       -0.10000
N          3.33458       -3.83243        1.31369
C          2.43784       -4.72460        1.79386
N          2.14210       -4.88422        3.03091
C          4.84616       -2.83842       -0.27177
C          6.03868       -3.44548       -0.32756
N          4.58839       -1.47583       -0.34099
C          5.53084       -0.45534       -0.34645
O          6.75027       -0.55570       -0.29830
H          0.92124        1.01643        0.04922
H          0.81589       -0.63749        0.63450
H          0.79000       -0.30041       -1.12573
H          2.38832       -2.64862       -1.69527
H          1.54506       -2.63670       -0.12706
H          3.49963       -4.49830       -0.68008
H          3.74664       -3.17257        1.96438
H          1.94643       -5.34148        1.02239
H          2.69401       -4.24838        3.61052
H          6.11609       -4.52562       -0.24194
H          6.97131       -2.90568       -0.44577
H          5.06123        0.54093       -0.40952
