26

C          1.16412        0.19975       -0.45823
N          2.52910       -0.08866       -0.07281
O          3.23787        1.08583        0.27166
C          3.98418        0.88424        1.45127
C          4.97879        1.98620        1.79459
O          5.92452        1.33902        2.67848
C          5.83227       -0.08795        2.42996
C          7.04495       -0.92899        2.68793
C          5.88982       -0.96381        3.65288
C          4.91292       -0.30319        1.27433
C          4.07152       -1.54451        1.20202
C          2.91923       -1.37092        0.23130
O          2.28994       -2.36086       -0.14964
H          0.99942        1.27694       -0.54000
H          0.50448       -0.21463        0.31249
H          0.94144       -0.29805       -1.40420
H          3.30356        0.74284        2.30175
H          4.50353        2.82618        2.30679
H          5.50958        2.36213        0.91343
H          7.95230       -0.42594        3.00383
H          7.21102       -1.80381        2.07145
H          6.01483       -0.47733        4.61444
H          5.30313       -1.87265        3.70052
H          5.47843       -0.20891        0.33771
H          3.61759       -1.78100        2.17057
H          4.67911       -2.40514        0.89527
