27

C          1.07543       -0.06033        0.02589
C          2.59543       -0.06033        0.02589
C          3.89929       -0.06033        0.02589
C          5.41929       -0.06033        0.02589
N          6.02636        1.01719        0.77989
C          5.44194        2.22776        1.09277
O          4.33809        2.64211        0.76622
N          7.31178        0.63347        1.26682
C          8.31556        0.91515        0.22661
C          7.21573       -0.83813        1.45947
C          5.97220       -1.34459        0.68822
C          4.98869       -2.02741        1.65269
O          6.35797       -2.32311       -0.29063
H          0.70267       -0.48144        0.96372
H          0.70233       -0.66191       -0.80758
H          0.70255        0.96238       -0.07815
H          5.75167        0.02926       -1.01598
H          6.11531        2.85953        1.70625
H          8.42359        1.99494        0.07922
H          8.05187        0.46595       -0.74023
H          9.29461        0.52156        0.52029
H          7.09661       -1.01624        2.53540
H          8.12803       -1.36399        1.15664
H          4.64725       -1.33982        2.43547
H          5.44519       -2.89811        2.13147
H          4.11034       -2.41215        1.11949
H          6.97987       -1.91129       -0.91353
