31

C          2.15375       -1.06520       -1.10847
C          2.44897       -0.16881        0.09461
N          3.41692       -0.80419        0.98250
C          3.02029        1.15995       -0.32333
C          2.16425        2.08686       -1.15248
C          2.76542        2.80227       -2.31871
N          2.56062        4.23359       -2.14251
C          3.05137        4.76494       -0.85075
C          3.47963        3.74439        0.24716
O          4.84247        3.35111        0.07880
C          2.56616        2.52608        0.24461
C          1.49741        2.59279        1.30703
O          2.09874        2.54285        2.59120
H          1.72272       -2.02024       -0.78843
H          3.05614       -1.27355       -1.69386
H          1.43030       -0.59023       -1.78048
H          1.51632       -0.04779        0.64970
H          4.26377       -1.02526        0.45880
H          3.04996       -1.70672        1.28639
H          4.06565        1.06426       -0.61211
H          1.12022        1.84021       -1.31824
H          2.28586        2.47275       -3.24581
H          3.83256        2.58507       -2.43953
H          1.56097        4.42556       -2.21123
H          2.24255        5.38317       -0.44084
H          3.88658        5.44081       -1.06596
H          3.43928        4.25807        1.21388
H          5.01269        3.30494       -0.87425
H          0.76697        1.78487        1.24194
H          0.93674        3.53097        1.22500
H          2.77498        1.83859        2.55716
