23

C          1.26020        0.16396       -0.09246
N          2.71504        0.13511       -0.02696
C          3.34234       -0.63000       -1.09012
C          3.44097        0.89181       -1.07415
C          2.70135        1.66503       -2.14187
C          4.72469        1.50284       -0.60751
C          4.79900        2.36714        0.42312
C          5.89634        1.16090       -1.36654
N          5.94913        0.88770       -2.66147
C          7.25079        0.57045       -3.00471
N          8.20696        0.55356       -2.08177
S          7.46734        0.95906       -0.64372
H          0.86081       -0.47316        0.70393
H          0.83292       -0.20072       -1.03316
H          0.88813        1.17775        0.08965
H          2.72392       -1.10240       -1.84445
H          4.20508       -1.21897       -0.80057
H          1.85609        1.11051       -2.56139
H          3.36598        1.89995       -2.98009
H          2.32148        2.60948       -1.73767
H          3.90206        2.62273        0.98043
H          5.71841        2.84396        0.74573
H          7.50546        0.32873       -4.02902
