28

C          0.92466        0.01246        0.35834
C          2.43229       -0.12858        0.13356
C          2.96734        1.13887       -0.59935
C          3.67440        0.61291       -1.81142
C          4.52158        1.41372       -2.70533
C          4.05185        1.43354       -4.18473
N          4.41929        2.86367       -4.24009
C          4.24210        2.93822       -2.77348
C          3.62158       -0.71043       -1.79934
C          4.40781       -1.83172       -2.29455
N          4.35088       -2.85440       -1.48744
N          3.57057       -2.44941       -0.40675
C          2.72471       -1.31527       -0.79144
H          0.69959        0.89821        0.96070
H          0.51908       -0.86697        0.86581
H          0.39820        0.12126       -0.59852
H          2.92625       -0.24598        1.10740
H          3.67802        1.66430        0.05178
H          2.17054        1.83845       -0.87062
H          5.59121        1.18697       -2.59404
H          2.97886        1.25361       -4.33592
H          4.61371        0.79075       -4.86776
H          3.77595        3.44514       -4.77573
H          3.23421        3.25610       -2.48028
H          4.97043        3.57448       -2.26229
H          4.99988       -1.75636       -3.21532
H          3.03477       -3.22890       -0.02602
H          1.81450       -1.69506       -1.27955
