28

N          1.77821        0.96680        1.54032
C          2.72380        0.54363        0.82142
C          3.86365        0.03354       -0.04515
C          4.41657       -1.25549        0.57038
C          4.87837       -1.02478        2.09958
C          5.61908       -2.18244        2.83716
C          5.64997       -3.25648        1.80542
C          6.41040       -2.66362        0.57897
N          5.47410       -1.91766       -0.25202
C          4.22716       -2.61787       -0.40776
C          3.99813       -4.12953       -0.12324
C          5.09582       -5.09142        0.51229
N          5.71348       -4.69810        1.82367
H          4.65026        0.79536       -0.09029
H          3.48934       -0.12672       -1.06197
H          3.99570       -0.75676        2.69489
H          5.53861       -0.14847        2.10440
H          5.05309       -2.48082        3.72781
H          6.61531       -1.88018        3.17300
H          4.55889       -3.24804        1.75241
H          6.92150       -3.41483       -0.03273
H          7.22354       -2.00354        0.90940
H          3.70255       -2.39879       -1.33859
H          3.76351       -4.58075       -1.09589
H          3.07819       -4.21605        0.46390
H          5.89380       -5.24346       -0.22396
H          4.63778       -6.07685        0.65714
H          6.67401       -5.03381        1.86520
