30

C          0.97888       -0.45394        0.14165
C          2.42971        0.01412        0.34258
N          3.18538       -1.23886        0.42661
C          4.26131       -1.53236       -0.49584
C          4.53088       -1.20291        0.96666
C          5.39472       -0.03639        1.31010
C          4.86342        1.37508        1.11657
C          4.34206        1.65525       -0.28869
C          2.92666        1.15087       -0.56554
C          2.25340        1.82850       -1.52684
C          0.83732        1.70151       -1.99456
N          0.54478        2.70299       -3.01637
H          0.72239       -1.25540        0.84771
H          0.80492       -0.84875       -0.86416
H          0.27266        0.35374        0.35053
H          2.40901        0.42945        1.36057
H          4.51671       -0.83588       -1.27932
H          4.37635       -2.57078       -0.79103
H          4.77524       -2.04814        1.60665
H          6.33763       -0.13886        0.75608
H          5.67117       -0.13104        2.36883
H          5.69216        2.06621        1.31540
H          4.10439        1.61352        1.87192
H          5.03907        1.25466       -1.03393
H          4.35941        2.74601       -0.41964
H          2.80718        2.60485       -2.05636
H          0.14194        1.86443       -1.16725
H          0.67006        0.71616       -2.43398
H          0.54387        3.62609       -2.58393
H         -0.40677        2.55540       -3.34969
