28

C          0.90979       -0.24741       -0.29023
C          2.44226       -0.12921       -0.05157
C          2.46461       -0.00396        1.50500
C          3.17816       -1.40815       -0.54057
O          4.61164       -1.17992       -0.54834
N          5.17947       -1.20947        0.72914
C          5.41953       -0.02341        1.23261
C          5.01455        1.36851        0.74970
C          4.50135        1.47245       -0.65747
C          5.36006        1.87300       -1.61464
C          3.05274        1.05975       -0.94534
C          2.15152        2.27044       -0.76523
C          1.37846        3.30896       -0.61073
H          0.48138       -1.09593        0.25641
H          0.64822       -0.34012       -1.34367
H          0.39504        0.63991        0.10597
H          1.85963       -0.79845        1.95914
H          2.06863        0.95637        1.84345
H          3.40546       -0.14814        2.02261
H          2.91041       -1.59269       -1.56745
H          2.92927       -2.29854        0.04402
H          5.85939       -0.03291        2.24557
H          5.87668        2.02628        0.92212
H          4.25597        1.79197        1.43441
H          6.38974        2.12146       -1.37631
H          5.08195        1.93016       -2.65722
H          2.97258        0.76946       -2.00319
H          0.74839        4.15918       -0.48604
