26

C          0.92269        0.22399        0.94005
C          2.17184        0.02814        0.08279
N          2.04414        1.09914       -0.97780
C          2.88167        2.00991       -0.56136
N          2.86325        3.32746       -0.87326
C          1.83129        4.07553       -1.38154
N          0.73530        3.64965       -1.90398
N          3.81216        1.66221        0.38165
C          3.52208        0.30211        0.78860
C          4.45950       -0.66459        0.13501
C          3.79354       -1.60270       -0.55283
C          2.31046       -1.41691       -0.45422
N          1.63243       -1.67387       -1.71483
H          0.87474        1.24420        1.33967
H          0.89093       -0.47563        1.77922
H          0.02141        0.08271        0.33084
H          3.50100        3.86897       -0.30474
H          1.99465        5.16130       -1.27150
H          0.78097        2.61494       -1.88239
H          4.76770        1.79373        0.06113
H          3.49497        0.18612        1.87570
H          5.53368       -0.64499        0.25194
H          4.24905       -2.44565       -1.05568
H          1.94599       -2.13418        0.29412
H          1.81025       -0.86079       -2.30859
H          0.62785       -1.63175       -1.54874
