32

C          3.00471       -0.71724        1.23958
N          2.52242       -0.27658       -0.07032
C          1.05437       -0.25281       -0.06880
C          3.03683        1.05819       -0.43148
C          4.56872        1.15564       -0.63268
C          5.12736        0.23061       -1.69632
C          4.44359       -0.09974       -2.99051
N          5.39706        0.99957       -2.96152
C          4.79099        2.34413       -2.70268
C          5.41052        3.43876       -3.57396
O          5.13985        3.17070       -4.95251
C          4.96447        2.54904       -1.17740
N          6.36238        2.87710       -0.81527
H          2.57400       -1.69111        1.49947
H          2.74907       -0.00717        2.03411
H          4.08991       -0.85950        1.23314
H          0.64829       -1.24012        0.17684
H          0.67178        0.00216       -1.06394
H          0.65419        0.47293        0.64952
H          2.73885        1.79157        0.33026
H          2.53554        1.37003       -1.35569
H          5.06485        0.96832        0.32749
H          5.94606       -0.38898       -1.35441
H          3.39221        0.11488       -3.12763
H          4.77403       -0.99562       -3.50928
H          3.72247        2.31726       -2.95783
H          6.49426        3.51203       -3.45380
H          4.96996        4.41210       -3.33274
H          5.41555        2.24188       -5.08425
H          4.31565        3.34351       -0.79573
H          6.97882        2.23437       -1.32991
H          6.52468        2.67596        0.17089
