29

C          4.97356       -2.33044        1.05333
C          4.40103       -2.15040       -0.33823
O          4.83901       -0.89406       -0.84907
C          4.37609       -0.67703       -2.18408
C          4.90076        0.66436       -2.69809
C          6.40546        0.69462       -2.76689
C          7.12043        0.86027       -3.89304
C          8.61914        0.97681       -4.00905
N          9.24685        1.51100       -2.78827
C          9.31663       -0.38098       -4.33578
N          8.72382       -1.34361       -5.10171
N         10.51416       -0.62220       -3.88720
H          4.64559       -3.27828        1.48910
H          4.66080       -1.51151        1.70927
H          6.06826       -2.31563        1.02452
H          3.30669       -2.16712       -0.29766
H          4.75000       -2.95909       -0.98979
H          3.28008       -0.65958       -2.18158
H          4.71600       -1.49247       -2.83327
H          4.58306        1.46505       -2.01859
H          4.46162        0.87332       -3.68003
H          6.90364        0.57807       -1.80597
H          6.59032        0.96835       -4.83805
H          8.85443        1.66187       -4.83237
H          9.08816        0.84354       -2.03297
H          8.74913        2.35984       -2.52381
H          7.72161       -1.44193       -4.99410
H          9.22161       -2.22386       -5.01736
H         10.78601        0.22206       -3.34928
