20

C          1.84425       -1.23293        1.30749
O          3.01706       -0.60015        0.81568
C          3.25058        0.65658        1.44593
C          4.50426        1.34220        0.89868
O          4.94549        1.12145       -0.23291
C          5.17075        2.32848        1.75436
C          6.26377        3.06677        1.31920
O          6.89067        3.05186        0.14301
S          6.79125        4.10676        2.56629
C          5.57282        3.48471        3.59760
N          4.77082        2.58750        3.06397
C          5.43974        3.90043        4.95748
C          5.38087        4.26259        6.10018
H          1.73433       -2.19617        0.80194
H          0.96194       -0.62291        1.09198
H          1.92550       -1.41233        2.38395
H          3.35500        0.49900        2.52357
H          2.40268        1.32388        1.24982
H          6.45812        2.35973       -0.40393
H          5.36727        4.59288        7.11373
