29

C          4.59577       -2.19477       -0.13342
C          3.66494       -1.20623       -0.81730
C          4.41530       -0.08291       -1.47731
C          4.22992        1.21044       -1.15139
C          4.89775        2.39154       -1.81830
N          3.80658        3.25024       -2.28183
N          3.32785        3.27952       -3.60646
C          3.85256        4.42590       -1.58748
N          4.79417        4.60733       -0.70901
C          5.67291        3.39182       -0.87905
C          6.01859        2.84856        0.50878
C          6.95843        3.88177       -1.56969
H          4.01589       -3.00520        0.32315
H          5.17791       -1.70934        0.65655
H          5.29450       -2.64189       -0.84777
H          2.95103       -0.82118       -0.07999
H          3.07934       -1.73033       -1.58160
H          5.10379       -0.35397       -2.27420
H          3.51940        1.45952       -0.36811
H          5.52920        2.06618       -2.65353
H          3.33911        2.34005       -4.00736
H          3.93278        3.85844       -4.19458
H          3.05906        5.15922       -1.80494
H          5.12021        2.58578        1.07744
H          6.55079        3.60208        1.10207
H          6.65859        1.96338        0.43937
H          6.73797        4.34497       -2.53826
H          7.65546        3.05564       -1.73820
H          7.46830        4.63888       -0.96116
