22

C          1.40151        4.03270       -2.18796
C          1.59933        3.41161       -0.75362
O          0.64533        4.12056        0.06876
C         -0.56423        3.94551       -0.70279
O         -1.50241        3.06548       -0.07333
N         -0.91933        2.38467        1.02996
C         -0.12058        1.45047        0.62402
N          0.47417        0.47663        1.43288
C          1.00018       -0.51815        0.63007
C          0.84666       -0.16850       -0.64246
N          0.28382        1.10646       -0.68417
C          0.93538        2.13800       -1.46892
C          0.01445        3.29568       -1.97239
H          2.07244        3.66376       -2.97001
H          1.35707        5.12393       -2.23689
H          2.59894        3.35161       -0.33304
H         -1.03811        4.90915       -0.90758
H          1.12892        0.85716        2.10954
H          1.42982       -1.41940        1.05750
H          1.09108       -0.68849       -1.55601
H          1.57098        1.67645       -2.24172
H         -0.61325        3.10635       -2.83981
