28

C          0.86544        0.63056        0.29210
C          2.36655        0.62986        0.11105
C          3.20295        1.36681        1.16500
C          4.06115        0.08583        1.16199
O          2.96706       -0.64112        0.50337
C          5.38704        0.10751        0.36680
N          5.20249        0.38086       -1.09570
C          5.64469       -0.81816       -1.82254
C          6.19017       -1.74413       -0.79987
C          6.04489       -1.23641        0.42476
C          6.35202        1.14754        0.95998
N          6.84382        2.10890        0.23738
N          7.60434        2.98601        0.92503
H          0.45336        1.60845        0.02061
H          0.57837        0.41540        1.32574
H          0.39838       -0.11784       -0.35527
H          2.63123        0.87551       -0.92431
H          2.69444        1.54941        2.11739
H          3.68704        2.28579        0.82885
H          4.20974       -0.30308        2.17906
H          5.83300        1.15421       -1.32658
H          6.40813       -0.55636       -2.56198
H          4.79546       -1.27215       -2.34197
H          6.61466       -2.71004       -1.03160
H          6.33657       -1.73931        1.33531
H          6.57388        1.05014        2.03772
H          8.06567        3.62829        0.27502
H          8.34657        2.53878        1.46469
