19

C          0.56431        4.95606        0.58670
C          1.35492        4.92265       -0.31934
C          2.09178        4.88211       -1.59621
C          3.61282        4.87827       -1.55010
C          4.25908        5.90460       -2.16449
O          5.49025        5.97007       -2.77708
C          6.67933        6.02470       -1.96440
C          6.76958        4.63317       -1.45532
N          6.10358        4.38885       -0.37715
N          5.35055        3.24695       -0.57663
C          4.20041        3.54262       -1.11654
H         -0.21869        4.98911        1.30984
H          1.74451        5.73110       -2.20141
H          1.76962        3.99511       -2.15675
H          3.70572        6.77439       -2.51046
H          6.58673        6.77707       -1.17796
H          7.52912        6.24264       -2.61708
H          7.08169        3.85353       -2.17577
H          3.52202        2.68729       -1.27311
