29

C          1.02693       -0.05795        0.38158
N          2.45678       -0.21721        0.18055
C          3.27408        0.44590        0.91836
C          2.85497        1.28140        2.07589
O          2.65561        2.67655        1.80138
C          3.80736        2.34583        2.58677
C          5.13775        2.60814        1.89455
C          6.29930        2.26448        2.84961
C          5.22905        4.10313        1.50227
O          5.18524        4.95110        2.64708
C          5.27002        1.76222        0.60131
N          4.63785        0.44623        0.71957
C          5.41453       -0.63396        1.30549
H          0.50430       -0.44499       -0.49971
H          0.73358        0.99240        0.48173
H          0.68310       -0.62620        1.24996
H          2.21332        0.80080        2.80478
H          3.79106        2.59973        3.63817
H          6.31291        2.92159        3.72568
H          7.26667        2.37008        2.34391
H          6.22668        1.24026        3.22636
H          4.41310        4.39913        0.83260
H          6.17071        4.30623        0.98083
H          4.25493        4.99037        2.93410
H          6.31633        1.66545        0.28601
H          4.76663        2.27984       -0.22681
H          6.48994       -0.47125        1.18540
H          5.16233       -1.58616        0.82862
H          5.20306       -0.72593        2.37811
