30

C          0.93362        0.34110        0.19462
C          2.43310        0.12373        0.08909
N          3.14414        1.20472        0.05294
N          4.51334        1.17649       -0.00303
C          5.17606        0.06813        0.04283
C          6.68988        0.22930        0.04496
C          4.56607       -1.34285        0.05613
N          4.98976       -1.97703        1.36297
C          5.25394       -2.17508       -1.08771
N          5.12423       -1.66395       -2.45185
C          2.97824       -1.30665       -0.01449
C          2.36157       -1.93150       -1.28190
N          2.38010       -2.07390        1.13042
H          0.71359        1.40033        0.36041
H          0.52232       -0.22315        1.03454
H          0.44204        0.03340       -0.73103
H          6.95902        1.28455        0.15684
H          7.11022       -0.12466       -0.89910
H          7.13794       -0.32226        0.87346
H          6.00623       -2.02958        1.41813
H          4.67371       -2.94692        1.36842
H          4.88139       -3.20670       -1.07047
H          6.32770       -2.26514       -0.87747
H          4.98891       -0.65145       -2.47152
H          5.97606       -1.84831       -2.98288
H          2.58073       -1.33195       -2.17162
H          1.26702       -1.98327       -1.22325
H          2.69720       -2.96039       -1.44691
H          2.91142       -1.78263        1.96061
H          2.59198       -3.06183        1.01579
