26

C          2.38358        1.11571       -1.61237
C          2.63956        0.01886       -0.60487
N          2.32563        0.07947        0.65358
O          1.69559        1.27362        1.00907
C          3.21236       -1.26196       -1.10436
C          3.51004       -1.68665       -2.35602
C          3.75661       -3.19708       -2.30906
C          5.19560       -3.62650       -1.98190
O          5.79228       -2.79715       -0.98318
C          4.95419       -2.46990        0.14087
C          3.43490       -2.40698       -0.14503
C          2.92152       -3.50941       -1.06447
O          3.06361       -4.82489       -0.56941
H          2.15299        2.06487       -1.12179
H          1.53606        0.82809       -2.23396
H          3.26883        1.26391       -2.23062
H          1.47288        1.11610        1.94861
H          3.45493       -1.10990       -3.25933
H          3.36630       -3.72070       -3.18581
H          5.83006       -3.59454       -2.87126
H          5.22739       -4.66803       -1.62552
H          5.29928       -1.47811        0.46188
H          5.18232       -3.15718        0.96026
H          2.86005       -2.35862        0.78256
H          1.84894       -3.36315       -1.27269
H          2.59959       -5.41176       -1.19178
