32

C          0.77801       -0.06012        0.23736
C          2.29229        0.00431       -0.05498
C          2.66868        1.48282        0.00531
C          3.12702       -0.93326        0.89304
C          2.59950       -2.38416        0.72078
C          4.67733       -0.98843        0.72181
C          5.30277       -2.01287        1.80040
N          5.69196       -0.68057        1.73761
C          5.48393        0.45128        2.43588
N          5.49301        1.64533        1.94443
N          5.65164        1.77219        0.59144
C          6.15494        0.78406       -0.37062
C          5.29760       -0.51268       -0.57781
H          0.22951        0.64616       -0.39456
H          0.56705        0.19161        1.28459
H          0.35412       -1.04410        0.02002
H          2.41683       -0.33349       -1.09183
H          2.81785        1.82076        1.03409
H          1.89245        2.11881       -0.44015
H          3.55498        1.68104       -0.59358
H          2.91578       -0.62742        1.92669
H          2.77891       -2.73911       -0.30141
H          1.53219       -2.46958        0.93803
H          3.08626       -3.08894        1.39898
H          6.02542       -2.72389        1.44235
H          4.76025       -2.26938        2.69884
H          5.34363        0.28981        3.52372
H          5.63772        2.73079        0.25309
H          7.18519        0.50753       -0.09465
H          6.24370        1.27255       -1.34990
H          5.94619       -1.30336       -0.98253
H          4.54226       -0.32642       -1.34497
