32

C          1.49358       -0.06016       -0.26766
C          2.89013        0.45562        0.05048
C          3.36739        1.46826       -0.96755
C          2.54281        2.72505       -1.13938
C          2.31662        3.27160       -2.50699
C          2.40048        2.24023       -3.63158
C          3.31424        1.00794       -3.44653
C          4.19586        0.81399       -4.69265
C          4.14628        0.94821       -2.14652
N          5.30638        1.83468       -2.20059
C          6.22025        1.70515       -1.06743
C          5.18493        2.80316       -1.19210
C          3.90432        2.80190       -0.49523
H          1.22563       -0.87523        0.41085
H          1.42703       -0.42911       -1.29475
H          0.74492        0.73111       -0.14763
H          3.58886       -0.38769        0.09534
H          2.87962        0.89859        1.05358
H          1.69897        2.90573       -0.48537
H          3.01699        4.09212       -2.70234
H          1.31645        3.72526       -2.53843
H          2.65188        2.77505       -4.55628
H          1.38529        1.85646       -3.80546
H          2.64383        0.13607       -3.41475
H          4.87816        1.66058       -4.83808
H          3.58037        0.73026       -5.59280
H          4.79653       -0.09717       -4.60942
H          4.47970       -0.08386       -1.99250
H          7.25567        1.94754       -1.26463
H          6.05993        0.90675       -0.35338
H          5.57665        3.78517       -1.44691
H          3.92533        3.02154        0.56603
