27

C          0.91468        0.49874       -0.36467
C          2.40365        0.21158       -0.18719
C          2.80579       -1.10257       -0.87624
C          4.08079       -1.54925       -0.16639
C          4.16751       -0.66845        1.10488
N          4.52933       -1.43837        2.28820
C          2.76464       -0.07253        1.26403
C          5.21732        0.38449        0.86563
C          5.15058        1.84502        1.22748
N          4.95837        1.40310       -0.16843
S          3.38872        1.62605       -0.80655
O          3.49061        1.49535       -2.24351
O          2.84328        2.83824       -0.21893
H          0.30556       -0.31711        0.03321
H          0.66437        0.61861       -1.42536
H          0.62032        1.41486        0.15491
H          2.94079       -1.01671       -1.95679
H          2.03623       -1.86656       -0.70476
H          4.94769       -1.40020       -0.82387
H          4.03658       -2.62211        0.05352
H          5.24085       -2.13062        2.04938
H          3.73017       -1.98964        2.60546
H          2.72428        0.81215        1.90516
H          2.06747       -0.80713        1.68978
H          6.21364       -0.03558        0.78370
H          6.07857        2.39246        1.34671
H          4.29287        2.27731        1.71617
