27

C          1.15751        0.61872       -0.42523
N          2.61539        0.59691       -0.52874
N          3.16906        0.88510        0.55303
C          4.56894        0.88582        0.48204
C          5.37369        0.61373       -0.60284
N          6.67233        0.75586       -0.19663
C          6.70310        1.11870        1.12634
C          5.40287        1.20292        1.57983
C          7.95814        1.40653        1.92508
C          8.94746        0.20530        2.00773
C         10.03513        1.25532        1.72990
N          8.98799        2.05320        1.05041
C          9.11928        3.46605        1.39216
H          0.72648        0.19010       -1.33452
H          0.79110        1.64609       -0.32735
H          0.80650        0.02746        0.42700
H          5.13324        0.34591       -1.62163
H          7.49633        0.66131       -0.77837
H          5.08395        1.46923        2.57863
H          7.77753        1.86435        2.90672
H          8.85465       -0.55364        1.22162
H          9.01184       -0.29465        2.97795
H         10.84952        0.92155        1.08026
H         10.46494        1.69315        2.63957
H          9.95629        3.90292        0.83660
H          9.29081        3.64809        2.45980
H          8.21577        4.01102        1.09851
