28

C          0.91231       -0.89923        0.97890
C          2.43188       -0.90718        1.01292
C          2.98430        0.45196        1.44297
C          4.48504        0.44155        1.46254
C          5.23252        0.68410        2.55130
C          6.68151        0.66858        2.56287
C          7.44963        0.99306        1.50104
C          8.90277        0.91234        1.84558
C          8.86175        0.52312        3.29304
C         10.10865        0.31474        4.07243
C          7.57957        0.40976        3.68988
C          7.14413        0.06599        4.99635
N          6.79561       -0.20734        6.06885
H          0.53411       -1.88012        0.67477
H          0.54077       -0.15549        0.26672
H          0.50055       -0.66642        1.96602
H          2.81034       -1.17126        0.01718
H          2.77320       -1.68832        1.70300
H          2.58272        0.72341        2.42627
H          2.65548        1.22426        0.73756
H          4.96182        0.21213        0.51135
H          4.74313        0.88692        3.50308
H          7.09291        1.28219        0.52356
H          9.39073        1.88144        1.70549
H          9.40310        0.15140        1.23903
H         10.98896        0.47821        3.44135
H         10.16204       -0.71056        4.45101
H         10.16813        1.01313        4.91197
