34

C          1.00632       -0.70759        0.37609
C          2.39353       -0.05442        0.22019
C          2.51685        0.97318        1.37810
C          3.45753       -1.14276        0.46033
C          2.64292        0.69360       -1.15129
C          1.66041        1.81735       -1.42691
C          0.62103        1.77723       -2.27925
C          0.09423        0.60617       -3.05480
N          0.47430       -0.70756       -2.56734
C          1.83625       -1.11942       -2.85977
C          2.90954       -0.15219       -2.41963
C          4.35102       -0.48695       -2.78653
C          3.63499        0.57478       -3.55465
H          0.84425       -1.04193        1.40866
H          0.89996       -1.60215       -0.24156
H          0.19483       -0.00998        0.14489
H          2.36813        0.49365        2.35321
H          1.76475        1.76596        1.29699
H          3.50561        1.44296        1.39038
H          3.33408       -1.59769        1.45158
H          4.46938       -0.72775        0.41420
H          3.38411       -1.95074       -0.27388
H          3.59580        1.22566       -0.99035
H          1.88793        2.76612       -0.94484
H          0.06355        2.69949       -2.42518
H          0.31483        0.71942       -4.12182
H         -0.99847        0.65777       -2.96071
H         -0.16596       -1.40429       -2.93819
H          1.91923       -1.33068       -3.93403
H          2.01739       -2.07781       -2.35889
H          4.56016       -1.41919       -3.30099
H          5.15570       -0.16633       -2.13399
H          3.34887        0.36360       -4.58081
H          3.93072        1.60764       -3.40572
