28

C          1.09767       -0.01207        0.03814
N          2.54239        0.19838       -0.05050
C          3.15868       -0.69169       -1.04978
C          2.96978        0.78700       -1.31592
C          4.41317        1.28230       -1.52189
O          4.76377        2.50982       -0.86630
C          5.32485        0.79500       -2.61795
N          4.77480        0.09687       -3.79039
C          5.37542       -1.22608       -3.97226
C          4.73485       -2.30702       -3.07701
N          5.03379       -2.26911       -1.64291
C          4.58806       -1.09117       -0.91112
C          5.34396        0.13007       -1.26548
H          0.89069       -0.97656        0.51331
H          0.57992        0.00292       -0.92833
H          0.65441        0.76760        0.66511
H          2.52478       -1.40890       -1.54836
H          2.22302        1.10832       -2.03046
H          4.42957        2.49180        0.04931
H          6.17816        1.43413       -2.84513
H          4.92961        0.65892       -4.62735
H          6.46248       -1.19314       -3.83119
H          5.20886       -1.52500       -5.01431
H          5.10180       -3.27774       -3.43724
H          3.65264       -2.33976       -3.24370
H          6.03820       -2.36184       -1.50873
H          4.76673       -1.30589        0.14989
H          6.21367        0.28597       -0.64309
