26

C          0.93203        0.07693        1.91661
C          2.38955        0.39502        1.84549
C          3.31800       -0.35708        1.22209
C          4.78526        0.00607        1.20769
O          5.59965       -1.04497        1.73259
N          6.01488       -2.07481        0.86794
C          6.35024       -1.72247       -0.33112
C          7.05520       -2.76010       -1.18539
C          6.15174       -0.35459       -0.93723
C          7.48719        0.32054       -1.18722
O          7.84615        0.71071       -2.29779
C          5.26996        0.53972       -0.11546
C          4.94192        1.77998       -0.52498
H          0.42275        0.82669        2.53377
H          0.76378       -0.89841        2.38138
H          0.47252        0.10011        0.92448
H          2.69413        1.30761        2.35623
H          3.02536       -1.27007        0.71001
H          4.93111        0.81341        1.93627
H          7.17584       -3.70026       -0.63858
H          8.05304       -2.39206       -1.44839
H          6.48880       -2.93969       -2.10084
H          5.67009       -0.52206       -1.90892
H          8.13260        0.45761       -0.30309
H          5.29336        2.18409       -1.47675
H          4.31307        2.43024        0.07489
