30

C          0.92093       -0.28291       -0.36328
C          2.41448       -0.17324       -0.07668
C          3.18663       -1.39385       -0.61582
O          4.61278       -1.30360       -0.44724
C          4.93236       -1.19605        0.87878
C          5.04572       -0.02305        1.51865
C          5.07457        0.08639        3.01248
N          4.47453        1.39208        3.35699
C          4.00061        1.98040        2.08476
C          4.86225        1.36857        0.96340
C          6.22057        2.09123        0.89526
O          4.34527        1.41587       -0.36222
C          2.97049        1.15721       -0.60806
H          0.49861       -1.16914        0.12439
H          0.72151       -0.35012       -1.43537
H          0.38973        0.59166        0.03253
H          2.50093       -0.17813        1.01436
H          3.00679       -1.49882       -1.69233
H          2.82637       -2.31946       -0.14596
H          4.98480       -2.16406        1.35974
H          6.10394        0.04248        3.38301
H          4.49654       -0.71441        3.48563
H          5.21233        1.98324        3.73459
H          4.06790        3.07243        2.10770
H          2.93524        1.74838        1.97594
H          6.73519        2.13649        1.86104
H          6.08095        3.12146        0.54417
H          6.89073        1.60624        0.17577
H          2.85428        1.16932       -1.69910
H          2.38555        2.00563       -0.23732
