27

C          0.95977       -0.04758        0.40008
C          2.45060        0.05323        0.09404
C          2.71620       -0.07536       -1.40441
C          3.19362        1.20019        0.81561
C          4.25042        0.13820        1.24061
C          4.58177        0.13808        2.73412
N          3.24335       -0.92019        0.90404
C          5.49233        0.05438        0.39447
C          6.24106        1.16134        0.22695
C          6.01790       -1.19779       -0.23531
O          5.19322       -2.25861       -0.13343
O          7.09850       -1.27157       -0.80105
H          0.40889        0.75833       -0.09782
H          0.75536        0.02591        1.47438
H          0.54746       -1.00024        0.04573
H          2.25095        0.75843       -1.94265
H          2.29839       -1.00634       -1.79932
H          3.77885       -0.05806       -1.65695
H          2.63855        1.63357        1.65827
H          3.52471        2.02807        0.18035
H          3.67801        0.14267        3.35407
H          5.16079        1.02894        3.00664
H          5.17207       -0.74272        3.01325
H          2.72403       -1.24065        1.73066
H          5.97545        2.11468        0.67153
H          7.15874        1.14319       -0.35773
H          4.31743       -1.99696        0.23325
