29

C          2.42730       -0.52814        1.48238
C          2.57398       -0.02340        0.04345
N          3.48629       -0.90484       -0.67017
C          3.69757       -0.84532       -2.00598
N          4.43255       -1.66128       -2.67001
C          3.01865        1.40789        0.04806
C          2.30513        2.59023        0.06607
C          3.23672        3.67399        0.04638
C          2.89681        5.12693        0.03385
N          2.90498        5.61311        1.40651
C          4.50106        3.10294        0.02366
C          5.85502        3.71255        0.00532
N          4.35023        1.74117        0.01448
H          2.06274       -1.56161        1.49785
H          1.72222        0.08761        2.05093
H          3.38805       -0.51061        2.01182
H          1.58788       -0.08524       -0.43561
H          3.83311       -1.70793       -0.16378
H          3.19086       -0.00774       -2.51729
H          4.83107       -2.36026       -2.04148
H          1.22662        2.67470        0.08588
H          1.90998        5.28556       -0.41432
H          3.62309        5.68822       -0.56299
H          2.21807        5.08516        1.94075
H          2.60201        6.58337        1.41581
H          5.80741        4.80527        0.01994
H          6.39784        3.40926       -0.89560
H          6.42956        3.38896        0.87967
H          5.10310        1.06714       -0.04086
