30

C          0.78163       -0.21522       -0.17979
C          2.27258       -0.02531       -0.13875
C          3.12174       -1.31456       -0.32698
C          4.47869       -1.39649       -0.96839
C          4.37051       -1.21906        0.52461
C          4.35812        0.06284        1.27185
C          2.92347        0.44291        1.14062
C          2.76584        1.41624        0.03456
C          4.13196        1.92864       -0.36634
C          4.18111        3.46763       -0.30762
O          3.26751        4.06205       -1.22369
C          5.14896        1.21860        0.60202
N          5.72570        2.06808        1.65338
H          0.49164       -1.13302        0.34319
H          0.44357       -0.28865       -1.21787
H          0.24865        0.61548        0.29405
H          2.57282       -2.25523       -0.28275
H          4.81385       -0.58638       -1.59599
H          4.80943       -2.37041       -1.32148
H          4.59593       -2.06423        1.16592
H          4.64472       -0.10049        2.31651
H          2.36857        0.56648        2.05462
H          2.00949        2.18941        0.09388
H          4.32400        1.62120       -1.40153
H          5.18223        3.83885       -0.54698
H          3.90612        3.83057        0.68820
H          3.44593        3.69008       -2.10075
H          5.99461        0.83027        0.02174
H          4.98527        2.45648        2.23500
H          6.23588        2.85013        1.24960
