28

C          0.89632       -0.73162       -0.22529
C          2.41706       -0.50637       -0.14404
O          2.79523        0.63594       -0.91575
C          2.55575        1.45346        0.20790
C          2.78477        0.17010        1.28426
C          3.58008        1.27749        2.08532
N          4.04745        0.82539        3.39345
C          4.11989       -0.61920        3.28392
C          3.04981       -1.01599        2.25414
O          1.83187       -1.18719        3.03686
C          3.30531       -2.44790        1.67186
C          3.61688       -2.58900        0.22607
C          3.18989       -1.66288       -0.62866
H          0.34086        0.10313        0.22196
H          0.59718       -1.62267        0.33252
H          0.56190       -0.82102       -1.26267
H          1.53698        1.87409        0.17093
H          3.21605        2.33303        0.14746
H          2.93783        2.14462        2.30653
H          4.47978        1.60525        1.54297
H          3.35665        1.08874        4.09930
H          3.89648       -1.02492        4.27942
H          5.13238       -0.92645        3.01817
H          2.00172       -1.93452        3.64785
H          2.39819       -3.05613        1.80205
H          4.07113       -2.97802        2.24807
H          4.08722       -3.48971       -0.14429
H          3.33901       -1.77564       -1.70273
