29

C          2.29489       -0.97201       -1.27285
C          2.35609       -0.02306       -0.07657
O          3.03796       -0.67267        1.00240
C          3.01290        1.32836       -0.38863
C          2.24437        2.20134       -1.40248
O          2.71299        3.55072       -1.12566
C          3.69688        3.38044       -0.05945
C          3.92999        4.70098        0.63619
C          3.07907        2.28747        0.79148
C          4.93010        2.67007       -0.67359
C          6.19304        2.69612        0.18771
N          4.44912        1.26098       -0.83060
H          1.80120       -1.90451       -0.98284
H          3.29655       -1.24254       -1.61985
H          1.73744       -0.52983       -2.10133
H          1.33308        0.14778        0.27639
H          3.98736       -0.67177        0.79636
H          1.16161        2.18305       -1.23790
H          2.45464        1.95119       -2.44754
H          2.97995        5.14350        0.95589
H          4.39541        5.41918       -0.04703
H          4.56827        4.59186        1.51782
H          2.08302        2.54799        1.17038
H          3.70878        1.94875        1.62010
H          5.15312        3.07111       -1.66911
H          6.01998        2.29521        1.19054
H          6.57822        3.71291        0.29520
H          6.98593        2.09312       -0.27368
H          4.98294        0.66166       -0.20280
