31

C          1.52438        0.78321        1.40146
C          2.45748        0.43180        0.24261
C          3.60711        1.40801        0.15031
C          4.60630        1.28546       -0.97704
C          3.66212        2.45099       -0.93934
C          2.98485       -0.97913        0.39283
C          2.01894       -2.14205        0.32975
N          1.67957       -3.45967       -0.27210
C          2.79875       -4.06547       -0.79040
N          2.94841       -5.32454       -1.00399
C          3.89587       -3.03204       -1.02746
C          4.50658       -3.06737       -2.41702
C          3.10249       -1.77576       -0.80230
H          1.15344        1.80880        1.30759
H          2.03294        0.69148        2.36701
H          0.65755        0.11252        1.41993
H          1.85990        0.49743       -0.67690
H          4.00773        1.66942        1.12428
H          4.44972        0.53937       -1.74779
H          5.65025        1.45196       -0.73744
H          2.87353        2.47977       -1.68292
H          4.07945        3.42248       -0.70055
H          3.79607       -1.02916        1.11600
H          2.15862       -2.48537        1.36501
H          0.96438       -4.04162        0.14426
H          2.08402       -5.81277       -0.75581
H          4.66878       -3.16951       -0.26434
H          3.76573       -2.84643       -3.19357
H          4.94323       -4.04458       -2.64218
H          5.29671       -2.31178       -2.49823
H          2.67801       -1.39012       -1.72818
