28

C          1.43239        0.32858       -0.85392
C          2.82639       -0.23667       -0.52414
N          3.75895        0.89176       -0.40442
C          4.84064        0.40364        0.42930
C          4.75217       -1.13934        0.48637
C          3.24284       -1.27283        0.65590
C          2.27136       -2.42490        0.54867
C          0.92373       -1.90522        1.18615
O          0.91699       -0.50962        1.68598
C          2.09770       -0.01526        2.25072
C          3.14851       -1.01053        2.20367
C          2.63975        1.20459        1.94689
C          3.75805        1.47210        0.91896
H          1.49946        0.97134       -1.75075
H          1.01492        0.99540       -0.09117
H          0.70729       -0.44162       -1.09101
H          3.09833       -0.77034       -1.45525
H          5.84468        0.78073        0.26827
H          5.35262       -1.54367        1.30926
H          5.09911       -1.58124       -0.44327
H          2.61916       -3.30434        1.10723
H          2.12827       -2.77412       -0.47473
H          0.61288       -2.55781        2.00773
H          0.13909       -1.96871        0.42381
H          2.88652       -1.89517        2.80583
H          4.06286       -0.65570        2.70061
H          3.05015        1.66402        2.85235
H          4.02440        2.52845        0.87871
