20

O          0.92592       -1.90956        0.67778
C          2.34039       -2.06440        0.69741
C          2.94229       -1.25300       -0.44446
C          4.47763       -1.33350       -0.54046
O          5.04679       -0.81229        0.65701
C          4.96479       -2.74859       -0.74905
C          5.56888       -3.11761       -1.88640
O          5.83605       -2.25951       -2.93085
C          5.56452       -0.92224       -2.74030
C          4.95269       -0.43434       -1.65320
H          0.56681       -2.44537        1.40563
H          2.55866       -3.13071        0.59093
H          2.71074       -1.71928        1.66748
H          2.63434       -0.20707       -0.30227
H          2.47986       -1.57029       -1.38942
H          5.15556       -1.53879        1.28910
H          4.80766       -3.48960        0.02607
H          5.91452       -4.11782       -2.10749
H          5.91095       -0.32682       -3.57347
H          4.78361        0.63292       -1.55633
