30

C          2.73890       -0.04879       -0.35684
C          1.70618       -0.21347       -1.48549
C          0.38481        0.15471       -0.83645
C         -0.91841       -0.59458       -1.17776
C         -2.03753        0.41607       -0.83087
C         -1.88727        0.79121        0.63767
C         -0.60131        0.39550        1.41230
N         -1.89828       -0.28241        1.61780
C         -2.04894       -1.58915        0.94665
C         -0.99814       -1.80920       -0.16850
C          0.34148       -1.77902        0.55977
C          0.53663       -0.26018        0.62841
C          1.95963        0.13993        0.96022
H          3.38976        0.81359       -0.53701
H          3.38159       -0.93525       -0.30626
H          1.70995       -1.23288       -1.88498
H          1.93224        0.45746       -2.32169
H          0.27125        1.24566       -0.93818
H         -0.96379       -0.91147       -2.22422
H         -3.03109       -0.00642       -1.02423
H         -1.95051        1.31444       -1.45405
H         -2.40672        1.69861        0.90904
H         -0.27368        1.04835        2.21132
H         -3.06511       -1.68513        0.54637
H         -1.95579       -2.37279        1.70885
H         -1.17286       -2.76010       -0.67910
H          1.11247       -2.29979       -0.01765
H          0.31693       -2.24525        1.55102
H          2.38743       -0.46608        1.76683
H          2.01487        1.18857        1.27490
