22

O          2.53606       -0.29245        1.93759
C          2.71409       -0.41467        0.75046
C          2.70178        0.47804       -0.49653
C          1.93364       -0.71713       -1.16256
C          2.83490       -1.58828       -0.24488
C          4.26193       -1.25610       -0.65466
C          4.95422       -1.89711       -1.82955
O          6.35291       -1.69293       -1.61855
C          6.54860       -1.69732       -0.19656
C          5.30446       -1.08953        0.42817
O          5.20612        0.36580        0.33664
C          4.20736        0.27124       -0.71215
H          2.26342        1.46741       -0.44457
H          2.07872       -0.85836       -2.23735
H          0.86212       -0.77236       -0.93865
H          2.54611       -2.58173        0.08220
H          4.67262       -1.44302       -2.78618
H          4.75998       -2.97264       -1.88651
H          7.46705       -1.16340        0.05993
H          6.65500       -2.74368        0.11488
H          5.07990       -1.44667        1.43723
H          4.57069        0.72453       -1.64243
