27

C          1.22076        0.26174        0.00769
C          2.62369       -0.30046        0.01570
N          3.35431       -0.38715       -1.15168
O          2.60657       -0.66096       -2.30885
C          3.54806       -0.71270       -3.39452
C          2.81590       -0.94742       -4.72106
C          3.78211       -1.03693       -5.91811
C          3.04600       -1.25321       -7.24068
O          4.54872        0.15952       -6.00435
C          4.76048       -2.18355       -5.72202
C          5.59973       -3.16712       -5.55381
N          3.09410       -0.65038        1.18199
O          4.41014       -1.12915        1.06980
H          0.84435        0.42083       -1.00581
H          1.22127        1.22013        0.53469
H          0.55274       -0.42508        0.53081
H          4.14365       -1.01857       -0.99797
H          4.23902       -1.53838       -3.19498
H          4.11164        0.22687       -3.43064
H          2.10788       -0.12428       -4.87308
H          2.21111       -1.85974       -4.64071
H          2.39002       -0.40732       -7.47500
H          2.44545       -2.16985       -7.22612
H          3.75842       -1.33347       -8.07200
H          3.95940        0.86824       -6.31988
H          6.29246       -3.96535       -5.41829
H          4.66078       -1.25007        2.00729
