19

C          1.60746        0.27987        0.39608
N          3.00203        0.46137       -0.01288
N          3.56672       -0.68666       -0.42504
C          4.84687       -0.86931       -0.45260
O          5.86084        0.01392       -0.09766
C          7.05647       -0.72413       -0.30685
C          8.47367       -0.20265       -0.13365
N          9.64935        0.22996        0.01004
C          6.95925       -2.00006       -0.74382
S          5.33266       -2.46833       -0.98976
C          7.98851       -2.95516       -1.06685
C          8.93926       -3.38565       -0.23369
H          1.13463        1.23945        0.61411
H          1.54739       -0.35220        1.29086
H          1.02391       -0.20934       -0.39661
H          3.52839        0.95543        0.70763
H          7.93198       -3.39394       -2.06499
H          9.03471       -3.03186        0.78931
H          9.65517       -4.13668       -0.55981
