26

C          1.04759        0.09761       -0.55198
C          2.34209        0.04898       -0.19073
C          3.19383        1.30373       -0.12031
C          2.55529        2.46404        0.66327
C          2.06025        1.98574        2.00689
N          0.79251        1.81026        2.22219
N          0.53895        1.19226        3.41270
C          0.21503       -0.25705        3.34591
C          1.35528       -1.03208        2.76433
C          1.24583       -1.88292        1.72864
C          2.48949       -2.16102        0.97314
O          3.12391       -3.19655        1.15034
N          2.96393       -1.13067        0.18664
H          0.56357        1.03660       -0.79500
H          0.42062       -0.78350       -0.61615
H          3.43438        1.63232       -1.13903
H          4.15136        1.06273        0.35912
H          1.72736        2.90886        0.10108
H          3.30299        3.24593        0.83307
H          2.83132        1.72751        2.75617
H         -0.28923        1.63458        3.82153
H         -0.70039       -0.39372        2.75678
H          0.01626       -0.61452        4.36101
H          2.34526       -0.75874        3.12552
H          0.30991       -2.18834        1.28298
H          3.96437       -1.21081        0.02755
