27

C          1.67796       -0.40535       -0.75077
C          2.73171        0.45761       -0.03996
N          3.93812       -0.33806        0.18564
C          2.94154        1.76340       -0.79936
C          4.01139        2.84527       -0.41386
C          3.60501        4.25651       -0.63371
C          2.14578        4.14591       -0.86541
C          1.18317        3.61824        0.16635
O          1.68531        3.48909        1.50287
C          1.70679        2.70186       -0.91600
N          4.11009        2.04230       -1.55558
C          5.18537        1.28199       -1.90667
O          5.14717        0.14394       -2.36186
H          1.52281       -1.36103       -0.23615
H          1.96363       -0.61566       -1.78709
H          0.70700        0.10296       -0.77200
H          2.33323        0.70219        0.95256
H          4.33138       -0.58013       -0.73543
H          3.67490       -1.24623        0.57030
H          4.68242        2.65887        0.40580
H          4.10215        4.65704       -1.52550
H          3.84308        4.90944        0.21083
H          1.77132        4.83811       -1.60501
H          0.14843        3.93928        0.07458
H          2.41023        2.84865        1.58965
H          0.99674        2.43360       -1.69485
H          6.13712        1.81565       -1.75547
