27

C          1.41023       -0.75912       -2.39432
C          2.19027        0.54088       -2.48238
C          3.03360        0.78592       -1.22750
N          2.43279        0.86501       -0.07791
N          4.40289        0.92224       -1.34057
C          5.29071        0.80156       -0.19296
N          4.85637        1.81524       -2.31938
C          4.25420        2.99780       -2.69458
C          4.99993        3.48431       -3.74063
N          6.09221        2.69780       -3.96717
C          5.99936        1.71250       -3.09831
O          6.89251        0.73208       -2.94263
C          8.05613        0.88405       -3.75115
H          0.86088       -0.93459       -3.32403
H          0.68469       -0.73961       -1.57544
H          2.08349       -1.60711       -2.22385
H          1.49975        1.38564       -2.60449
H          2.83285        0.49946       -3.36721
H          1.41759        0.76706       -0.18657
H          4.75212        0.79126        0.76024
H          6.02779        1.61110       -0.13794
H          5.83468       -0.14704       -0.26412
H          3.34623        3.34947       -2.22593
H          4.80883        4.36854       -4.33485
H          8.68131       -0.00349       -3.61696
H          8.63667        1.75973       -3.43836
H          7.79765        0.95764       -4.81394
