32

C          0.92439        0.10021       -0.02106
C          2.41398       -0.20272        0.04958
C          2.96828       -0.02522        1.46624
C          2.29256       -0.96381        2.53270
C          3.65747       -0.90701        3.26785
C          4.30170       -0.81184        1.82461
C          4.65685       -2.12737        1.14440
C          3.86761        0.40784        4.09436
N          4.18081        0.40876        5.35436
N          3.75129        1.53186        3.29392
N          4.82674        2.45442        3.47623
C          3.00213        1.45168        2.00745
C          3.51119        2.45259        0.97015
H          0.59431        0.13789       -1.06415
H          0.67208        1.05370        0.45005
H          0.34828       -0.68410        0.48166
H          2.96027        0.42551       -0.66195
H          2.55784       -1.23184       -0.29868
H          2.00805       -1.96111        2.18036
H          1.43722       -0.54467        3.07656
H          3.91179       -1.81459        3.82623
H          5.19973       -0.17889        1.78605
H          3.82125       -2.83205        1.12963
H          5.49138       -2.61012        1.66290
H          4.96744       -1.94829        0.11018
H          4.19304       -0.55043        5.70749
H          5.27717        2.22477        4.37379
H          4.44704        3.38842        3.62454
H          1.97155        1.74422        2.24752
H          4.48981        2.16600        0.57448
H          3.58738        3.46165        1.38983
H          2.81510        2.52898        0.12718
