29

C          1.21974        0.12248       -0.10634
N          2.65259        0.10455        0.15254
C          3.40580        1.27356       -0.36406
C          3.86858        2.27005        0.72625
N          5.25506        2.78264        0.53312
C          5.82139        3.22409        1.80534
C          6.36010        1.97875        1.13726
C          7.75115        2.09477        0.56807
C          5.94310        0.64113        1.59775
C          5.61251       -0.33185        0.73072
C          4.58034       -1.35531        1.04374
C          3.20405       -1.16720        0.36319
O          2.52666       -2.18504        0.15675
H          0.82201        1.12880        0.05245
H          0.70532       -0.56474        0.57314
H          1.03906       -0.19735       -1.13717
H          2.75037        1.81437       -1.06059
H          4.22505        0.91486       -0.99124
H          3.69371        1.84408        1.72364
H          3.20502        3.14373        0.68153
H          5.23920        3.12793        2.71354
H          6.40062        4.13999        1.75518
H          7.96850        3.10708        0.20811
H          7.89887        1.40540       -0.26894
H          8.49044        1.85575        1.34098
H          5.64000        0.56121        2.64010
H          5.89257       -0.24217       -0.31657
H          4.38179       -1.39651        2.12111
H          4.96736       -2.33491        0.74795
