16

C          1.03040       -0.04189        0.08557
C          2.33425       -0.04189        0.08557
C          3.85425       -0.04189        0.08557
C          4.58758       -1.18157        0.08987
C          5.94828       -0.83048        0.09385
C          6.03277        0.52652        0.09090
C          4.74088        1.22498        0.07795
O          7.30897        0.93576        0.09181
N          8.11344       -0.23188        0.10121
C          7.25254       -1.27376        0.09913
C          7.70162       -2.62674        0.09874
N          7.97266       -3.75549        0.09910
H         -0.03514       -0.04306        0.08559
H          4.20263       -2.19525        0.09172
H          4.57767        1.80876       -0.83422
H          4.56588        1.83261        0.97091
