26

N          1.18913       -0.17371        0.05616
C          2.65745       -0.20254        0.16539
C          3.16514        0.88571        1.10746
C          4.66605        0.83704        1.14031
C          5.42705        1.88556        0.78178
C          5.24435       -0.47027        1.60537
N          4.54674       -1.63570        1.03977
N          5.06165       -2.91332        1.48433
C          4.38769       -3.98319        0.74144
C          2.88934       -3.89220        1.00429
N          2.35205       -2.57876        0.63325
C          3.18602       -1.58732        0.66299
H          0.85599        0.77761       -0.06587
H          0.78795       -0.54987        0.91250
H          3.06920       -0.05283       -0.84100
H          2.77892        0.73334        2.12378
H          2.80874        1.86962        0.77521
H          4.98653        2.82381        0.45290
H          6.51166        1.83825        0.81076
H          5.16225       -0.50972        2.69897
H          6.31026       -0.53481        1.35403
H          4.82957       -3.02884        2.47405
H          4.76667       -4.95281        1.08373
H          4.60989       -3.90663       -0.33020
H          2.66323       -4.08588        2.05876
H          2.37377       -4.66032        0.41761
