26

C         -5.86127       -1.92208        0.05993
C         -5.58892       -1.65729       -1.39761
N         -4.32053       -1.07864       -1.77967
C         -3.94647        0.06814       -1.01910
C         -3.05048       -1.19017       -1.07032
C         -2.56037       -1.47038        0.29719
C         -3.15296       -2.07323        1.34631
O         -4.37371       -1.66136        1.86651
C         -5.22140       -0.89739        0.99161
C         -4.60589        0.37851        0.30909
C         -3.61794        1.18470        1.20238
C         -2.21155        0.62517        1.48131
C         -1.64430       -0.39204        0.78446
H         -5.52973       -2.94067        0.30079
H         -6.94705       -1.92682        0.22073
H         -6.36823       -0.97167       -1.75813
H         -5.74431       -2.58080       -1.96206
H         -3.61488        0.94203       -1.56455
H         -2.23716       -1.22708       -1.78976
H         -2.59730       -2.30702        2.25763
H         -6.00449       -0.52602        1.66499
H         -5.45068        1.03974        0.07364
H         -4.11091        1.39992        2.15913
H         -3.44965        2.15985        0.72350
H         -2.14033        0.47288        2.56722
H         -1.01163       -0.06198       -0.04668
