28

C          0.99940       -0.09814       -0.21954
C          2.52060       -0.06053       -0.02477
C          2.91522        1.25304        0.71083
N          4.36998        1.45549        0.85210
C          5.05623        1.27678       -0.42691
C          4.75364       -0.06499       -1.15599
O          5.42842       -0.07514       -2.42328
C          3.23231       -0.10345       -1.39754
C          5.17660       -1.34839       -0.38335
C          6.51958       -1.12756        0.29999
O          6.70340       -1.13448        1.51501
C          4.15339       -1.85329        0.61082
C          2.96144       -1.26369        0.79226
H          0.65380        0.76000       -0.80677
H          0.47608       -0.06827        0.74444
H          0.68324       -1.00949       -0.74045
H          2.47464        1.27416        1.71655
H          2.50359        2.11755        0.17473
H          4.73213        0.76864        1.52280
H          6.13963        1.39842       -0.28520
H          4.78707        2.11310       -1.08898
H          5.27770        0.78237       -2.86040
H          2.95982       -1.00492       -1.96650
H          2.92318        0.74208       -2.02541
H          5.34669       -2.15944       -1.10413
H          7.36362       -0.93981       -0.38599
H          4.42417       -2.71688        1.21614
H          2.28967       -1.64505        1.55820
