28

C          0.78234       -0.21842       -0.23349
C          2.25051       -0.01353       -0.05608
C          2.95565        0.95328        0.57691
C          4.46621        0.80788        0.54099
O          4.81364       -0.41444        1.22349
C          5.31862        1.94446        1.13257
C          6.21775        2.56445        0.06295
O          4.63352        3.01153        1.78008
C          3.26778        3.03710        1.83822
C          2.77917        4.25052        2.58911
C          2.43425        2.11809        1.29827
C          0.93685        2.27953        1.43613
H          0.61073       -1.11398       -0.84005
H          0.32082        0.61386       -0.76968
H          0.28381       -0.39007        0.72401
H          2.83141       -0.81014       -0.52838
H          4.77148        0.64231       -0.50035
H          4.38814       -0.36102        2.09954
H          5.98784        1.52564        1.89580
H          5.62262        3.07823       -0.69944
H          6.83590        1.80320       -0.42437
H          6.88297        3.31296        0.50703
H          3.61570        4.85911        2.94872
H          2.19643        3.95679        3.46861
H          2.17006        4.89050        1.94175
H          0.63413        3.15511        2.01630
H          0.49941        1.42229        1.95659
H          0.47006        2.40662        0.45539
