26

C          1.01366       -0.04734       -0.01063
C          2.50597        0.12378       -0.02650
C          3.07968        1.33812       -0.02755
C          4.56571        1.53213       -0.02536
C          5.40020        0.24163       -0.10979
N          4.72236       -0.99292        0.23940
C          5.32326       -1.83473        1.26078
C          5.10613       -1.30595        2.68694
N          4.50129       -0.10680        2.92078
N          5.48396       -1.99376        3.71615
C          3.30799       -1.15217       -0.02543
H          0.48857        0.91350       -0.00105
H          0.70631       -0.60015        0.88362
H          0.68399       -0.60297       -0.89406
H          2.47048        2.23852       -0.01950
H          4.82840        2.07097        0.89336
H          4.83723        2.18544       -0.86276
H          6.29793        0.38378        0.50771
H          5.77934        0.14079       -1.13406
H          6.40230       -1.93721        1.09448
H          4.91606       -2.85219        1.21070
H          3.84646        0.19262        2.20917
H          4.15439       -0.02805        3.87091
H          5.93150       -2.86498        3.41485
H          2.86469       -1.82789        0.71739
H          3.18210       -1.64233       -0.99845
