31

C          5.06758       -2.95776       -1.00102
C          4.52652       -1.61740       -0.52954
C          5.08955       -0.46948       -1.37260
C          4.60604        0.90516       -0.88449
O          4.96259        1.07049        0.48487
C          5.09878        2.06046       -1.76417
C          4.61379        3.49216       -1.42147
C          4.59772        3.86109        0.06183
C          5.54968        4.42785       -2.21067
C          6.98156        3.95089       -1.99542
S          6.88583        2.17939       -1.83169
O          7.43280        1.80604       -0.53977
O          7.34318        1.56657       -3.06043
H          4.67695       -3.76627       -0.37578
H          6.16066       -2.98000       -0.94014
H          4.77723       -3.15478       -2.03755
H          4.79477       -1.48287        0.52447
H          3.43192       -1.62301       -0.58887
H          4.80555       -0.60976       -2.42239
H          6.18246       -0.52416       -1.31832
H          3.50972        0.91142       -0.91650
H          5.94382        1.06467        0.54644
H          4.79333        1.85928       -2.80117
H          3.58994        3.61611       -1.79403
H          5.57191        3.71184        0.53858
H          3.85163        3.27078        0.60287
H          4.32133        4.91255        0.19347
H          5.43644        5.47673       -1.92150
H          5.30445        4.35825       -3.27850
H          7.40669        4.35635       -1.07338
H          7.62747        4.20199       -2.84131
