31

C          4.58341        1.10270        1.16020
C          4.15046       -0.20488        1.79702
C          3.10739       -0.10625        2.95434
O          2.22067        1.03793        2.97282
C          2.52756       -1.39062        2.32284
N          3.10027       -0.94553        1.02019
C          3.67373       -2.09793        0.29567
C          2.59046       -3.13785       -0.06952
N          3.14293       -4.24587       -0.85037
N          3.57987       -5.43970       -0.19533
C          3.23094       -4.26421       -2.23515
C          2.90655       -3.05733       -3.08462
N          3.60331       -5.33925       -2.86952
H          5.24961        1.64730        1.83830
H          3.73841        1.76036        0.93274
H          5.13223        0.92535        0.22987
H          5.02592       -0.80701        2.08141
H          3.52988       -0.25729        3.95287
H          1.86494        1.06703        2.06386
H          1.43617       -1.46913        2.32219
H          2.94980       -2.31171        2.74441
H          4.46423       -2.59716        0.87274
H          4.15037       -1.72592       -0.62017
H          1.76050       -2.66434       -0.60529
H          2.14320       -3.54599        0.84495
H          3.28212       -5.46667        0.78074
H          4.60406       -5.46952       -0.18710
H          2.58749       -2.19425       -2.50312
H          2.10760       -3.32053       -3.78488
H          3.79501       -2.77609       -3.65716
H          3.71844       -6.03277       -2.11843
