26

C          0.92266       -0.13357        0.03770
C          2.37206       -0.17754        0.25385
C          3.22263        0.79333        0.56788
O          2.79871        2.07336        0.97698
C          3.05299        2.67618       -0.24777
C          4.54192        2.08153       -0.19850
O          5.43989        2.90194       -1.02639
C          6.27212        3.29563        0.09280
C          5.48681        2.50893        1.13128
N          6.39014        1.41696        1.66803
C          4.54236        0.63345       -0.26841
C          4.48736       -0.69119       -0.32182
C          3.15868       -1.34124       -0.09542
H          0.48879        0.87106       -0.02395
H          0.45230       -0.67660        0.84699
H          0.68676       -0.61468       -0.92346
H          2.62121        2.93103       -1.28627
H          1.97783        2.29288       -0.33440
H          6.23574        4.37229        0.28663
H          7.32507        3.00451       -0.02865
H          4.99776        3.09776        1.91556
H          7.39450        1.60015        1.73047
H          6.14044        1.01475        2.57573
H          5.36575       -1.32409       -0.39041
H          3.12927       -2.03719        0.74549
H          2.89888       -1.80449       -1.03314
