24

O          2.44338        0.11407        1.09738
C          2.16958        0.12215       -0.10077
C          2.96231        0.86460       -1.14343
C          4.40831        0.35052       -1.10470
C          5.23704        1.39530       -1.83299
C          4.40794        2.67271       -1.84478
C          3.14509        2.37718       -1.00503
C          2.02088        3.49777       -1.23773
O          2.97733        4.36871       -0.41277
C          2.93672        3.09457        0.42421
C          1.50365        2.95225        0.80978
C          0.87601        3.21915       -0.34275
H          1.32781       -0.48028       -0.48501
H          2.52434        0.63436       -2.12403
H          4.50826       -0.63977       -1.55748
H          4.77098        0.26948       -0.07101
H          5.45993        1.07743       -2.85800
H          6.19608        1.55379       -1.32902
H          4.11433        2.89167       -2.87952
H          4.98842        3.52399       -1.48071
H          1.84161        3.89903       -2.23492
H          3.71515        3.03657        1.18439
H          1.09164        2.73180        1.78308
H         -0.17695        3.30024       -0.54996
