26

C          1.28904       -0.50477       -0.40998
C          2.24471        0.60514        0.02269
C          1.63524        1.30378        1.25998
C          2.55149        1.59127       -1.08502
C          3.83276        1.99295       -1.03601
C          4.49125        1.39646        0.16763
C          5.99769        1.10408        0.24409
N          6.21736       -0.17172        0.96350
N          5.89165       -1.24117        0.09454
S          4.25291       -1.22011       -0.41431
O          4.25278       -0.98305       -1.84018
O          3.63816       -2.39155        0.15731
N          3.64421        0.16023        0.40344
H          0.28065       -0.10079       -0.56480
H          1.20862       -1.28145        0.35979
H          1.58245       -0.98505       -1.34782
H          0.88460        2.04776        0.97241
H          2.38351        1.81697        1.87668
H          1.15511        0.57794        1.92452
H          1.84970        1.84895       -1.86673
H          4.31617        2.63044       -1.76145
H          4.30326        2.08821        0.99956
H          6.47041        1.89904        0.83504
H          6.48953        1.11241       -0.73404
H          5.53234       -0.20349        1.73422
H          6.10556       -2.16294        0.48616
