31

C          1.08859        0.20481       -0.25432
C          2.60515        0.08035       -0.19819
N          3.08275        0.30054        1.16649
C          4.63922        0.19036        1.26220
C          5.49426        0.51749        0.04278
C          4.46213        1.21115        2.39016
N          5.17652        2.46760        2.57091
C          4.03291        3.32650        3.02799
C          2.70716        2.67995        2.48119
C          1.85295        2.06651        3.55383
C          1.21618        2.93337        4.61534
O          0.46936        2.44619        3.49331
C          3.30377        1.73545        1.46113
H          0.73090       -0.03933       -1.26055
H          0.76249        1.22279       -0.01867
H          0.60703       -0.48438        0.44745
H          3.04223        0.76560       -0.93390
H          2.87219       -0.93772       -0.50616
H          4.93210       -0.80122        1.63547
H          5.32272        1.51836       -0.36256
H          5.33074       -0.20923       -0.75968
H          6.55443        0.46026        0.31376
H          4.20322        0.71994        3.34004
H          5.55870        2.85969        1.70948
H          4.16452        4.33396        2.61823
H          4.03384        3.39823        4.12058
H          2.12957        3.45729        1.96500
H          2.07544        1.03774        3.79954
H          1.44209        3.99157        4.64033
H          1.01466        2.49109        5.58253
H          3.59212        2.32855        0.57675
