26

C          1.05093       -0.06813        0.13778
C          2.53820       -0.04077        0.08544
C          3.32633       -1.11662       -0.07326
C          4.69929       -0.60181        0.06478
N          4.68792        0.74151        0.34573
C          3.30897        1.23921        0.29905
C          3.10756        2.21955       -0.85031
O          4.01676        2.85621       -1.38141
N          5.68355       -1.41738       -0.08425
C          7.02545       -0.90427        0.17461
C          8.06059       -2.05314        0.11893
N          8.94142       -1.17771       -0.68894
C          7.74836       -0.39399       -1.08849
H          0.66663       -1.09350        0.10477
H          0.62098        0.48125       -0.70609
H          0.69845        0.38778        1.06863
H          3.07348       -2.15290       -0.22170
H          5.36249        1.31273       -0.16140
H          3.03906        1.72008        1.24353
H          2.05733        2.41256       -1.13203
H          7.13181       -0.27393        1.06594
H          7.73355       -2.95425       -0.41551
H          8.48238       -2.35415        1.08234
H          9.40118       -1.65914       -1.46069
H          7.31173       -0.71480       -2.04147
H          7.91719        0.68612       -1.12202
