27

C         -2.24353       -0.25636        0.03718
C         -0.78985        0.02710        0.00401
C         -0.05393        1.20235       -0.01106
C         -0.56329        2.60775        0.03031
C         -0.74053        3.21674       -1.36566
N         -1.21600        4.59939       -1.28838
C          1.29427        0.75618       -0.07486
N          1.39256       -0.57538       -0.08469
N          0.12398       -0.99018       -0.01823
C          2.51385        1.66958       -0.13963
C          3.81219        1.19893        0.49199
C          3.69035        1.22985       -0.99138
H         -2.83263        0.66337        0.08944
H         -2.49555       -0.87129        0.90630
H         -2.54477       -0.79774       -0.86575
H          0.12304        3.22716        0.62112
H         -1.52169        2.63222        0.56509
H         -1.45471        2.62558       -1.95090
H          0.21178        3.20364       -1.90778
H         -2.13723        4.62252       -0.85232
H         -1.33932        4.96591       -2.23217
H         -0.05083       -1.98909        0.00404
H          2.31066        2.73347       -0.10642
H          3.82957        0.22869        0.97828
H          4.44267        1.93948        0.96813
H          3.62221        0.28233       -1.51489
H          4.23124        1.99519       -1.53465
