34

C          2.50319       -0.45052       -1.72659
N          2.31845       -0.13274       -0.32040
C          2.92614       -1.05015        0.67573
C          2.68267       -0.29560        2.02286
C          2.15591       -2.40985        0.72606
C          2.95450       -3.56471        1.38605
C          4.04637       -3.03902        2.31687
C          5.04828       -2.48945        1.29791
C          5.23869       -3.76079        0.44283
C          3.82058       -4.27594        0.34992
C          3.39638       -5.19764       -0.52161
C          4.44970       -1.34126        0.40608
C          5.36248       -0.10884        0.42109
H          1.91823        0.25769       -2.32367
H          2.15703       -1.45341       -1.98708
H          3.54272       -0.33001       -2.04229
H          1.31906       -0.04942       -0.13168
H          1.94093        0.50904        1.92511
H          3.58534        0.16900        2.42323
H          2.26276       -0.94248        2.80058
H          1.85408       -2.72674       -0.28067
H          1.21055       -2.27491        1.27008
H          2.28490       -4.26564        1.89262
H          4.49230       -3.86361        2.89140
H          3.72074       -2.31407        3.05940
H          5.99066       -2.19312        1.77027
H          5.86254       -4.48676        0.97862
H          5.69300       -3.55935       -0.53193
H          4.07763       -5.64815       -1.23528
H          2.35799       -5.51344       -0.54769
H          4.51645       -1.69894       -0.63091
H          5.44760        0.33987        1.41436
H          5.00758        0.65641       -0.27567
H          6.37348       -0.38770        0.10256
