28

C          0.97938        2.51943        1.48766
C          2.34387        1.83615        1.59763
C          2.80262        1.32557        0.23393
C          2.94696        2.63658       -0.64885
C          4.08221        2.87731        0.36169
C          3.54992        2.77785        1.81901
C          4.68899        1.95939        2.44005
C          6.15160        2.44325        2.61117
C          6.45472        1.74294        1.29200
N          5.14087        1.02232        1.39312
C          4.38767        1.35958        0.17375
C          4.92815        0.59875       -0.93267
C          5.31645       -0.28710       -1.62633
H          0.31586        1.96321        0.81602
H          1.05120        3.54340        1.10889
H          0.49046        2.58668        2.46553
H          2.28188        1.01991        2.32578
H          2.26146        0.49148       -0.21967
H          2.14617        3.37852       -0.66003
H          3.28239        2.51979       -1.68725
H          4.81261        3.65911        0.14530
H          3.32799        3.70803        2.34338
H          4.35939        1.45510        3.35828
H          6.70197        1.98176        3.44172
H          6.31084        3.52378        2.63581
H          7.33630        1.09640        1.26284
H          6.57572        2.45759        0.46246
H          5.61791       -1.20673       -2.08472
