25

C          0.98806        0.16157       -0.08877
C          2.32323        0.15001       -0.16737
C          3.22108        1.27033        0.27453
C          4.54058        0.59160        0.67436
C          4.86576        0.63410        2.15790
N          4.20241       -0.51540        2.77206
C          4.14700       -1.58893        1.75888
C          5.46652       -2.36015        1.47998
O          6.12944       -3.17097        2.08998
C          5.59833       -1.75852        0.07258
C          4.33901       -0.89668        0.37589
C          3.15014       -1.03446       -0.56508
H          0.44944        1.03916        0.25646
H          0.39766       -0.70523       -0.37025
H          2.78906        1.87111        1.07967
H          3.40460        1.93356       -0.57966
H          5.36295        1.02333        0.09090
H          4.55648        1.57172        2.63062
H          5.94697        0.53728        2.30920
H          3.27206       -0.23157        3.08105
H          3.28877       -2.25837        1.86202
H          5.47713       -2.49838       -0.72406
H          6.52743       -1.20300       -0.08032
H          2.62645       -1.98810       -0.44762
H          3.46616       -0.92910       -1.60856
