28

C          0.98140        0.04770        0.01295
C          2.48496       -0.06496       -0.07165
C          3.12150       -0.85631       -1.20305
C          2.28702       -2.05291       -1.64093
C          1.98493       -3.17679       -0.63848
O          2.75520       -4.11585       -1.42957
C          3.08318       -3.16761       -2.34345
O          3.76606       -3.28547       -3.33736
C          3.20103        0.61412        0.85064
C          4.67619        0.75560        0.82142
C          5.27457        1.64239        1.93861
C          6.34832        0.55141        2.03138
N          5.36892       -0.39867        1.44832
H          0.45468       -0.78409       -0.45665
H          0.64988        0.97192       -0.47147
H          0.64970        0.06549        1.05778
H          4.11579       -1.20813       -0.90528
H          3.26298       -0.18861       -2.06094
H          1.41839       -1.76000       -2.24571
H          0.93135       -3.47045       -0.58239
H          2.39607       -3.06441        0.36690
H          2.67875        1.18179        1.61759
H          5.06642        1.01092       -0.17330
H          4.66783        1.73622        2.84841
H          5.62060        2.63483        1.63768
H          6.68789        0.30475        3.04131
H          7.22379        0.72661        1.39548
H          4.80193       -0.87120        2.15310
