23

C          1.89715        2.82216       -0.71624
C          2.57860        1.79035       -0.20544
C          3.13886        0.66440       -1.01954
C          4.62925        0.60058       -0.87707
C          5.56316        1.18883       -1.65170
C          5.18513        2.03914       -2.80233
O          5.98731        2.31463       -3.69305
C          7.01938        0.95613       -1.32877
N          7.32700        0.72837       -0.07548
O          8.68642        0.41030        0.14253
C          9.62462        1.05088       -0.73300
O          9.10498        1.72120       -1.88609
N          7.97825        1.01566       -2.33028
H          1.52453        3.61415       -0.07035
H          1.69394        2.90885       -1.77900
H          2.75080        1.75284        0.87019
H          2.84470        0.74302       -2.07230
H          2.70996       -0.28112       -0.66556
H          4.96496       -0.01923       -0.04402
H          4.14990        2.41241       -2.82781
H         10.34028        0.29100       -1.06257
H         10.17178        1.79335       -0.14460
H          7.61954        1.42124       -3.20301
