34

C          3.42626       -1.37048       -1.14280
C          2.72034       -0.97736        0.14690
N          3.44828       -0.10855        1.13044
C          2.48239        0.35744        2.16100
C          2.65178        1.80200        1.90593
C          3.01850        1.78461        0.41443
C          4.37230        1.13154        0.48934
C          5.51600        0.20155        0.97891
C          5.07370        2.62503        1.17831
C          6.27210        3.08057        0.30153
C          4.20922        4.02258        1.39433
C          2.79238        4.12588        2.00911
C          1.99383        3.06806        2.24493
H          2.71312       -1.89829       -1.79156
H          4.25569       -2.05433       -0.95195
H          3.78544       -0.50377       -1.70152
H          2.44331       -1.90135        0.67255
H          1.75966       -0.53493       -0.14370
H          2.84081        0.04801        3.14976
H          1.45895        0.00326        2.02863
H          3.50601        1.92519        2.58798
H          3.08009        2.73936       -0.12055
H          2.25375        1.33604       -0.22561
H          5.49913       -0.82745        0.59555
H          5.60772        0.16475        2.07632
H          6.49082        0.53810        0.61607
H          5.47586        2.37683        2.17166
H          5.97005        3.18962       -0.74606
H          7.12234        2.39996        0.35200
H          6.65622        4.05657        0.63987
H          4.15021        4.53318        0.41551
H          4.84394        4.67226        2.01407
H          2.42058        5.12571        2.21548
H          0.99524        3.12572        2.64831
