26

C          1.95517       -0.55698       -3.14860
C          2.63466       -0.10162       -2.08781
C          3.15839       -0.96845       -0.97245
C          4.67947       -0.84719       -0.78247
C          5.20069       -1.74981        0.35251
C          6.09497       -0.81976        1.08315
C          5.94330        0.39898        0.58047
O          5.03825        0.52093       -0.45117
C          6.98676       -1.19604        2.21072
N          6.68118       -2.21456        2.95966
N          8.14042       -0.48887        2.47232
C          9.10106       -0.66411        3.42696
N          9.13742       -1.55439        4.35807
H          1.59257        0.12776       -3.90957
H          1.73803       -1.61173       -3.28245
H          2.80872        0.97024       -1.99665
H          2.90014       -2.01834       -1.15859
H          2.64513       -0.66356       -0.05210
H          5.19075       -1.09958       -1.72180
H          5.74234       -2.60987       -0.05566
H          4.39360       -2.11839        0.99408
H          6.38708        1.33137        0.88587
H          5.79249       -2.64045        2.68304
H          8.34163        0.26241        1.82337
H          9.92504        0.06682        3.34547
H          8.27291       -2.11985        4.23198
