26

C          0.99393        0.47194        0.05464
C          2.45223        0.10822        0.27920
C          3.36983        0.34260       -0.95966
C          3.46885       -0.94331       -1.76801
C          4.56991       -0.56609       -0.81428
C          4.32150       -1.37578        0.38731
C          5.19664       -1.97705        1.20118
C          2.77057       -1.38874        0.35250
N          2.12562       -2.41723        1.11562
C          2.09832       -3.55913        0.33620
N          1.59408       -4.67815        0.69046
N          2.60721       -3.28068       -0.91752
C          2.46886       -1.86106       -1.13040
H          0.86538        1.55929        0.11774
H          0.36004        0.01114        0.81989
H          0.61783        0.17826       -0.92760
H          2.83531        0.64893        1.15479
H          3.44686        1.32316       -1.38915
H          3.58102       -0.93658       -2.83432
H          5.55143       -0.27682       -1.14969
H          6.26548       -1.89076        1.02476
H          4.87565       -2.61262        2.01782
H          2.47986       -2.55737        2.05176
H          1.21397       -4.56632        1.63428
H          2.27936       -3.91714       -1.63206
H          1.45299       -1.65520       -1.47653
