25

C          0.90700       -2.44351       -0.05763
O          2.29405       -2.51718        0.23895
C          2.98501       -1.31066       -0.11016
C          4.46300       -1.47894        0.27589
O          5.08852       -2.32023       -0.67956
S          6.46423       -3.13639       -0.37800
O          7.48409       -2.69964       -1.30752
O          6.12093       -4.54028       -0.27711
C          6.92360       -2.59801        1.26295
C          7.44804       -1.18007        1.37217
C          6.55597       -0.05144        0.96046
O          6.33405        0.00261       -0.45575
C          5.16913       -0.16040        0.35997
H          0.44438       -3.39112        0.23239
H          0.75047       -2.28879       -1.12875
H          0.43730       -1.63771        0.51499
H          2.53585       -0.48658        0.45691
H          2.87416       -1.11819       -1.18287
H          4.44998       -1.95932        1.25757
H          7.73379       -3.27866        1.55701
H          6.10742       -2.81065        1.95631
H          8.39498       -1.09236        0.82699
H          7.69769       -1.01623        2.42926
H          6.84152        0.88207        1.43207
H          4.51088        0.69460        0.44142
