30

C          0.95736       -0.12625       -0.10282
N          2.40002       -0.27432        0.03353
C          2.91420       -1.37378       -0.79454
C          4.35490       -1.74325       -0.38963
N          5.18500       -2.17250       -1.30450
N          4.77379       -1.59853        0.91500
C          3.98897       -2.17516        1.99851
C          5.34056       -0.23044        1.20090
C          6.31359       -0.08576        2.36197
C          6.84309       -0.09764        0.96671
C          4.45887        1.01227        0.76832
C          4.40936        1.34217       -0.70937
C          3.13777        1.00166        0.00009
H          0.45244       -1.02419        0.26919
H          0.65299        0.04945       -1.13949
H          0.58856        0.70492        0.50906
H          2.87177       -1.12068       -1.86002
H          2.31647       -2.27982       -0.63668
H          4.73238       -2.20104       -2.21981
H          3.37392       -3.00906        1.64187
H          3.33832       -1.43996        2.47998
H          4.66503       -2.58545        2.75563
H          6.52238       -0.95127        2.97859
H          6.33015        0.85329        2.90107
H          7.35643       -0.98033        0.60252
H          7.20175        0.82839        0.53578
H          4.53102        1.85064        1.46207
H          4.86988        0.64911       -1.40134
H          4.60879        2.37686       -0.97106
H          2.49853        1.87637        0.13165
