34

C          2.34856        1.51453       -0.41474
N          2.28153        0.17792        0.16507
C          2.89469       -0.83203       -0.70017
C          2.15777       -1.08223       -2.04231
C          2.73874       -2.37754       -2.53974
C          2.11727       -3.71138       -2.23957
C          2.43985       -4.86617       -3.13060
C          3.17406       -3.16986       -1.31812
C          2.97907       -2.26624       -0.07620
C          3.98988       -2.44851        1.09919
C          2.94244       -3.31951        1.83512
C          3.06521       -4.83051        1.72516
C          1.85698       -2.68643        0.94069
H          1.89686        2.23182        0.27798
H          1.79793        1.57932       -1.35757
H          3.38473        1.82667       -0.58118
H          1.30262       -0.05590        0.32320
H          3.92581       -0.52395       -0.92900
H          2.32162       -0.27118       -2.75695
H          1.07795       -1.19452       -1.88186
H          3.45513       -2.25658       -3.34395
H          1.09331       -3.74454       -1.89305
H          3.47303       -4.82881       -3.49272
H          1.77897       -4.86666       -4.00288
H          2.30432       -5.81111       -2.59508
H          4.17123       -3.59677       -1.33166
H          4.23271       -1.52133        1.63118
H          4.92969       -2.95219        0.85113
H          2.84044       -3.04147        2.89289
H          3.14971       -5.16628        0.68777
H          2.18200       -5.31388        2.16108
H          3.94271       -5.18745        2.27097
H          1.33831       -1.86895        1.45240
H          1.09320       -3.37193        0.56089
