27

C          2.00353       -0.42266        0.67474
C          3.27740        0.10200        0.12288
O          4.02962       -0.89173       -0.58555
C          4.74233       -0.22601        0.47290
C          5.72223        0.76963       -0.06899
C          4.87479        1.95208       -0.31860
C          4.01379        2.57039        0.75672
C          3.42251        1.59160       -0.22398
C          5.18525       -1.04032        1.64856
O          4.07967       -1.58496        2.36909
C          6.16402       -2.16189        1.23504
N          6.69723       -2.87104        2.40800
H          2.07597       -1.44228        1.05973
H          1.25268       -0.44091       -0.12425
H          1.62204        0.22885        1.46669
H          6.15580        0.40819       -1.01101
H          6.54453        0.99455        0.61829
H          5.22835        2.59095       -1.11530
H          3.74117        3.61587        0.66159
H          4.14752        2.24538        1.78480
H          2.76854        1.98609       -0.98977
H          5.69601       -0.36759        2.35070
H          4.34657       -2.48971        2.61855
H          6.99459       -1.75688        0.64748
H          5.63752       -2.89643        0.61644
H          7.26911       -2.22659        2.95974
H          7.33861       -3.59732        2.08868
