25

C          1.09510        0.05979       -0.01815
C          2.58701        0.08874       -0.00274
C          3.27818        1.09621        0.54308
C          4.79818        1.09621        0.54308
C          6.10204        1.09621        0.54308
C          7.62204        1.09621        0.54308
C          8.14264        1.20529       -0.91384
N          7.70663        0.10288       -1.77897
C          8.06479        2.25473        1.39296
C          8.83704        2.18012        2.53782
S          9.03795        3.75098        3.18769
N          8.17574        4.53449        2.00922
C          7.71635        3.63015        1.15516
H          0.74265       -0.85145       -0.51111
H          0.69468        0.91612       -0.56988
H          0.69470        0.06640        1.00054
H          3.11123       -0.74756       -0.45862
H          2.79562        1.95091        1.00662
H          7.97013        0.15267        0.98274
H          9.23821        1.24072       -0.91142
H          7.79608        2.14104       -1.37112
H          8.03690       -0.78822       -1.41471
H          8.09967        0.21542       -2.71149
H          9.26598        1.31349        3.02219
H          7.09968        3.98755        0.33919
