27

C          3.30235       -0.48910       -1.00295
N          2.59418       -0.14467        0.20624
C          3.14428        0.74532        1.07792
N          4.01033        1.64874        0.75285
C          4.70319        2.34599        1.79296
C          4.22116        2.20420        3.18892
C          2.88050        1.58091        3.27495
O          2.71580        0.50419        2.33709
C          5.48581        1.49014        2.76539
O          6.72238        2.07345        3.23135
C          7.87814        1.43822        2.68577
O          9.07612        2.07860        3.11150
C          9.16173        3.40453        2.61087
H          2.73265       -1.21982       -1.57663
H          4.27858       -0.92235       -0.76087
H          3.45824        0.39533       -1.63429
H          2.14923       -0.92024        0.67805
H          5.14581        3.29239        1.49690
H          4.33737        3.02113        3.88514
H          2.10800        2.33130        3.06303
H          2.68720        1.19186        4.28127
H          5.44297        0.40935        2.66021
H          7.83746        1.41187        1.58886
H          7.91170        0.40654        3.05446
H         10.09774        3.84720        2.96318
H          8.33338        4.01526        2.98244
H          9.16733        3.40289        1.51635
