25

C          7.22949       -2.63580       -2.40664
N          6.86337       -1.96838       -1.16699
N          7.75285       -2.20384        0.04314
C          7.61041       -1.08804        1.02586
C          6.85078       -0.71323        2.34484
C          6.25076        0.62651        2.79517
C          5.13353        1.28171        1.90642
C          4.63959        0.69193        0.77792
C          5.64196       -0.20413        0.12896
C          6.12754       -1.11790        1.17675
C          5.73119       -1.10491       -1.12428
N          4.85546       -0.99666       -2.07205
H          7.93896       -3.44949       -2.22527
H          7.69952       -1.91821       -3.08628
H          6.35267       -3.06628       -2.90137
H          7.47694       -3.09475        0.46603
H          8.18104       -0.22318        0.68011
H          7.00575       -1.39012        3.17636
H          7.05168        1.34723        2.98541
H          5.75668        0.44103        3.75966
H          5.41453        2.33104        1.74868
H          3.67688        0.18578        0.89091
H          6.40102        0.54625       -0.17177
H          5.54498       -2.02987        1.27443
H          4.16106       -0.28292       -1.82082
