27

C          5.34117       -0.22521        0.03574
C          3.95889        0.35984       -0.20889
C          3.63761        1.46754        0.74163
C          3.82652        2.83398        0.63769
Cl         4.54955        3.62550       -0.69611
C          3.32279        3.50968        1.80296
C          3.32572        4.99094        2.06325
C          4.08877        5.40231        3.32610
C          5.57796        5.04809        3.27522
C          6.26863        5.47653        4.53873
C          7.28895        6.34359        4.58585
N          2.78556        2.71966        2.73622
S          2.89080        1.14699        2.24646
H          5.57041       -0.97983       -0.72422
H          5.39901       -0.70871        1.01653
H          6.11743        0.54600       -0.00638
H          3.21011       -0.43799       -0.13065
H          3.90093        0.72885       -1.23976
H          2.28255        5.31863        2.16563
H          3.72910        5.53981        1.20583
H          3.62720        4.93743        4.20728
H          3.97904        6.48661        3.45530
H          6.04011        5.51734        2.39855
H          5.71159        3.96561        3.16866
H          5.90779        5.03782        5.46647
H          7.69118        6.80304        3.68936
H          7.74470        6.60893        5.53436
