29

C          0.48679        0.23083       -0.16326
C          1.92856        0.10409        0.12285
C          2.88498       -0.86533       -0.51290
C          2.76879       -1.51357       -1.85834
C          3.40641       -0.47576       -2.76885
C          2.84440        0.81224       -2.17216
N          2.97462        0.65180       -0.70637
C          4.96974       -0.62463       -2.84861
N          5.89917       -0.06300       -2.11265
N          5.67775        0.70852       -1.05162
N          5.36640       -1.50584       -3.87667
C          6.74671       -1.33504       -4.39167
C          6.41618       -2.49954       -3.52390
H         -0.07507       -0.44649        0.48834
H          0.21718        0.00234       -1.19687
H          0.15608        1.24956        0.06840
H          2.08835        0.26786        1.18460
H          3.69808       -1.27566        0.07867
H          1.71396       -1.66065       -2.12428
H          3.26399       -2.48708       -1.89919
H          3.03419       -0.59912       -3.79334
H          1.80021        0.96016       -2.47375
H          3.40309        1.68667       -2.51655
H          6.22534        1.56571       -1.08498
H          4.70297        0.95059       -0.84849
H          7.32065       -0.51968       -3.97059
H          6.81623       -1.47810       -5.45956
H          6.72911       -2.49559       -2.48707
H          6.28868       -3.46108       -3.99685
