27

C          3.62977        0.88273        0.54847
C          2.51063       -0.06433        0.15208
N          2.72431       -0.73509       -1.10932
O          3.54212       -1.88059       -0.99053
C          2.90521       -2.92502       -1.76710
C          1.37691       -2.88858       -1.65724
C          0.82028       -3.47092       -0.57506
C          0.53290       -2.19524       -2.66807
C          0.94764       -1.85418       -4.05990
C          0.66841       -0.73668       -3.07076
N          1.74336        0.22826       -2.94391
C          2.91906       -0.04368       -2.28113
O          3.99395        0.16808       -2.83527
H          3.38925        1.36650        1.50047
H          3.76849        1.66849       -0.20119
H          4.57877        0.35026        0.66010
H          1.58327        0.51078        0.05226
H          2.35678       -0.82420        0.92586
H          3.28657       -3.87766       -1.38682
H          3.24749       -2.85481       -2.80366
H          1.42639       -3.94333        0.19262
H         -0.25241       -3.44868       -0.40842
H         -0.49752       -2.55418       -2.61549
H          0.23254       -1.98790       -4.86375
H          1.97213       -2.00776       -4.37752
H         -0.28526       -0.21741       -3.15466
H          1.95590        0.72601       -3.80165
