31

C          2.17971       -1.46403       -0.12592
N          2.35236        0.00286        0.03209
C          1.01845        0.59448       -0.29460
C          0.87892        2.11737       -0.45344
N         -0.41877        2.48952       -1.03432
C          2.93360        0.34347        1.38063
C          4.24103       -0.44800        1.68610
C          5.36381       -0.01991        0.74752
O          5.64380        1.37234        0.89825
C          4.50387        2.18431        0.62240
C          3.36176        1.82205        1.55829
C          1.90268        0.00116        2.44385
C          1.01837       -0.29246        3.35588
H          1.76945       -1.70598       -1.11254
H          1.49797       -1.89047        0.62105
H          3.12711       -2.00434       -0.08158
H          0.25244        0.24081        0.40799
H          0.72732        0.18201       -1.27312
H          1.68061        2.51455       -1.08507
H          0.90996        2.61039        0.51853
H         -0.48321        2.12046       -1.98256
H         -0.46248        3.50530       -1.11495
H          4.10363       -1.53345        1.66281
H          4.55374       -0.22799        2.71820
H          5.13608       -0.23427       -0.30160
H          6.28133       -0.56163        1.00024
H          4.22371        2.08595       -0.43329
H          4.79571        3.22529        0.78745
H          2.54945        2.53605        1.46142
H          3.71511        1.96164        2.59207
H          0.29239       -0.53008        4.09877
