24

C         -2.90945       -0.88527       -0.79122
C         -2.53304        0.59174       -0.60435
C         -1.40917        0.47545        0.35258
C         -0.83286       -0.73563        0.27029
C         -1.62729       -1.69664       -0.53285
C          0.58185       -0.57799        0.48234
C          0.81240        0.70979        0.81895
C         -0.46223        1.49918        0.87612
O          2.02272        1.34533        0.68349
C          2.99393        0.66598       -0.02522
C          2.88603       -0.61703       -0.40517
C          1.66358       -1.44682       -0.07095
H         -3.32784       -1.08285       -1.78386
H         -3.67850       -1.15728       -0.05222
H         -3.36281        1.20273       -0.25152
H         -2.15517        1.00668       -1.54943
H         -1.85214       -2.61187        0.02462
H         -1.12328       -1.95508       -1.46710
H         -0.41902        2.38566        0.24015
H         -0.71070        1.78388        1.90417
H          3.83014        1.31194       -0.25104
H          3.67243       -1.08183       -0.98968
H          1.93831       -2.22054        0.65429
H          1.33095       -1.93993       -0.98553
