23

C          0.98321       -0.09831        0.21031
C          2.48920       -0.00176        0.01664
C          2.87714       -0.59962       -1.32531
O          4.32080       -0.52499       -1.54270
C          4.24655       -1.82760       -2.19046
C          2.94699       -2.14625       -1.42603
C          1.86797       -2.77468       -2.27372
N          1.32201       -3.97235       -2.00356
N          0.41516       -4.05872       -3.01414
C         -0.40323       -5.17530       -3.16656
O         -1.22311       -5.23605       -4.07571
N          0.39234       -2.98916       -3.83748
N          1.32735       -2.17054       -3.37581
H          0.69605        0.29986        1.18787
H          0.63975       -1.13490        0.14752
H          0.45602        0.47469       -0.56026
H          3.00294       -0.51477        0.83757
H          2.78603        1.05223        0.05524
H          2.36608       -0.08666       -2.15317
H          5.10333       -2.45717       -1.93653
H          4.18062       -1.71956       -3.27955
H          3.14528       -2.68038       -0.48780
H         -0.26621       -5.98166       -2.43394
