26

C          2.05979       -0.20716        0.83915
O          2.19259       -0.13219       -0.59407
C          0.87265       -0.03217       -0.06472
C          0.19835        1.30138       -0.17939
C         -1.22322        1.18089        0.45370
N         -2.22669        1.85437       -0.44341
C         -2.55755        0.50437       -1.00691
C         -2.17907       -0.08529        0.34301
C         -1.19421       -1.18848        0.64464
C         -1.35412       -2.59711        0.07552
N          0.14945       -2.52308       -0.15108
C         -0.10230       -1.08233       -0.44129
H          2.39479        0.63986        1.42490
H          2.19661       -1.16824        1.32017
H          0.13156        1.55426       -1.24728
H          0.76545        2.10724        0.29900
H         -1.19187        1.59387        1.47099
H         -3.00102        2.26873        0.07857
H         -1.96773        0.25350       -1.89082
H         -3.61312        0.39052       -1.27558
H         -3.01168       -0.06805        1.06019
H         -0.84158       -1.18572        1.68605
H         -1.94168       -2.69029       -0.84674
H         -1.65990       -3.36738        0.78334
H          0.49175       -3.05268       -0.95125
H         -0.40766       -0.96991       -1.49062
