23

C          0.88498       -0.31319       -0.05540
C          2.38490       -0.15867       -0.04440
C          3.08403        0.99406       -0.02627
O          4.45267        1.05779       -0.02169
C          5.26169       -0.11422       -0.05534
C          6.13404       -0.10170       -1.30003
N          6.85772       -0.09132       -2.33260
C          4.56020       -1.45193        0.02981
C          5.24326       -2.61088        0.14138
C          3.07164       -1.49362       -0.05706
C          2.40398        2.33194       -0.00678
N          3.04500        3.45799        0.03268
O          2.11882        4.51073        0.04339
H          0.32192        0.61984       -0.07759
H          0.56196       -0.86215        0.83655
H          0.57879       -0.88975       -0.93559
H          5.93171       -0.03162        0.81044
H          6.32991       -2.64193        0.17256
H          4.73337       -3.57102        0.16413
H          2.69125       -2.08173        0.78965
H          2.78782       -2.01706       -0.97865
H          1.30498        2.33713       -0.02386
H          2.69635        5.29646        0.07789
