31

C          0.72723        0.30671        0.54776
N          2.08996        0.27882        0.05240
C          2.41859       -0.93400       -0.72538
C          1.45103       -1.25000       -1.84184
C          1.93294       -1.70959       -3.19854
C          1.24085       -0.36875       -3.08154
C         -0.19898       -0.24700       -3.53526
C          2.02299        0.95134       -3.19050
O          3.42353        0.70336       -3.32486
C          1.70662        1.76459       -1.93912
N          2.24335        3.16739       -1.79798
C          2.15496        2.87110       -0.29199
C          2.57711        1.44204       -0.69300
H          0.50978       -0.61941        1.09546
H         -0.03016        0.40866       -0.23567
H          0.59055        1.11893        1.26586
H          2.43637       -1.79123       -0.03893
H          3.44219       -0.87116       -1.11455
H          0.58646       -1.77284       -1.44323
H          1.39632       -2.52334       -3.67676
H          2.99800       -1.73179       -3.40146
H         -0.71254       -1.21253       -3.51888
H         -0.25090        0.15012       -4.55253
H         -0.75865        0.42649       -2.87543
H          1.70720        1.48857       -4.09075
H          3.87377        1.51981       -3.04272
H          0.61852        1.78259       -1.78175
H          1.60435        3.89673       -2.11324
H          1.14310        3.01342        0.10891
H          2.86071        3.43832        0.31849
H          3.66597        1.40319       -0.85809
