28

C          3.85321        2.30474       -3.37430
C          3.82720        0.82112       -3.69554
C          4.32756       -0.00169       -2.53364
O          4.67080        0.44365       -1.44741
O          4.33375       -1.31660       -2.88195
C          4.81814       -2.21600       -1.87944
C          6.31451       -2.27321       -1.94393
C          6.97943       -3.20365       -2.64498
C          8.41982       -3.26687       -2.71882
C          9.13846       -4.14439       -3.44646
C          8.58015       -5.22254       -4.33379
C         10.64665       -4.10256       -3.42551
H          3.47344        2.88763       -4.21826
H          4.87325        2.63900       -3.15609
H          3.23526        2.52547       -2.49750
H          4.46438        0.62590       -4.56498
H          2.80208        0.51251       -3.92436
H          4.38111       -3.19852       -2.09166
H          4.47248       -1.93488       -0.87755
H          6.84559       -1.50816       -1.38224
H          6.40133       -3.93301       -3.20220
H          8.95251       -2.52676       -2.12152
H          7.48857       -5.25353       -4.36526
H          8.92033       -6.20495       -3.99200
H          8.92363       -5.07635       -5.36399
H         11.03418       -3.30820       -2.77906
H         11.03368       -3.92928       -4.43466
H         11.04372       -5.05404       -3.05882
