26

C          2.60628       -1.53836        0.11105
N          2.36927       -0.10572        0.23172
C          2.96671        0.67275       -0.87579
C          2.47005        0.50730       -2.27365
C          2.12287        1.79603       -1.47519
C          2.77817        3.07266       -2.12994
C          4.15420        3.43703       -1.61775
N          4.06341        3.78786       -0.20028
C          2.68428        3.63512       -3.61918
N          2.32027        2.34375       -3.29902
C          2.94027        1.16024       -3.47113
N          3.70040        0.62430       -4.33877
H          2.15577       -2.05408        0.96491
H          3.67502       -1.77239        0.09470
H          2.13910       -1.94263       -0.79262
H          2.74858        0.22409        1.12034
H          4.03905        0.81168       -0.77709
H          1.67054       -0.20760       -2.43006
H          1.11033        1.90230       -1.09413
H          4.54372        4.31705       -2.14213
H          4.87932        2.63112       -1.76386
H          3.36875        4.52363       -0.07459
H          4.95115        4.18055        0.10898
H          3.57482        3.72992       -4.22342
H          1.86178        4.29906       -3.84583
H          3.84016        1.29011       -5.10417
