25

C          1.45705        0.39586        0.85457
N          2.60064        0.20888       -0.02913
C          3.41022       -1.01925        0.07178
C          3.69016       -1.35928        1.51059
C          3.69834       -2.62321        1.95486
C          3.43886       -3.74236        1.07723
C          3.58114       -5.00707        1.48663
N          2.99811       -3.47262       -0.19225
C          2.80987       -2.21572       -0.72751
O          2.24452       -2.10548       -1.81674
C          2.87464        1.05830       -1.09530
C          2.08067        2.33917       -1.22420
O          3.76566        0.82600       -1.91298
H          1.29638       -0.46291        1.51011
H          0.55082        0.55622        0.26421
H          1.64841        1.28077        1.47192
H          4.38577       -0.82790       -0.39290
H          3.91490       -0.54426        2.19036
H          3.91765       -2.82485        3.00038
H          3.91322       -5.24782        2.49332
H          3.38902       -5.85015        0.83056
H          2.70312       -4.23241       -0.79241
H          1.38095        2.52185       -0.41022
H          1.52352        2.32166       -2.16481
H          2.78782        3.17410       -1.23890
