31

C          0.99287        0.13556       -0.06706
N          2.45884        0.10199       -0.06456
C          2.91639       -1.18154        0.52587
C          4.46041       -1.31453        0.59901
C          5.03375       -1.50057       -0.82369
N          6.48603       -1.66538       -0.83293
C          5.04858       -0.10654        1.36565
C          4.54680        1.16699        0.71617
C          4.92948        2.51372        1.34122
C          3.95457        3.44158        0.66148
O          2.67595        3.61414        1.26875
C          2.76156        2.61695        0.24638
C          3.00022        1.21190        0.72470
H          0.58917       -0.70969       -0.63659
H          0.62169        1.04142       -0.55665
H          0.57387        0.09592        0.94607
H          2.51912       -2.01669       -0.06550
H          2.50934       -1.29438        1.54104
H          4.69416       -2.22160        1.17338
H          4.76645       -0.66678       -1.48164
H          4.59058       -2.39942       -1.27058
H          6.92810       -0.79094       -0.55388
H          6.79156       -1.82848       -1.79256
H          6.14253       -0.13221        1.38685
H          4.71784       -0.14893        2.41164
H          4.90596        1.20008       -0.32346
H          5.96747        2.77837        1.11939
H          4.78586        2.51799        2.42758
H          4.36144        4.17375       -0.01730
H          2.34455        2.76037       -0.73660
H          2.63646        1.13403        1.76108
