25

C          2.28831        1.66313       -0.39861
N          2.50455        0.26314       -0.07918
C          2.97141       -0.53512       -1.21812
C          1.85501       -0.73865       -2.32636
C          1.99086       -1.96966       -3.29115
C          1.38728       -2.77321       -2.08471
N          0.63259       -1.48471       -1.80620
C          2.46826       -2.96957       -1.05073
C          3.24968       -1.90258       -0.67801
C          4.23117       -2.47237        0.15641
N          4.06963       -3.79935        0.28657
N          2.98187       -4.05259       -0.44464
O          2.65489       -5.36066       -0.65218
H          1.84659        2.16366        0.47022
H          1.60095        1.80537       -1.23759
H          3.23565        2.16523       -0.61850
H          1.64914       -0.14163        0.29340
H          3.87936       -0.11590       -1.66652
H          1.62338        0.19433       -2.85217
H          3.00030       -2.24287       -3.61488
H          1.34128       -1.93817       -4.17589
H          0.77852       -3.64580       -2.32466
H          0.41622       -1.33270       -0.82534
H          5.05992       -1.98582        0.65205
H          3.43799       -5.70730       -0.19084
