26

C          1.04004        0.11030       -0.05822
C          2.56020        0.15084       -0.11444
N          2.96651        0.97250       -1.25940
C          4.24139        1.07534       -1.40597
N          4.82317        1.79397       -2.41082
C          6.15078        2.00102       -2.69087
C          6.65875        2.74768       -3.68383
C          8.12913        2.92193       -3.95329
O          8.59310        4.09434       -3.27726
N          9.97633        4.25675       -3.51931
C         10.37978        5.29789       -2.87796
C         11.78022        5.59241       -3.04164
C         12.93718        5.89172       -3.13954
H          0.70117       -0.49747        0.78722
H          0.62364       -0.31966       -0.97541
H          0.62353        1.11664        0.05699
H          2.94091       -0.87214       -0.21703
H          2.94113        0.57442        0.82228
H          4.96781        0.59048       -0.72778
H          4.15682        2.24734       -3.02749
H          6.82025        1.49684       -1.99615
H          5.99044        3.25384       -4.37551
H          8.28891        3.04355       -5.03134
H          8.69771        2.04885       -3.61494
H          9.75726        5.94621       -2.24465
H         13.96064        6.18756       -3.20746
