26

C          6.42002        5.48753       -2.90903
N          5.40635        4.71107       -3.14044
N          5.73921        3.69665       -3.95746
C          4.60898        2.76062       -4.09604
C          5.02442        1.42725       -4.60607
C          6.29702        0.69581       -4.42403
C          6.25257       -0.61075       -4.73356
C          5.75844       -1.53823       -3.63965
C          4.21828       -1.72803       -3.68292
C          3.20460       -0.67781       -3.23471
C          3.24610        0.66047       -3.05773
C          4.39095        1.56460       -3.20866
H          6.29854        6.36755       -2.26392
H          7.42411        5.31719       -3.33847
H          6.02275        4.02443       -4.88410
H          3.71413        3.20730       -4.53324
H          4.41874        1.07700       -5.43297
H          6.80734        0.96519       -3.49229
H          5.82208       -0.88255       -5.69505
H          6.07440       -1.21137       -2.64321
H          6.23187       -2.51296       -3.81118
H          3.93494       -2.01093       -4.70687
H          4.01417       -2.61887       -3.07300
H          2.23292       -1.13576       -3.03400
H          2.32871        1.13842       -2.71666
H          4.98064        1.62442       -2.29711
