33

C          1.60145        0.03842        0.95261
C          2.82980       -0.09539        0.03829
C          2.81984       -1.37349       -0.84349
C          2.60769       -1.07664       -2.34442
N          3.66756       -0.10896       -2.77394
C          2.72653        0.96059       -2.27296
C          3.04147        1.20427       -0.77938
C          4.49400        1.69700       -0.61942
O          4.68885        2.95389       -1.25080
C          1.54189        0.00366       -2.75727
C          0.20384       -0.12460       -2.02528
C          1.24936        0.11215       -4.28033
N          0.74348        1.44134       -4.62377
H          1.29702       -0.92895        1.36306
H          0.74409        0.49100        0.45266
H          1.83712        0.69718        1.79687
H          3.66326       -0.22189        0.74432
H          2.07206       -2.09430       -0.48982
H          3.79136       -1.87511       -0.73043
H          2.58796       -1.99973       -2.93302
H          3.82739       -0.06882       -3.77978
H          2.79109        1.90039       -2.83587
H          2.38154        2.00305       -0.41956
H          5.23282        0.98540       -1.01001
H          4.72601        1.83812        0.44787
H          4.74157        2.77341       -2.20471
H          0.26121       -0.75577       -1.14276
H         -0.55317       -0.60567       -2.65371
H         -0.18429        0.85957       -1.74042
H          0.52029       -0.64486       -4.59022
H          2.14108       -0.07568       -4.88855
H         -0.13303        1.61892       -4.14490
H          0.52814        1.48145       -5.61626
