28

C          1.06139        0.05057        0.06061
C          2.58139        0.05057        0.06061
C          3.88525        0.05057        0.06061
C          5.40525        0.05057        0.06061
C          5.94012       -1.18050       -0.73362
O          5.05843       -2.29074       -0.78983
C          6.16041       -0.64533       -2.10210
C          6.15094        0.69437       -2.11236
C          5.95293        1.25897       -0.72415
C          7.27430        1.78288       -0.11880
C          7.88683        2.88586       -0.98667
C          7.05212        2.33008        1.29735
H          0.68830       -0.70112        0.76174
H          0.68845       -0.18091       -0.94096
H          0.68825        1.03363        0.36089
H          5.72657       -0.02429        1.10153
H          6.89502       -1.52750       -0.32255
H          4.23339       -1.97494       -1.19074
H          6.33400       -1.26618       -2.97107
H          6.30199        1.29797       -2.99015
H          5.21442        2.07466       -0.76493
H          7.99651        0.95914       -0.05947
H          7.19741        3.73152       -1.08592
H          8.12293        2.52400       -1.99297
H          8.82161        3.24863       -0.54659
H          6.32209        3.14501        1.28578
H          7.98269        2.68872        1.72667
H          6.66726        1.55842        1.97802
