31

C          1.03000        2.19623        0.07349
N          2.48983        2.19604       -0.03561
C          3.00454        1.04317       -0.81813
C          2.47445        1.04961       -2.26015
C          4.56145        1.09535       -0.83906
O          4.99845        2.38683       -1.36129
C          5.25825        0.74563        0.52422
C          6.31873       -0.07145       -0.26158
C          6.84125       -1.34222        0.36928
N          7.42117        0.83334       -0.63495
C          5.26861       -0.19115       -1.41561
C          5.74284       -0.13209       -2.78696
C          6.13242       -0.08435       -3.92292
H          0.71737        2.99708        0.75142
H          0.65506        1.25114        0.48070
H          0.54466        2.39580       -0.88636
H          2.86247        2.13325        0.91342
H          2.68283        0.11279       -0.33256
H          2.76099        1.96330       -2.79250
H          1.38401        0.96311       -2.29708
H          2.86713        0.19945       -2.82604
H          4.41650        3.02082       -0.89695
H          4.63686        0.13834        1.19457
H          5.62890        1.60135        1.09847
H          7.47462       -1.12312        1.23650
H          7.43670       -1.92260       -0.34421
H          6.02169       -1.98151        0.71348
H          7.99494        1.15757        0.13907
H          7.10281        1.67544       -1.12964
H          4.63990       -1.08378       -1.27925
H          6.47980       -0.01860       -4.92101
