26

N          2.91172       -0.63040        2.14078
C          3.34014       -0.34031        0.88484
N          4.08602       -1.12690        0.18205
N          4.36121       -0.66177       -1.05753
C          5.17983       -1.53730       -1.92553
C          4.85206       -1.20609       -3.39524
O          3.47200       -1.42006       -3.67061
C          6.67065       -1.34578       -1.68032
C          7.26567       -1.69928       -0.28691
C          8.57775       -2.22314       -0.90961
S          7.71313       -2.59964       -2.40407
O          7.11304       -3.91509       -2.36218
O          8.40544       -2.08301       -3.56844
H          2.01248       -0.24657        2.41185
H          3.01595       -1.61238        2.38082
H          2.97205        0.63706        0.52474
H          4.70589        0.30180       -1.06588
H          4.87289       -2.57516       -1.73458
H          5.42569       -1.83679       -4.08123
H          5.09151       -0.16199       -3.62994
H          3.00335       -1.35488       -2.81446
H          7.00301       -0.35206       -2.01130
H          6.70902       -2.47154        0.26107
H          7.39596       -0.84283        0.38228
H          9.01165       -3.09553       -0.41538
H          9.35068       -1.46536       -1.06068
