32

C          0.78619       -0.33044       -0.18548
C          2.22109        0.10503       -0.13808
C          2.51507        1.40969       -0.19585
C          3.88142        1.93349        0.01667
C          4.68897        1.08210        0.99111
O          5.93756        1.82445        1.15569
C          4.29197        0.35136        2.36254
N          4.87643        1.02108        3.52674
C          5.25686       -0.83543        1.86153
C          6.80845       -0.73591        1.84855
C          4.91978       -2.20605        2.45710
C          4.68885       -0.41307        0.43315
C          3.28473       -0.98015        0.04676
H          0.11114        0.52162       -0.34260
H          0.50680       -0.78363        0.77150
H          0.61234       -1.04625       -0.99114
H          1.73613        2.15399       -0.35985
H          3.82778        2.96835        0.37105
H          4.39955        1.96671       -0.95491
H          5.74758        2.41102        1.90891
H          3.23275        0.09841        2.49285
H          5.89361        1.03755        3.52903
H          4.62500        0.55495        4.40021
H          7.20236       -0.50666        2.84263
H          7.20439        0.00049        1.14363
H          7.25185       -1.68642        1.53058
H          5.34001       -2.29692        3.46593
H          5.34900       -3.01029        1.84609
H          3.84966       -2.39012        2.54289
H          5.38519       -0.57103       -0.39660
H          2.90851       -1.65178        0.82405
H          3.36015       -1.57459       -0.86637
