28

N          2.81388        0.83616        3.04257
C          2.61309       -0.33213        2.37505
N          2.02340       -1.33241        2.94588
C          3.07755       -0.47000        0.93169
C          4.56191       -0.53731        0.78940
C          5.43368        0.42550        0.42125
C          6.81776       -0.05853        0.26087
N          7.49701       -0.51197        1.44626
C          6.76936       -1.53932        0.65379
C          7.62377       -2.66424        0.11651
C          8.27968       -3.45482        1.22577
C          7.97095       -4.70335        1.60145
C          5.29984       -1.85469        0.92483
H          2.76695        0.81285        4.05176
H          3.55775        1.43104        2.69680
H          1.73062       -1.06436        3.88717
H          2.68013        0.38452        0.37110
H          2.63490       -1.37111        0.49708
H          5.17095        1.46249        0.24050
H          7.39917        0.26829       -0.59048
H          6.97402       -0.30490        2.29418
H          8.40844       -2.27808       -0.54526
H          7.01085       -3.33163       -0.50385
H          9.05249       -2.92281        1.77839
H          7.19862       -5.28511        1.10987
H          8.48593       -5.16230        2.44096
H          5.17545       -2.29492        1.91629
H          4.91762       -2.54744        0.16505
