28

C          1.21215       -0.84863        0.09003
C          2.49865       -0.05618        0.37294
C          3.48288       -0.19659       -0.81764
C          2.10347        1.43722        0.34663
C          3.23193       -0.56781        1.68981
C          3.69244       -2.09680        1.40405
O          2.49526       -2.54968        2.17246
C          2.79277       -1.41404        3.00164
C          1.84688       -0.57170        3.83603
O          0.97689       -0.88516        4.63943
C          2.30484        0.83561        3.56828
C          3.57097        0.60066        2.66773
H          0.72166       -0.48742       -0.82367
H          0.49936       -0.73362        0.91231
H          1.39534       -1.91651       -0.05276
H          3.11392        0.33613       -1.70125
H          3.61988       -1.23514       -1.14211
H          4.46641        0.21316       -0.56267
H          1.64667        1.70606       -0.61779
H          2.96588        2.10605        0.44884
H          1.36525        1.70229        1.09836
H          4.63371       -2.43279        1.85220
H          3.62996       -2.51056        0.39945
H          3.61681       -1.70428        3.68559
H          2.56741        1.35785        4.49074
H          1.49006        1.35018        3.06049
H          4.43460        0.34231        3.29849
H          3.86610        1.52590        2.16987
