25

C          1.06100       -0.05470        0.10550
C          2.57274       -0.03145        0.00162
N          3.13407       -1.13785       -0.38260
C          4.49437       -1.22177       -0.40305
N          5.11636       -2.03340       -1.19246
O          6.50188       -1.88062       -0.90887
C          6.60030       -1.25519        0.38771
C          6.64181       -2.35551        1.45310
O          7.78490       -3.18351        1.25879
C          5.35872       -0.39632        0.47524
C          5.49592        0.96872       -0.18962
N          4.21809        1.62011       -0.53513
N          3.17532        1.18566        0.33265
H          0.66747       -1.04756       -0.12921
H          0.64189        0.67071       -0.59857
H          0.76195        0.21782        1.12141
H          7.52745       -0.66872        0.41764
H          5.75837       -3.00003        1.41408
H          6.70634       -1.92003        2.45452
H          7.68434       -3.57145        0.36763
H          4.97632       -0.31875        1.49600
H          6.08233        0.89734       -1.11533
H          6.06155        1.63567        0.47194
H          3.98097        1.38736       -1.50772
H          2.51888        1.92985        0.57894
