23

C          0.90535       -0.03161        0.00646
C          2.42535       -0.03161        0.00646
C          3.72920       -0.03161        0.00646
C          5.24920       -0.03161        0.00646
N          5.89894        1.03034        0.76023
N          6.48180        0.65919        1.93905
C          6.43490       -0.64678        1.96277
N          6.92763       -1.46946        2.94214
C          6.57107       -2.80201        2.95685
C          6.44160       -3.48272        4.11254
N          6.18634       -3.35746        1.74485
C          5.77060       -2.55556        0.69527
C          5.73642       -1.21841        0.77952
H          0.53234       -0.49695        0.92307
H          0.53223       -0.59278       -0.85476
H          0.53221        0.99481       -0.04882
H          5.62718       -0.04811       -1.02043
H          5.45355        1.94972        0.75296
H          7.41951       -1.07191        3.73945
H          6.60505       -3.00359        5.06971
H          6.00672       -4.47513        4.12393
H          6.50928       -4.29099        1.55426
H          5.36978       -3.11342       -0.15995
