31

C          1.51173       -0.62234        0.95821
C          2.87957       -0.32725        0.43582
N          3.45413       -1.11318       -0.41612
O          4.65456       -0.51140       -0.82382
C          5.26986       -1.29163       -1.86669
C          4.83131       -0.75212       -3.26870
C          3.33015       -0.93668       -3.53621
N          5.14726        0.67605       -3.46236
C          6.80852       -1.21512       -1.64507
O          7.30927        0.13455       -1.69283
C          7.23702       -1.79266       -0.28278
C          8.74844       -1.69025       -0.05481
O          9.17878       -0.33432       -0.01490
H          1.47956       -0.40744        2.02925
H          1.23746       -1.66448        0.77733
H          0.80083        0.03525        0.44924
H          3.34213        0.62396        0.75535
H          4.96537       -2.34434       -1.77628
H          5.37601       -1.31828       -4.03226
H          2.70862       -0.49119       -2.75586
H          3.08079       -1.99884       -3.61611
H          3.03842       -0.46304       -4.48170
H          4.61834        1.22481       -2.78428
H          4.82117        0.97189       -4.38153
H          7.31545       -1.76804       -2.44433
H          6.52935        0.71360       -1.52976
H          6.92432       -2.83917       -0.20823
H          6.74293       -1.22908        0.51761
H          9.30276       -2.20493       -0.84512
H          9.01509       -2.14886        0.90237
H          8.73262        0.11181       -0.76358
