26

C          2.29706       -0.55013        1.07851
C          3.51301        0.19657        1.59813
C          3.46432        1.53476        1.40113
O          4.43904        2.50784        1.41558
C          5.61737        2.20445        2.01688
C          6.65099        1.56743        1.42669
C          7.45848        0.72818        2.29955
C          8.03240        1.34715        3.33128
C          7.47333        0.68090        4.54076
N          6.75320       -0.56917        4.13009
C          5.43795       -0.56662        3.30827
C          4.71118       -0.69932        1.95863
C          6.90371       -0.59037        2.74501
H          1.46643       -0.51527        1.78640
H          2.52130       -1.59460        0.84507
H          1.96477       -0.10809        0.12664
H          2.54951        2.03032        1.08422
H          5.51365        2.34793        3.08490
H          6.63259        1.33024        0.35741
H          8.33444        2.38638        3.33802
H          6.81678        1.36795        5.09502
H          8.29274        0.39425        5.20360
H          4.96707       -1.42824        3.81993
H          4.35565       -1.73989        1.91532
H          5.36916       -0.67112        1.07808
H          7.37443       -1.48307        2.38716
