22

C          0.99038       -0.11225        0.20277
C          2.32364       -0.07700        0.07508
C          3.04673        1.02737       -0.64777
N          4.50128        0.96086       -0.56095
C          5.30971        2.06211       -0.41064
C          6.62448        1.66686       -0.54727
C          7.78256        2.54059       -0.50527
O          7.71838        3.75710       -0.35044
C          6.59897        0.26367       -0.76912
C          5.28182       -0.15298       -0.77256
O          4.80423       -1.36413       -1.05807
C          3.72317       -1.88762       -0.27651
O          3.09224       -1.04393        0.69236
H          0.35494        0.64527       -0.24348
H          0.50607       -0.91050        0.75656
H          2.74253        1.99480       -0.22781
H          2.80288        1.01496       -1.71586
H          4.89181        3.05005       -0.25163
H          8.75607        2.03820       -0.63251
H          7.44619       -0.38383       -0.94240
H          4.12188       -2.74660        0.27340
H          2.97264       -2.29073       -0.96889
