26

C          1.67313       -1.48576        0.76904
C          3.16702       -1.35574        0.85728
N          3.77841       -0.30300        0.37274
N          5.09164       -0.52273        0.58558
C          5.36437       -1.93437        0.87888
C          4.06320       -2.40132        1.47122
C          3.78437       -3.71295        1.36212
C          3.76064       -4.52294        2.65434
N          3.57182       -5.95637        2.40872
N          4.28372       -4.41871        0.26850
N          5.16356       -3.92382       -0.64588
C          5.66469       -2.74488       -0.39242
C          6.64545       -2.17224       -1.38339
H          1.25327       -0.57039        0.33447
H          1.24404       -1.62614        1.76275
H          1.40537       -2.32250        0.11966
H          5.68895       -0.10604       -0.12200
H          6.19101       -2.03527        1.58885
H          2.99114       -4.15629        3.34022
H          4.73623       -4.40478        3.14561
H          2.59290       -6.11516        2.17009
H          3.72446       -6.45740        3.28490
H          4.31167       -5.43352        0.44412
H          6.97354       -2.94116       -2.08718
H          7.51543       -1.78177       -0.84845
H          6.16720       -1.36313       -1.94204
