28

N          3.52289       -0.96959        0.19992
C          2.49185        0.05177       -0.00806
C          1.13176       -0.48994        0.40682
C         -0.03637       -0.12460       -0.14482
C         -1.35999       -0.70202        0.32954
C         -2.49539       -1.19733        0.73644
C          2.77746        1.34602        0.79327
C          2.94033        1.19788        2.34132
C          3.85508        2.43070        2.17646
C          3.05057        3.74533        2.02465
N          2.45031        3.83836        0.67780
C          1.85045        2.52318        0.36152
N          4.24853        1.82326        0.82533
H          3.29286       -1.78923       -0.35775
H          3.52245       -1.27862        1.17196
H          2.48713        0.28407       -1.08054
H          1.11617       -1.19067        1.23694
H         -0.09680        0.58600       -0.96408
H         -3.42309       -1.60185        1.06875
H          3.47649        0.30902        2.68858
H          2.03290        1.30794        2.94734
H          4.66177        2.50912        2.90996
H          3.70034        4.61200        2.17524
H          2.25844        3.79851        2.78110
H          3.24804        3.92878        0.03811
H          1.67198        2.49483       -0.72131
H          0.87921        2.44112        0.85948
H          4.89707        1.03434        0.89779
