27

C          3.99352        0.72502        0.91831
C          2.78630        0.05165        0.28916
C          3.08874       -1.25971       -0.37903
C          2.45309       -2.41000       -0.07153
C          2.58710       -3.50958       -1.04827
N          1.46275       -3.46169       -2.01799
C          0.87966       -4.67841       -1.42171
C          2.23822       -4.97888       -0.74358
N          3.10461       -5.79466       -1.66087
C          4.27729       -4.94594       -1.99764
C          3.87801       -3.54153       -1.73367
C          4.49967       -2.37768       -1.93909
O          4.01528       -1.18525       -1.43062
H          3.69720        1.69131        1.34108
H          4.77962        0.91253        0.17986
H          4.41239        0.11556        1.72459
H          2.36048        0.72332       -0.46676
H          2.01278       -0.07827        1.05545
H          1.75935       -2.49084        0.75591
H          0.88836       -2.62518       -1.93828
H          0.51055       -5.40169       -2.15567
H          0.07017       -4.46888       -0.71319
H          2.21539       -5.31326        0.29480
H          2.63521       -5.99005       -2.54741
H          4.56984       -5.10387       -3.03965
H          5.11006       -5.23385       -1.34844
H          5.44742       -2.24724       -2.44434
