29

C          1.38810        0.00726        0.18443
C          2.78753       -0.36273       -0.13478
C          3.27002       -1.06775       -1.16964
C          4.73156       -1.34046       -0.90195
C          5.68104       -0.10765       -0.87181
N          6.84580       -0.59618       -0.07665
C          6.21616       -1.42972        0.96080
C          4.72018       -1.40737        0.63363
O          4.04976       -2.51164        1.21746
C          3.96019       -0.04668        0.77443
C          4.91609        0.95415        0.02904
C          4.28170        2.02693       -0.87273
N          5.80589        1.66417        0.98904
H          0.74828       -0.88167        0.18699
H          0.99666        0.72813       -0.53750
H          1.32113        0.45692        1.18077
H          2.70029       -1.47298       -1.99116
H          5.11289       -2.24678       -1.39034
H          5.98715        0.27228       -1.85031
H          7.21769        0.24781        0.38446
H          6.42684       -1.09034        1.97924
H          6.60682       -2.44923        0.86948
H          4.27019       -3.29815        0.69071
H          3.67228        0.20422        1.79759
H          3.72813        1.60237       -1.71690
H          5.06498        2.65389       -1.32170
H          3.60648        2.68280       -0.31576
H          5.72367        1.24293        1.91565
H          5.46991        2.62087        1.11713
