29

C          1.05929        0.07164       -0.10704
C          2.59302        0.04299       -0.06244
C          3.15599       -0.06818       -1.48504
N          2.99119       -1.18364        0.69653
C          3.40377       -0.74471        2.04955
C          4.66239       -1.48033        2.55182
O          4.48667       -2.89766        2.54586
C          3.58124        0.72921        1.94612
C          3.13329        1.18222        0.76738
C          3.03408        2.63707        0.46310
N          3.14787        3.10290       -0.74966
N          2.81270        3.55099        1.48903
N          2.23324        4.78813        1.08885
H          0.66459       -0.78682       -0.66329
H          0.69160        0.98098       -0.59666
H          0.61956        0.04072        0.89778
H          2.93614       -1.05021       -1.92099
H          4.24249        0.07048       -1.50647
H          2.70059        0.66475       -2.16011
H          3.79723       -1.62117        0.24639
H          2.57290       -0.96539        2.73218
H          4.89376       -1.17623        3.57821
H          5.53414       -1.25130        1.92994
H          3.56647       -3.08413        2.79866
H          3.96432        1.33627        2.75330
H          3.36361        2.36626       -1.41713
H          2.47170        3.16958        2.37171
H          2.20246        4.76764        0.05446
H          2.90205        5.53968        1.27825
