24

N          1.19333        0.09491        0.02408
C          2.53091        0.06356        0.10644
C          3.46143        1.08810        0.16304
C          4.75906        0.52300        0.24477
C          4.58735       -0.83602        0.24238
N          3.21569       -1.08847        0.13767
C          2.87241       -2.50135       -0.01441
C          4.21515       -3.25070        0.15674
N          4.26846       -4.07106        1.37826
C          4.81369       -4.04243       -0.95674
C          6.10570       -3.68753       -1.08733
C          6.31766       -2.38960       -0.47903
C          5.17082       -2.10916        0.18430
H          0.69444        0.96906        0.13149
H          0.61539       -0.72783        0.16783
H          3.24381        2.14840        0.15585
H          5.72369        1.02668        0.25240
H          2.40824       -2.64644       -0.99175
H          2.15611       -2.73235        0.78636
H          3.51640       -4.75177        1.39213
H          4.15623       -3.46974        2.19302
H          4.25054       -4.51041       -1.75782
H          6.90028       -4.38167       -1.34090
H          7.02790       -1.67945       -0.86521
