22

C          0.86633       -0.50993        0.25021
N          2.28207       -0.27103        0.18311
C          2.85256        0.79628       -0.21817
S          4.62612        0.75635       -0.18550
C          4.73413        2.35116       -0.83271
C          6.06177        3.00407       -1.02727
C          3.51755        2.86310       -1.06879
N          2.42698        2.04123       -0.73392
C          1.09274        2.44726       -0.89093
O          0.18422        2.11822       -0.12116
C          0.73774        3.41971       -2.00827
C          0.80890        4.83578       -1.46048
N          0.86794        6.01053       -1.00605
H          0.70737       -1.54533        0.57155
H          0.38286       -0.40190       -0.72371
H          0.38824        0.11126        1.01019
H          6.88857        2.31230       -0.80900
H          6.17763        3.86207       -0.35788
H          6.18760        3.33624       -2.06057
H          3.36751        3.86914       -1.43335
H         -0.27530        3.20049       -2.36133
H          1.41820        3.29968       -2.85643
