30

C          4.20123        1.54409        0.51754
C          3.77281        0.34654        1.33241
N          4.83782       -0.12836        2.24736
C          2.44895        0.44857        2.12708
O          2.04644       -0.87827        1.69085
C          3.03314       -0.81638        0.60154
C          3.68527       -2.17275        0.22963
N          4.23971       -2.91761        1.40424
C          3.05042       -3.07143       -0.82759
C          2.11611       -2.59330       -1.89957
C          3.04503       -2.06233       -2.99415
N          4.26176       -1.59283       -2.31011
C          4.38568       -2.42515       -1.09287
H          4.63615        2.32571        1.14955
H          3.35224        1.98707       -0.01468
H          4.94699        1.25939       -0.23239
H          4.96400        0.46840        3.06542
H          5.75702       -0.18078        1.80403
H          1.73349        1.19714        1.76769
H          2.51719        0.51911        3.21702
H          2.52207       -0.42227       -0.28832
H          3.51105       -2.92668        2.12332
H          4.96381       -2.32978        1.82662
H          3.01490       -4.13940       -0.66714
H          1.45115       -1.80497       -1.53334
H          1.49146       -3.40586       -2.28103
H          2.57953       -1.27608       -3.59782
H          3.32802       -2.87941       -3.66826
H          4.14543       -0.61505       -2.04765
H          5.25006       -3.08208       -1.08781
