26

C          0.96195        0.08682        0.05115
C          2.43959        0.11037        0.23520
C          3.31176       -0.62130       -0.76678
C          4.45852       -1.49515       -0.33698
C          4.92897       -1.32675        1.08812
C          4.55703       -2.19171        2.04859
C          5.82253       -0.14630        1.37575
C          5.09906        1.17860        1.18193
O          4.88303        1.93671        2.13254
C          4.65388        1.53793       -0.21683
C          3.37643        0.88831       -0.67385
O          2.74766        1.58594       -1.76547
H          0.54751       -0.81136        0.52193
H          0.66812        0.07866       -1.00246
H          0.50852        0.95899        0.53091
H          2.67611        0.06710        1.29184
H          2.84575       -1.02055       -1.66335
H          5.30453       -1.33317       -1.01876
H          4.15803       -2.53845       -0.50150
H          3.89986       -3.02896        1.83186
H          4.87297       -2.07177        3.08213
H          6.71042       -0.16358        0.73532
H          6.18356       -0.17457        2.41046
H          5.46635        1.29542       -0.91327
H          4.54458        2.62908       -0.25569
H          2.25090        2.35636       -1.44273
