30

C          8.86785        1.23535        2.77954
C          7.69878        0.42628        2.20060
O          6.47640        1.06108        2.65808
C          5.36836        0.22948        2.78482
C          4.75642        0.07688        3.96562
C          4.80682       -0.25253        1.54495
C          5.28342       -1.38048        0.98599
C          6.06049       -1.13362       -0.25668
C          6.59308       -2.27966       -1.14386
C          7.94357       -1.49779       -1.07152
N          7.46354       -0.99634        0.21626
C          7.86679        0.35233        0.63391
C          7.24333        1.56069       -0.08520
H          8.76478        1.35468        3.86323
H          8.91017        2.24055        2.34838
H          9.82159        0.73691        2.57926
H          7.77628       -0.57472        2.65125
H          5.15606        0.53839        4.85827
H          3.82969       -0.47968        4.04891
H          4.51967        0.57970        0.89683
H          5.65555       -2.18687        1.62248
H          5.66518       -0.32284       -0.88370
H          6.16612       -2.35198       -2.14876
H          6.61205       -3.27279       -0.68254
H          8.09088       -0.74502       -1.85212
H          8.83523       -2.12883       -1.00584
H          8.94486        0.39759        0.42755
H          6.17261        1.66528        0.08692
H          7.39769        1.50313       -1.16730
H          7.69999        2.49254        0.26524
