30

C          1.06275       -0.07357       -0.31539
C          2.56540       -0.16362       -0.21874
O          3.15429       -1.14981       -0.66665
C          3.30320        0.99116        0.47049
C          2.87739        1.05024        1.94931
C          3.47106        2.22264        2.67811
O          3.00009        3.48638        2.19793
C          2.70719        3.20049        3.57706
C          1.23710        3.09802        3.84635
C          3.47364        4.08576        4.51757
C          4.80645        0.84326        0.34394
C          5.50604        0.94111       -0.98874
N          5.63105        2.00528        0.00091
H          0.72642       -0.58540       -1.22174
H          0.74425        0.96983       -0.37690
H          0.61452       -0.54835        0.56062
H          2.98517        1.90916       -0.04532
H          3.18265        0.13006        2.46572
H          1.78671        1.07472        2.00771
H          4.53539        2.10405        2.85218
H          0.75116        2.28295        3.30798
H          0.73751        4.02957        3.55987
H          1.05577        2.93264        4.91355
H          4.55049        4.06135        4.32079
H          3.31653        3.77087        5.55441
H          3.13607        5.12315        4.42151
H          5.22868        0.14345        1.05606
H          4.92947        1.14710       -1.88091
H          6.38588        0.32364       -1.13729
H          5.05958        2.81316       -0.26281
