26

C          3.35463        2.64522        0.67357
C          3.71409        1.25631        0.18589
O          4.16920        0.49761        1.30575
C          4.50224       -0.84437        0.93046
C          4.99042       -1.59590        2.16055
C          5.41398       -3.00872        1.76593
O          6.20642       -3.32334        0.89527
N          4.70957       -3.88583        2.57192
C          3.84742       -3.24157        3.39796
C          3.93004       -1.91884        3.20779
C          3.10860       -0.88182        3.89764
C          3.96164        0.04824        4.72707
O          4.23658       -0.15375        5.90754
H          2.98151        3.26393       -0.14720
H          4.22800        3.13451        1.11708
H          2.58882        2.59246        1.45463
H          4.50675        1.31653       -0.56770
H          2.83320        0.77645       -0.25435
H          5.29435       -0.81312        0.17164
H          3.62553       -1.33385        0.48823
H          5.83559       -1.08559        2.63638
H          4.81631       -4.88725        2.50134
H          3.20344       -3.78500        4.07532
H          2.38493       -1.35180        4.57479
H          2.52792       -0.28849        3.18595
H          4.36658        0.92685        4.19554
