26

C          1.11157        0.53869       -1.28895
C          2.60198        0.69007       -1.37870
O          3.15976        1.70717       -1.76204
O          3.20119       -0.46357       -0.93696
C          4.61221       -0.57385       -1.06194
C          5.33291       -1.00242       -0.00656
C          6.77523       -1.30314       -0.05850
C          7.71597       -0.21627       -0.51947
O          9.02085       -0.21691        0.08052
C          7.40026       -1.38393       -1.43188
C          6.45141       -1.37703       -2.60469
C          5.21392       -0.46523       -2.45152
N          5.54683        0.90413       -2.85154
H          0.63159        1.41802       -1.73334
H          0.80983        0.46441       -0.24017
H          0.79166       -0.34452       -1.84613
H          4.83761       -1.15952        0.94608
H          7.12905       -2.00062        0.69193
H          7.28177        0.76127       -0.68150
H          9.44218       -1.09259        0.05992
H          8.19459       -2.10321       -1.59732
H          6.08799       -2.40875       -2.71886
H          6.99474       -1.15126       -3.52968
H          4.46592       -0.81901       -3.17232
H          6.40746        1.21219       -2.40634
H          4.81145        1.53455       -2.50279
