29

C          0.88854       -2.38531       -1.66405
C          2.40634       -2.39582       -1.57908
C          2.93598       -1.28788       -0.66297
C          4.44430       -1.30790       -0.57604
O          5.08169       -1.10453       -1.85821
C          6.23844       -0.27799       -1.85872
C          7.45778       -1.01266       -1.27426
N          7.30959       -1.60141        0.07613
C          6.48427       -2.83393        0.03211
C          5.08167       -2.37738        0.27399
C          5.13505       -0.97354        0.74912
C          6.58402       -0.66704        0.95854
H          0.54226       -3.18907       -2.32194
H          0.52752       -1.43626       -2.07225
H          0.43511       -2.53277       -0.67891
H          2.81414       -2.27798       -2.58968
H          2.74312       -3.37431       -1.21622
H          2.49981       -1.40626        0.33855
H          2.60510       -0.31178       -1.03587
H          6.02783        0.66666       -1.34461
H          6.45209       -0.02046       -2.90204
H          8.29266       -0.30150       -1.23826
H          7.77532       -1.79987       -1.97015
H          6.79401       -3.49109        0.85008
H          6.58779       -3.40071       -0.90325
H          4.46542       -3.09715        0.79029
H          4.52352       -0.66856        1.58679
H          6.85194       -0.89713        1.99792
H          6.83982        0.38424        0.79174
