27

N          1.23989       -0.71626       -0.52838
C          2.14124        0.14177       -0.16050
C          2.21687        1.51807       -0.78282
C          2.67574        2.30981        0.44047
C          3.69791        1.34878        1.08555
C          4.01907        1.66987        2.58928
C          5.38343        0.83224        2.63044
C          4.67889       -0.23610        3.46307
C          3.91673        0.95307        4.04325
C          3.93100       -1.32160        2.67645
N          2.78479       -0.88107        1.88133
N          3.10665        0.02226        0.83794
H          0.66012       -0.32586       -1.27162
H          1.26601        1.86538       -1.18483
H          2.98202        1.51154       -1.56644
H          1.81373        2.49029        1.09570
H          3.11361        3.27944        0.18591
H          4.60151        1.44812        0.46687
H          2.93388        1.79823        2.72029
H          6.19307        1.36998        3.15078
H          5.83782        0.43442        1.71629
H          5.35059       -0.71575        4.18618
H          4.45437        1.51232        4.82614
H          2.92524        0.71914        4.44619
H          3.54711       -2.05388        3.39698
H          4.63785       -1.87139        2.04373
H          1.99766       -0.56323        2.44331
