20

O          0.87903       -0.07397        0.11101
C          2.30545       -0.10384        0.10158
C          2.86143        0.86049        1.16176
O          2.46937        2.19722        0.81996
C          2.82735        3.15681        1.71633
C          1.97029        4.22326        1.89446
S          2.57519        5.38142        2.99661
C          4.01088        4.48459        3.22464
C          4.02923        3.31895        2.48328
C          5.17516        2.46413        2.51911
N          6.10288        1.76711        2.55890
C          2.75944       -1.47728        0.35901
C          3.15148       -2.59137        0.58016
H          0.63194        0.85691       -0.02953
H          2.62707        0.21847       -0.89549
H          3.94917        0.76920        1.15193
H          2.46650        0.60728        2.15432
H          1.00696        4.38179        1.42941
H          4.78320        4.86486        3.88187
H          3.50166       -3.57753        0.78190
