30

C          0.91240       -0.05586        0.07151
C          2.43739       -0.02218        0.02728
O          2.90042        0.01399        1.40435
C          3.17090        0.98390       -0.95760
C          2.80516       -0.05368       -2.08081
C          3.28533       -1.02390       -0.93145
C          2.99673       -2.50568       -0.91315
C          3.56088       -3.22409       -2.14778
O          4.98861       -3.15219       -2.20908
C          3.17390       -4.71740       -2.17219
N          3.72953       -5.45039       -1.02784
O          4.69554       -0.71188       -0.71924
C          4.67553        0.72760       -0.74197
H          0.52885        0.75102        0.70660
H          0.56450       -1.00337        0.49615
H          0.43373        0.06462       -0.90230
H          2.53154        0.82845        1.78558
H          2.80162        2.00397       -1.05032
H          3.43743       -0.02480       -2.97461
H          1.76788       -0.12399       -2.41267
H          1.91387       -2.66916       -0.87970
H          3.41459       -2.93034        0.00685
H          3.17756       -2.75455       -3.06493
H          5.30397       -2.96304       -1.30588
H          3.57055       -5.17393       -3.08649
H          2.08507       -4.82852       -2.18070
H          4.74506       -5.32933       -1.05189
H          3.56432       -6.44615       -1.15787
H          5.28420        1.09432       -1.57442
H          5.04222        1.12594        0.20792
