32

C          0.75538        0.21194       -0.16598
C          2.25623       -0.01821       -0.03756
N          2.88069        0.31372        1.25699
C          2.31353       -0.50969        2.35539
C          2.79552       -0.14849        3.77960
C          2.07445       -0.91013        4.82167
C          1.52284       -1.51263        5.69682
C          4.36287        0.28860        1.21139
C          5.04893        1.29853        0.26081
C          5.96613        0.34398       -0.51214
C          6.54904       -0.60591        0.57918
C          5.02606       -0.99639        0.68212
C          5.11912       -0.91062       -0.88773
H          0.48402        0.19094       -1.22888
H          0.45584        1.18372        0.23407
H          0.18344       -0.57839        0.32792
H          2.69772        0.61064       -0.81759
H          2.44797       -1.06581       -0.29339
H          2.50206       -1.57331        2.16716
H          1.22530       -0.38083        2.35791
H          2.65632        0.92319        3.95495
H          3.86036       -0.36533        3.89037
H          1.03685       -2.04644        6.49011
H          4.74526        0.51516        2.21275
H          5.63218        2.03420        0.82809
H          4.36718        1.84929       -0.39184
H          6.63204        0.75514       -1.27090
H          7.01140       -0.12827        1.44728
H          7.22626       -1.38928        0.21477
H          4.79016       -1.95306        1.14926
H          4.22521       -0.72662       -1.48106
H          5.65516       -1.73526       -1.37440
