32

C          4.34501       -2.25800       -3.18913
N          4.94031       -1.07819       -2.57107
C          3.95703       -0.37953       -1.74255
C          4.52291        0.88257       -1.07625
C          5.06152        1.96584       -2.02676
C          5.55178        3.16879       -1.23352
C          5.07729        4.40224       -1.47255
C          4.04266        4.52817       -2.56336
C          3.54401        5.94944       -2.79101
O          2.88425        6.43805       -1.62214
C          2.92038        3.43204       -2.43505
C          3.99020        2.45874       -3.02927
C          4.47093        3.70973       -3.84345
H          5.10483       -2.79175       -3.76882
H          3.53264       -1.98370       -3.86990
H          3.95909       -2.95069       -2.43415
H          5.28323       -0.46094       -3.30627
H          3.62305       -1.05315       -0.94415
H          3.07248       -0.11973       -2.33227
H          5.32866        0.58065       -0.39150
H          3.73244        1.30415       -0.44123
H          5.91637        1.56769       -2.58552
H          6.30999        3.01109       -0.47023
H          5.41590        5.27645       -0.92820
H          2.83366        5.99939       -3.62208
H          4.37050        6.62732       -3.02104
H          2.17253        5.81341       -1.40121
H          2.05217        3.59332       -3.08711
H          2.55156        3.22037       -1.42741
H          3.58639        1.66090       -3.66098
H          3.87837        3.91363       -4.74437
H          5.52984        3.73001       -4.12295
