34

C          2.41895       -0.87263       -3.58341
C          1.63624        0.42406       -3.80245
C          0.80812        0.77152       -2.51497
C          1.60939        1.54152       -1.47187
C          2.28702        2.61264       -1.95633
C          1.59893        3.95720       -2.02745
C          3.27170        2.27004       -3.05530
N          4.15892        3.39387       -3.36689
C          5.15356        3.03492       -4.37568
C          4.50511        2.49221       -5.64614
C          3.59467        1.28998       -5.34041
C          2.51132        1.65313       -4.28999
C          1.51217        2.62648       -4.97860
H          1.78240       -1.64848       -3.14030
H          3.28738       -0.74036       -2.93267
H          2.76651       -1.27483       -4.54401
H          0.89954        0.18592       -4.58095
H          0.41280       -0.14124       -2.05545
H         -0.07095        1.37063       -2.78674
H          2.24379        0.78439       -0.99574
H          0.51061        3.85029       -2.09972
H          1.91690        4.55001       -2.89147
H          1.83019        4.53790       -1.12895
H          3.92881        1.48530       -2.64638
H          4.64752        3.65498       -2.50730
H          5.85855        2.29942       -3.96943
H          5.73871        3.92948       -4.62007
H          5.28456        2.19503       -6.35557
H          3.94013        3.29275       -6.13570
H          4.23466        0.48223       -4.96736
H          3.13440        0.93111       -6.26681
H          1.03778        2.12978       -5.83478
H          1.98300        3.53766       -5.35406
H          0.69611        2.93491       -4.32033
