33

C          0.95097       -0.00185        0.42012
C          2.38394        0.09385       -0.09592
C          2.90104       -1.19749       -0.79904
N          1.90577       -2.05707       -1.46186
C          2.33605       -3.46390       -1.34379
C          1.67668       -1.77207       -2.89567
C          0.97983       -0.44249       -3.27013
O          0.29900       -0.59020       -4.52478
C          1.91450        0.77947       -3.38306
C          1.70730        1.65190       -2.16337
C          2.30687        3.06451       -1.93049
N          2.41947        2.66300       -0.47531
C          2.66522        1.28237       -1.00448
H          0.78181       -0.95706        0.92901
H          0.20334        0.09050       -0.37043
H          0.74981        0.79333        1.14550
H          3.01861        0.21744        0.79352
H          3.35987       -1.77403        0.01777
H          3.73510       -0.98448       -1.48028
H          2.46430       -3.74640       -0.29215
H          3.28186       -3.64656       -1.86721
H          1.57429       -4.14076       -1.74809
H          1.00997       -2.56043       -3.27548
H          2.60141       -1.88527       -3.47679
H          0.16939       -0.27141       -2.55285
H          0.95639       -0.79310       -5.20404
H          1.68163        1.35616       -4.28595
H          2.96302        0.46978       -3.48365
H          0.63720        1.69873       -1.90927
H          1.63957        3.90877       -2.12277
H          3.27628        3.26174       -2.40637
H          1.53411        2.75612        0.02654
H          3.72039        1.20535       -1.32306
