30

C          0.92087       -0.10243       -0.28236
C          2.40267       -0.11255        0.05138
C          3.05223       -1.49771        0.22104
C          2.69467       -2.07123        1.59859
C          3.22291       -0.96442        2.52223
C          2.40951        0.34071        2.58697
C          0.92065        0.28351        2.89173
C          0.16141        1.59303        2.84091
N          0.79251        2.76040        2.56172
N         -1.11152        1.61988        3.06748
N          2.91404        0.69004        1.20757
C          4.16860       -0.13216        1.60283
C          4.49777       -1.06963        0.45386
H          0.78074       -0.40481       -1.32709
H          0.50305        0.90488       -0.18382
H          0.33106       -0.79937        0.31365
H          2.87069        0.35703       -0.82801
H          2.90342       -2.18664       -0.61250
H          3.23414       -3.00793        1.78089
H          1.62717       -2.26254        1.73038
H          3.63248       -1.31585        3.47274
H          2.85057        1.02240        3.33635
H          0.80581       -0.08819        3.92074
H          0.38794       -0.44375        2.28205
H          1.57902        2.69651        1.91979
H          0.13871        3.50047        2.33287
H         -1.45817        0.67570        3.27499
H          4.96701        0.44178        2.07999
H          5.15238       -1.89442        0.75552
H          4.94379       -0.55315       -0.40220
