25

C          1.17826       -0.68428       -0.83751
N          2.60218       -0.47389       -0.58049
C          3.11156       -1.48922        0.33956
C          4.63167       -1.35708        0.58526
C          5.09391       -2.39972        1.58835
C          4.95456       -3.86115        1.13919
N          6.25261       -3.29008        1.40824
C          7.17702       -3.11375        0.40481
N          7.32313       -3.86467       -0.64228
C          8.22602       -2.02322        0.57429
O          7.97824       -1.00464        1.20047
C          4.75554       -2.10676        2.96307
N          4.43713       -1.88893        4.05873
H          0.80873        0.08335       -1.52426
H          0.58890       -0.62365        0.08397
H          1.00108       -1.65772       -1.30774
H          2.72746        0.45532       -0.17554
H          2.90982       -2.48165       -0.08096
H          2.57306       -1.42681        1.29313
H          4.85581       -0.35307        0.97157
H          5.16648       -1.45152       -0.36672
H          4.71255       -4.05465        0.10257
H          4.64819       -4.60806        1.85787
H          6.64351       -4.62895       -0.61446
H          9.19719       -2.24903        0.10277
