25

C          0.74761        1.44634       -1.12830
C          2.26026        1.41818       -1.33436
C          2.92019        0.05395       -1.51201
C          2.21097       -1.09105       -1.53864
C          4.45173        0.04599       -1.70007
C          4.77318        0.18955       -3.20468
C          5.19936        1.12444       -0.90869
O          6.52557        0.63414       -0.70838
C          6.50690       -0.72537       -0.77883
O          7.46627       -1.43866       -0.53709
C          5.13850       -1.20965       -1.14759
H          0.40963        2.47780       -0.98362
H          0.45645        0.87736       -0.23863
H          0.21782        1.04184       -1.99637
H          2.70013        1.91413       -0.46215
H          2.49659        2.03616       -2.20871
H          1.13188       -1.11630       -1.42260
H          2.67540       -2.05944       -1.70128
H          4.35816        1.11658       -3.61632
H          4.35807       -0.64574       -3.78125
H          5.85379        0.20712       -3.39034
H          4.76874        1.30881        0.08144
H          5.25252        2.07739       -1.44656
H          4.66355       -1.58237       -0.23385
H          5.21120       -2.01060       -1.88975
