32

C          3.54924       -1.74945        0.05377
N          3.12194       -0.39619       -0.21005
C          3.27572        0.12626       -1.58343
C          2.51965       -0.60509       -2.75419
C          1.21200       -0.57944       -1.95043
C          0.59868       -1.73600       -2.90476
C          0.36025       -1.39629       -4.41703
C          1.30133       -0.30294       -4.96743
C          1.24854        0.14417       -6.22628
C          1.89083        0.39230       -3.82191
C          2.28947        1.68698       -3.21115
C          2.06159        1.08651       -1.77917
C          2.02429        2.19609       -0.74051
H          2.99892       -2.11185        0.93346
H          4.61549       -1.79102        0.29255
H          3.32397       -2.43946       -0.76222
H          3.39621        0.23271        0.54192
H          4.27008        0.51376       -1.81388
H          3.02029       -1.50349       -3.12315
H          1.11244       -1.07445       -0.97447
H         -0.33027       -2.11521       -2.46243
H          1.26897       -2.61707       -2.87400
H         -0.67238       -1.03255       -4.49454
H          0.43056       -2.30532       -5.02321
H          0.62996       -0.33887       -6.97435
H          1.76196        1.05597       -6.51134
H          0.83397        0.66581       -3.55170
H          1.61203        2.51953       -3.43738
H          3.32955        1.98825       -3.39965
H          1.34553        3.00158       -1.03166
H          3.02573        2.64998       -0.65351
H          1.73731        1.84539        0.25226
