31

C          5.47125       -0.33070       -2.55436
C          4.57992       -0.93653       -1.46344
C          4.57133       -2.51074       -1.63751
C          3.90804       -3.26694       -0.50783
C          4.38305       -4.49727        0.38948
C          3.90062       -4.90405        1.79343
C          4.41715       -3.77305        2.77384
C          4.15845       -2.57770        1.89009
N          4.81913       -1.27117        2.01101
C          4.33487       -0.56609        1.00537
C          2.88055       -0.12242        0.99829
N          5.08278       -0.43124       -0.15229
C          4.78723       -3.12324        0.65268
H          5.10604       -0.59666       -3.55154
H          6.50369       -0.68703       -2.46382
H          5.49536        0.76169       -2.48069
H          3.56109       -0.56729       -1.61667
H          5.59946       -2.87117       -1.76969
H          4.04147       -2.75042       -2.56766
H          2.85170       -3.02499       -0.43999
H          5.10055       -5.18798       -0.03579
H          4.28886       -5.88214        2.08811
H          2.80451       -4.93838        1.80576
H          5.48633       -3.90892        2.98531
H          3.86906       -3.75323        3.71847
H          3.06697       -2.46743        1.82844
H          2.44058       -0.23067        1.99387
H          2.30254       -0.72867        0.29606
H          2.82205        0.92232        0.69358
H          6.02796       -0.76410        0.02022
H          5.85832       -2.95960        0.58680
