26

C          0.95169        0.00092        0.39436
C          1.93830       -0.61675       -0.57699
C          1.50617       -2.02939       -1.09750
N          2.62073       -2.66986       -0.34084
C          3.61364       -3.32616       -1.25240
C          4.44552       -2.23026       -1.87677
C          5.02578       -2.41763       -3.23388
N          5.92222       -3.55986       -3.27086
C          4.15853       -1.09397       -1.22873
N          3.86795        0.08444       -1.86085
C          2.53135        0.43541       -1.64849
O          1.98695        1.35179       -2.25162
C          3.21910       -1.35167       -0.10122
H          1.36546        0.89123        0.87615
H          0.65435       -0.70451        1.17533
H          0.04276        0.30074       -0.14302
H          1.52844       -2.14481       -2.18769
H          0.52215       -2.36465       -0.75289
H          3.09090       -3.93170       -2.00192
H          4.25937       -3.99334       -0.66842
H          5.56664       -1.52265       -3.55921
H          4.21224       -2.58290       -3.95251
H          6.74340       -3.35532       -2.70403
H          6.26694       -3.68114       -4.22383
H          4.29375        0.39264       -2.72577
H          3.60564       -1.14649        0.90123
