31

C          2.96248       -1.40096       -3.41557
C          2.52500       -1.98919       -2.07870
C          3.09298       -1.24009       -0.85674
C          2.53567       -1.83209        0.44292
C          4.60936       -1.20242       -0.83173
C          5.28846       -0.03824       -0.84419
C          6.79560        0.03698       -0.93105
C          7.15653        0.84663       -2.17991
N          7.37746       -1.31525       -1.01565
O          6.69100       -2.27938       -0.23752
C          5.38955       -2.49352       -0.81593
C          8.73883       -1.48312       -0.90104
N          9.36530       -2.53262       -0.49015
H          2.54301       -1.99036       -4.23775
H          4.05036       -1.40698       -3.52866
H          2.60978       -0.37055       -3.52492
H          2.80979       -3.04775       -2.04278
H          1.42805       -1.96000       -2.03715
H          2.71682       -0.20794       -0.91284
H          2.78654       -2.89191        0.55142
H          1.44372       -1.74972        0.46638
H          2.92751       -1.29953        1.31653
H          4.75592        0.90684       -0.82930
H          7.17267        0.54183       -0.03360
H          6.82782        0.33630       -3.09355
H          8.23578        1.00410       -2.26341
H          6.68507        1.83529       -2.15790
H          4.89944       -3.23488       -0.18036
H          5.48575       -2.92020       -1.82008
H          9.32371       -0.59811       -1.19896
H          8.63430       -3.21403       -0.24838
