31

C          0.92442       -0.22681       -0.48046
C          2.42737       -0.00928       -0.18777
N          2.57997       -0.16673        1.27057
C          3.23797       -1.09187       -0.88495
C          4.50832       -1.73790       -0.35702
O          4.98720       -1.32980        0.92523
C          4.59060       -0.74239       -1.47937
C          5.21753        0.61808       -1.32908
C          4.41246        1.66050       -0.51172
C          4.93370        1.76387        0.91806
C          4.52283        2.61159        1.86931
C          2.88680        1.40318       -0.73261
N          2.06775        2.54027       -0.26996
H          0.60043       -1.22923       -0.17351
H          0.71368       -0.13303       -1.55129
H          0.29220        0.49188        0.05404
H          2.09622       -1.01197        1.57576
H          2.12291        0.61062        1.74435
H          2.60841       -1.73425       -1.49569
H          4.67390       -2.77893       -0.62197
H          4.29863       -0.78835        1.37118
H          4.82757       -1.15827       -2.45608
H          5.31780        1.02297       -2.34615
H          6.24559        0.51331       -0.96152
H          4.65442        2.63476       -0.96404
H          5.74185        1.08233        1.18598
H          3.75167        3.35019        1.69591
H          4.96925        2.57947        2.86060
H          2.74006        1.38492       -1.82352
H          1.98922        2.49736        0.74460
H          1.12153        2.45564       -0.63967
