28

C          1.08724       -0.38044        0.01913
C          2.60901       -0.27107        0.09144
C          3.12295        1.17478       -0.15419
N          2.55406        2.04827        0.88386
C          4.69750        1.22869       -0.26337
O          5.12167        0.38754       -1.34134
C          5.38704        2.57456       -0.46612
C          4.99529        3.70072        0.42077
O          6.04316        4.63803        0.78178
N          6.11827        5.57698       -0.28299
C          5.42129        5.13633       -1.27985
C          4.75951        3.82875       -1.06097
N          3.57053        3.60679       -1.87994
H          0.78397       -1.42903        0.09527
H          0.71620        0.01425       -0.93109
H          0.59734        0.16199        0.83321
H          3.02986       -0.94116       -0.65216
H          2.95235       -0.62330        1.07360
H          2.70496        1.46720       -1.12298
H          2.74839        1.65630        1.80672
H          1.53996        2.08108        0.79245
H          5.11411        0.78669        0.64668
H          4.81343        0.83013       -2.15372
H          6.44643        2.42747       -0.65092
H          4.16698        3.64239        1.10281
H          5.25645        5.71779       -2.19863
H          3.65698        4.00239       -2.81503
H          2.73248        3.98799       -1.44459
