28

C          1.70612       -1.21306        0.39721
C          2.43617        0.03893       -0.07742
N          2.92968       -0.05591       -1.44855
C          3.60998        1.17111       -1.88354
C          3.57108        1.07247       -3.37655
C          2.35360        1.48015       -4.17489
C          2.47246        1.84553       -5.62219
C          2.96859        0.76019       -6.52961
C          3.16643       -0.51182       -6.15757
C          2.91281       -0.98886       -4.77641
O          3.00626       -2.18118       -4.50909
C          2.55371        0.03277       -3.74923
C          1.91505       -0.41548       -2.45299
H          1.46166       -1.12075        1.46058
H          2.32400       -2.10800        0.27041
H          0.76565       -1.36033       -0.14329
H          3.29307        0.19694        0.58929
H          1.77068        0.90242        0.04193
H          4.63987        1.19032       -1.51357
H          3.09301        2.08012       -1.55441
H          4.54847        1.05711       -3.83844
H          1.60278        2.07936       -3.67258
H          3.13331        2.71523       -5.71244
H          1.48660        2.15978       -5.98674
H          3.17229        1.04164       -7.55962
H          3.52024       -1.26460       -6.85256
H          1.70964       -1.48994       -2.43771
H          0.97314        0.12379       -2.29336
