27

C          1.28006        0.20110       -0.39643
C          2.68015       -0.01156        0.18023
C          2.79605       -1.35063        0.83504
C          3.47945       -1.77442        1.87864
C          4.57520       -1.58336        2.86200
O          5.81278       -1.08645        2.30808
C          6.71033       -0.51391        3.25225
C          4.34284       -3.17639        2.98780
C          5.04023       -4.50291        2.72050
N          3.15504       -2.97597        2.21211
C          2.60671       -3.50566        1.07011
N          2.40312       -4.70882        0.68791
O          2.15145       -2.44712        0.24672
H          1.18402        1.20516       -0.81131
H          0.50684        0.07120        0.36902
H          1.08371       -0.51102       -1.20402
H          2.87440        0.78007        0.92746
H          3.42625        0.09111       -0.60677
H          4.28841       -1.03341        3.76458
H          6.30096        0.41554        3.66592
H          7.65543       -0.28791        2.75230
H          6.89302       -1.22741        4.05964
H          4.09717       -3.29619        4.05681
H          4.97400       -4.86861        1.69282
H          4.55074       -5.26817        3.34726
H          6.09063       -4.49666        3.02420
H          2.76130       -5.34958        1.39509
