26

C          1.15792       -0.40268       -0.40008
C          2.46067        0.13050        0.03122
N          2.52980        1.48987        0.60914
C          3.96314        1.42499        1.00162
C          4.07863        0.17513        1.96045
O          5.47387        0.31962        2.39121
C          6.47340        0.66284        1.45620
C          6.12349        0.68482       -0.00835
N          6.98317        0.54910       -0.98396
N          8.26421        0.39410       -0.57362
C          4.67293        0.98499       -0.32870
C          3.80898       -0.21037       -0.55230
C          3.46544       -0.73068        0.77689
H          0.64310        0.28732       -1.08019
H          0.49621       -0.56061        0.46864
H          1.26438       -1.36717       -0.91682
H          1.95090        1.57054        1.44346
H          4.34368        2.36068        1.42220
H          4.26219       -0.86329        2.25277
H          7.30757       -0.01821        1.67053
H          6.82951        1.67331        1.72948
H          8.84454        1.11636       -1.01287
H          8.65731       -0.46781       -0.97501
H          4.60038        1.71866       -1.13109
H          3.93267       -0.83147       -1.42427
H          3.17937       -1.75755        0.96599
