27

C          0.91669       -0.07834        0.02003
C          2.44384       -0.01614       -0.03796
C          2.89508        1.35867       -0.60450
N          3.76696        1.27593       -1.76796
C          4.17961        2.52689       -2.38627
C          4.11997        0.04656       -2.27468
C          3.71486       -1.12066       -1.76469
O          2.88815       -1.23272       -0.67217
C          4.17307       -2.38426       -2.41096
N          4.94896       -2.43126       -3.45012
N          5.26566       -3.67849       -3.90207
C          6.07091       -3.89112       -4.98572
N          6.62164       -2.98138       -5.71198
H          0.50011        0.79372        0.53492
H          0.58631       -0.97985        0.54634
H          0.49435       -0.12546       -0.98972
H          2.80617       -0.07533        0.99668
H          3.41747        1.90416        0.19237
H          2.02118        1.97121       -0.85904
H          3.79858        3.39329       -1.83461
H          3.79798        2.58625       -3.41091
H          5.27150        2.59829       -2.41211
H          4.76915        0.09338       -3.14653
H          3.79455       -3.30262       -1.92766
H          4.90963       -4.50405       -3.42662
H          6.22572       -4.95906       -5.20897
H          6.31724       -2.09076       -5.29006
