32

C          1.69803        0.98636        1.12827
C          2.40952       -0.03590        0.24383
N          1.47719       -1.12873       -0.08093
C          3.01537        0.52302       -1.06050
C          2.04000        1.06679       -2.11248
N          2.92480        1.96405       -1.40514
C          4.26171       -0.27559       -1.52709
N          5.43669       -0.16586       -0.52324
C          5.87845        1.02385       -1.36986
C          5.36105        0.16081       -2.54322
C          5.09843        0.71198       -3.91311
C          6.33803       -1.02005       -2.49041
C          6.35103       -1.24265       -0.98132
H          1.30330        0.51335        2.03394
H          0.85783        1.46417        0.61209
H          2.39206        1.77204        1.44717
H          3.21558       -0.47042        0.84765
H          0.62776       -0.74041       -0.48215
H          1.19332       -1.58218        0.78701
H          0.98630        1.15859       -1.88442
H          2.25812        0.90988       -3.16079
H          2.44385        2.48901       -0.67977
H          3.91159       -1.30676       -1.69687
H          6.95461        1.23879       -1.34989
H          5.36999        1.96790       -1.15702
H          4.45718        1.59385       -3.88425
H          4.61269       -0.03764       -4.54918
H          6.03230        1.00562       -4.40249
H          7.32862       -0.75121       -2.87165
H          5.96245       -1.89354       -3.03368
H          7.35202       -1.12366       -0.55300
H          5.96952       -2.23159       -0.70591
