24

C          1.34437        0.42089       -0.01322
C          2.53491        0.34136        0.13897
C          3.91394       -0.10352        0.19864
N          4.93632        0.77917       -0.36967
C          4.97066        0.65215        1.09353
C          6.19816        0.00669        1.71533
C          6.12460       -1.47660        1.87505
C          6.67205       -2.18260        0.65325
N          5.29894       -2.21208        1.12261
C          4.49748       -2.91181        0.34067
C          3.03865       -2.64318        0.37895
C          3.98525       -1.63471       -0.27205
H          0.29666        0.31229       -0.19199
H          4.52481        1.67220       -0.63934
H          4.79289        1.61224        1.56527
H          6.46680        0.46418        2.67527
H          7.06980        0.21909        1.07697
H          6.25643       -1.82266        2.89687
H          7.43647       -2.90739        0.87049
H          6.77386       -1.62040       -0.26903
H          4.83161       -3.70932       -0.31285
H          2.63090       -2.41208        1.35626
H          2.38288       -3.21370       -0.26259
H          3.96462       -1.66539       -1.37172
