27

C         11.89632        0.53105       -1.26337
C         10.43177        0.48543       -0.90513
C         10.06950       -0.37710        0.06436
C          8.79509       -0.71779        0.67264
O          7.57303        0.01037        0.67299
C          7.61779       -1.19052       -0.12188
C          7.27896       -1.06621       -1.54436
C          7.66188       -0.28539       -2.55783
C          8.65408        0.83282       -2.74400
C          9.46540        1.45780       -1.59653
C         10.24711        2.69458       -2.15597
N          9.41830        3.79257       -2.65645
H         12.45747       -0.31006       -0.83882
H         12.36091        1.44413       -0.87597
H         12.03886        0.48127       -2.34504
H         10.88595       -0.94614        0.51583
H          8.96594       -1.25290        1.60949
H          7.24868       -2.12903        0.27882
H          6.46047       -1.74044       -1.80236
H          7.09495       -0.44796       -3.47996
H          8.04884        1.63790       -3.19214
H          9.33726        0.51202       -3.53996
H          8.76655        1.84136       -0.84332
H         10.90658        2.38353       -2.97782
H         10.88737        3.10756       -1.36832
H          9.10640        3.58012       -3.60373
H          9.99818        4.62706       -2.74406
