32

C          3.77043       -0.16711        1.50478
C          3.28326        0.53593        0.25797
C          3.34618        2.07775        0.30723
C          2.51113        2.68768        1.43815
C          1.74280        3.81629        0.75057
O          1.62177        4.96642        1.56322
C          2.52699        4.07929       -0.54678
C          2.77868        2.63877       -1.04039
N          4.20001        2.41890       -1.55098
C          4.54997        3.07656       -0.22934
C          3.99326        4.52360       -0.36655
C          4.31319        5.43626        0.81568
C          4.48369        5.27010       -1.63160
H          3.61070       -1.25102        1.39691
H          3.22758        0.15633        2.39988
H          4.83486        0.00514        1.66541
H          2.23558        0.23804        0.09271
H          3.84166        0.13901       -0.59872
H          3.14721        3.02356        2.26212
H          1.79559        1.97194        1.86103
H          0.73360        3.46664        0.50274
H          1.80683        4.72267        2.48497
H          1.97254        4.70243       -1.24979
H          1.97131        2.09303       -1.54890
H          4.48577        2.90706       -2.39279
H          5.56704        2.92212        0.14151
H          4.24585        4.93855        1.78436
H          3.65078        6.30855        0.81942
H          5.33541        5.82800        0.74302
H          4.23501        4.77678       -2.57311
H          5.57023        5.41154       -1.61039
H          4.01335        6.25857       -1.69461
