24

C          1.33002        0.82424       -0.36366
O          2.73904        0.70124       -0.18180
C          3.43847        0.25000       -1.25873
O          2.99664        0.02493       -2.37999
C          4.81399       -0.05583       -0.85348
C          5.09664       -1.13398        0.15568
C          6.26849       -1.91843       -0.46339
C          6.99625       -2.75308        0.57499
C          7.10019       -0.83000       -1.17500
O          7.95551       -0.15361       -0.25742
C          6.04521        0.12053       -1.68424
O          5.65095        1.11990       -0.74533
H          0.88815        0.97937        0.62497
H          0.90822       -0.09275       -0.78472
H          1.10395        1.69002       -0.98944
H          4.23326       -1.79093        0.30546
H          5.36191       -0.68636        1.11987
H          5.85945       -2.58443       -1.23614
H          7.36567       -2.14402        1.40578
H          7.84411       -3.28001        0.12784
H          6.31625       -3.50386        0.99373
H          7.71517       -1.24962       -1.97601
H          7.44713        0.59625        0.10599
H          5.98839        0.28082       -2.74780
