28

C          5.26745        1.73461       -0.92939
C          4.63778        0.39264       -0.60457
N          5.66505       -0.51811       -0.03528
C          5.17891       -1.70209        0.14710
N          5.71415       -2.81934        0.81611
C          6.40708       -2.79706        2.07607
C          6.59233       -4.23281        2.47657
C          5.38322       -4.76771        2.26904
C          4.62882       -3.65907        1.52342
C          4.48230       -4.38369        0.19753
C          3.36592       -4.68087       -0.46151
C          5.00293       -2.48742        2.67402
N          4.77768       -1.02130        2.64714
H          4.51279        2.43181       -1.31154
H          6.04597        1.62334       -1.68927
H          5.72005        2.18002       -0.03810
H          4.18279       -0.02185       -1.51336
H          3.83683        0.55721        0.13012
H          4.11997       -1.88492       -0.14458
H          7.26438       -2.13890        2.15150
H          7.42561       -4.68032        2.99277
H          4.95781       -5.72309        2.54537
H          5.40989       -4.79747       -0.22462
H          2.38218       -4.44690       -0.15977
H          3.48399       -5.31103       -1.36032
H          4.86157       -2.82776        3.71248
H          5.29035       -0.53240        1.89550
H          5.23769       -0.58281        3.45557
