30

C          1.09612       -0.42493       -0.95289
C          2.58848       -0.43708       -0.96755
C          3.33061        0.64902       -0.69624
C          4.82946        0.69693       -0.74912
N          5.21598        1.60875       -1.82732
N          6.53351        1.84925       -1.97877
C          6.92252        2.73842       -2.85542
C          8.46115        2.75700       -2.97478
C          9.10429        3.81094       -3.86798
C          8.15635        4.63553       -4.66292
C          6.83799        4.49925       -4.53911
N          6.19195        3.61528       -3.68928
C          4.72935        3.67346       -3.63318
H          0.71175       -1.43844       -1.10580
H          0.70771        0.20511       -1.76037
H          0.71285       -0.06169        0.00589
H          3.07278       -1.37406       -1.23319
H          2.83809        1.58463       -0.43586
H          5.25493       -0.29679       -0.92986
H          5.20982        1.05542        0.21365
H          4.84774        1.20644       -2.69059
H          8.75685        1.76254       -3.33711
H          8.87833        2.84206       -1.96240
H          9.79841        3.31597       -4.55805
H          9.71851        4.47940       -3.25352
H          8.56653        5.37347       -5.34654
H          6.17910        5.13425       -5.12842
H          4.32310        4.47956       -4.25659
H          4.37635        3.87099       -2.61595
H          4.29336        2.74713       -4.02090
