23

C          1.32739       -5.11969        1.90260
C          2.65359       -4.93185        1.94734
C          3.30958       -3.85160        1.24904
C          4.63574       -3.65219        1.27793
C          5.22590       -2.48111        0.55971
O          4.51458       -1.53738        0.21334
C          6.72768       -2.55399        0.25734
O          6.95934       -3.67855       -0.61875
C          6.93577       -3.16309       -1.96496
C          7.47770       -1.77689       -1.87475
N          6.67120       -0.62028       -1.53751
C          7.31593       -1.36034       -0.45238
H          0.86429       -5.92599        2.46255
H          0.67244       -4.47841        1.32250
H          3.26128       -5.60192        2.55226
H          2.67494       -3.16785        0.68878
H          5.32027       -4.31870        1.78858
H          7.26357       -2.73127        1.19783
H          5.90077       -3.17665       -2.32745
H          7.54407       -3.81012       -2.60037
H          8.42931       -1.62371       -2.36006
H          5.66009       -0.80493       -1.52211
H          8.15157       -0.89679        0.05207
