34

C          0.78073       -0.03058       -0.13715
C          2.30245       -0.24798       -0.11234
C          2.67211       -1.27050       -1.19193
O          2.09650       -2.54791       -0.87217
C          3.09387        1.10696       -0.12106
C          2.69581        1.88831        1.15163
C          4.65076        0.86290       -0.26013
C          4.79024        2.15803       -1.07310
C          5.29092        3.34618       -0.24943
C          4.53559        4.62277       -0.60117
N          3.08327        4.42766       -0.65757
C          2.69296        3.44295       -1.66725
C          3.27257        2.04476       -1.41137
H          0.25062       -0.98432       -0.08335
H          0.47264        0.48376       -1.05370
H          0.43365        0.55596        0.71544
H          2.52133       -0.73221        0.85194
H          3.73992       -1.44653       -1.28626
H          2.29652       -0.96577       -2.17129
H          2.44924       -2.81332       -0.00173
H          2.79119        1.25661        2.04191
H          1.66166        2.24018        1.08629
H          3.29502        2.77459        1.34274
H          4.97245        0.01568       -0.86999
H          5.20224        0.80465        0.68264
H          5.40968        2.06195       -1.97405
H          6.36480        3.49028       -0.42036
H          5.20495        3.15388        0.82572
H          4.90294        5.03360       -1.54713
H          4.75333        5.37031        0.17318
H          2.64295        5.32357       -0.87730
H          3.02062        3.79472       -2.65138
H          1.59830        3.38647       -1.70915
H          3.10188        1.45557       -2.32550
