27

C          1.52989        0.10559        1.73195
C          1.42633       -0.76125        0.49775
N          0.17211       -0.33597       -0.11250
C          0.08722        1.13739        0.06056
C          0.90462        1.43514        1.32262
C          0.38614        1.97159       -1.23932
O          0.80763        1.06363       -2.32226
C          2.12849        1.50239       -2.70279
C          2.72165        2.08411       -1.42973
C          1.53227        3.01177       -1.21805
C          1.57920        3.71013       -2.57151
C          1.92993        2.77637       -3.47183
H          2.56617        0.22480        2.06843
H          0.95753       -0.33488        2.55384
H          1.41809       -1.82821        0.74221
H          2.26233       -0.59996       -0.18969
H         -0.60195       -0.77082        0.38811
H         -0.96139        1.35805        0.30658
H          0.25931        1.79974        2.13211
H          1.68620        2.18241        1.18579
H         -0.55358        2.43717       -1.56634
H          2.70434        0.71871       -3.19501
H          3.67757        2.59997       -1.57891
H          2.84733        1.35891       -0.62892
H          1.58174        3.70004       -0.37780
H          1.35435        4.74591       -2.77463
H          2.04946        2.88734       -4.53747
