29

C          2.18207        0.41278       -1.42208
N          2.76824       -0.68444       -0.58660
C          1.81914       -0.73792        0.52993
C          2.22257       -1.50224        1.71737
C          2.27986       -2.98552        1.24091
C          3.45545       -3.53517        1.99465
O          4.08483       -4.56896        1.25228
C          3.90017       -4.26021       -0.14979
C          2.76246       -3.28204       -0.22973
C          2.35690       -2.05981       -1.04892
C          1.02673       -1.88499       -0.20316
N         -0.05955       -1.66408       -1.15066
C          0.82753       -3.09200        0.81401
H          2.60064        1.36089       -1.08556
H          1.08086        0.55800       -1.29842
H          2.40260        0.28529       -2.45494
H          1.74918        0.24060        1.01949
H          1.36261       -1.46533        2.43856
H          3.04843       -1.13608        2.25693
H          3.26181       -3.79024        3.02654
H          4.23198       -2.74338        2.02525
H          3.58377       -5.23952       -0.54346
H          4.82614       -3.98541       -0.65638
H          2.09964       -4.00045       -0.75012
H          2.34868       -2.20596       -2.13822
H          0.22519       -1.09122       -1.94525
H         -0.32095       -2.53994       -1.61219
H          0.51655       -4.03572        0.34003
H          0.08460       -2.86761        1.57900
