32

C          2.49214       -3.42996        1.46831
C          2.20862       -2.01106        0.98901
C          3.02581       -0.88924        1.64773
N          4.46230       -0.93770        1.33034
C          4.94796       -0.02759        0.28881
C          5.68929        1.19939        0.81333
C          6.43562        1.99348       -0.23206
C          5.75429        1.60173        2.09643
C          5.31548       -1.63845        2.17002
N          4.93879       -2.26613        3.24752
N          6.03437       -2.72131        3.87568
C          7.24236       -2.60000        3.08362
C          6.79830       -1.75082        1.91205
H          1.74068       -4.11464        1.05552
H          2.44035       -3.50886        2.55880
H          3.47083       -3.78361        1.13086
H          1.15031       -1.80832        1.19831
H          2.32423       -1.97659       -0.09969
H          2.86488       -0.89851        2.73225
H          2.60949        0.06691        1.30579
H          4.11748        0.31908       -0.33950
H          5.61482       -0.59086       -0.37455
H          6.87334        1.33572       -0.99002
H          7.26051        2.56945        0.20709
H          5.75979        2.69458       -0.73122
H          5.25476        1.06781        2.89932
H          6.32617        2.47900        2.38861
H          5.90061       -3.64834        4.28213
H          7.60369       -3.57673        2.74971
H          8.03491       -2.10974        3.65720
H          6.97476       -2.24872        0.95454
H          7.28172       -0.77333        1.92315
