26

C          1.45085        0.36983       -1.61727
C          2.54875        0.14446       -0.58372
C          1.97111        0.22508        0.83355
O          2.98301        0.07404        1.82259
O          3.08570       -1.17072       -0.85308
C          4.42713       -1.22715       -1.06084
O          5.24676       -0.37855       -0.74894
C          4.83208       -2.38541       -1.81901
C          5.23729       -3.28046       -2.51096
C          5.78966       -4.28779       -3.37192
C          5.86125       -5.70563       -2.85747
N          4.90792       -5.33092       -3.89573
C          5.29333       -5.79280       -5.22789
H          0.99177        1.35626       -1.50694
H          0.66995       -0.39424       -1.52807
H          1.85903        0.28273       -2.63005
H          3.31565        0.91827       -0.70706
H          1.21492       -0.54679        1.00695
H          1.50605        1.20441        0.99276
H          3.35775       -0.81745        1.71942
H          6.59182       -3.95261       -4.02356
H          5.43202       -5.93665       -1.89001
H          6.73128       -6.29593       -3.11794
H          4.67299       -6.65197       -5.50401
H          6.34140       -6.10549       -5.31343
H          5.11583       -5.00682       -5.96993
