33

C          2.60400       -0.52030        1.48901
C          3.58353       -0.07749        0.42888
C          3.39288       -0.75540       -0.91300
C          4.67004       -0.04019       -1.34232
C          5.56797       -1.04051       -0.54857
C          5.33595       -0.28677        0.70811
C          6.53855        0.78484        0.36044
C          6.01684        2.00066       -0.40227
C          6.63382        2.71449       -1.62533
N          6.27810        2.25058       -2.95281
C          4.53348        1.73111       -0.65664
N          4.37225        2.37762        0.80002
C          3.19218        1.29728       -0.12916
H          2.77095       -1.55610        1.79611
H          1.57590       -0.45046        1.10820
H          2.66030        0.12509        2.37144
H          2.51463       -0.50100       -1.51620
H          3.38657       -1.85066       -0.86366
H          4.84683       -0.05705       -2.41971
H          6.58532       -1.17276       -0.93429
H          5.21676       -2.07512       -0.43515
H          5.53644       -0.84948        1.62494
H          7.36953        0.36440       -0.22815
H          7.02913        1.07820        1.29697
H          6.29573        2.81475        0.30341
H          7.71975        2.78822       -1.53031
H          6.26620        3.75895       -1.58410
H          6.75480        1.36782       -3.14369
H          6.58875        2.90864       -3.64576
H          4.94560        1.96477        1.55023
H          4.49105        3.39141        0.76265
H          2.52931        1.31075       -1.01693
H          2.49607        1.87916        0.51791
