29

C          0.96382       -0.13301       -0.29845
C          2.47758       -0.13113       -0.04151
C          3.12851       -1.39440       -0.61844
O          3.05722       -1.41680       -2.04836
C          4.58311       -1.64769       -0.16128
O          4.82329       -3.06810       -0.08522
C          4.90535       -1.03956        1.21214
N          5.13990        0.41685        1.32546
C          4.36648        1.41321        0.56207
C          4.63691        1.40245       -0.90193
C          3.21022        1.17108       -0.41378
C          2.31645        2.28459       -0.93289
H          0.51077       -1.03856        0.12178
H          0.71843       -0.09129       -1.36124
H          0.47991        0.71097        0.20730
H          2.51441       -0.20414        1.05124
H          2.52188       -2.25311       -0.29945
H          3.42727       -0.56911       -2.37517
H          5.29597       -1.30493       -0.91847
H          4.15825       -3.51533       -0.63705
H          5.81398       -1.52540        1.58893
H          4.13841       -1.33407        1.93631
H          6.13447        0.59633        1.23121
H          4.32940        2.37595        1.06679
H          5.21320        0.62179       -1.36808
H          4.93756        2.36998       -1.30574
H          1.74726        1.92136       -1.79919
H          2.88601        3.14725       -1.29918
H          1.62591        2.64529       -0.17053
