23

O          2.10051        1.70992        2.14928
N          3.14372        0.78084        2.23691
C          3.49674        0.41727        1.04862
O          4.48224       -0.48424        0.81324
C          5.07881       -1.11485        1.97744
C          5.54033       -2.51497        1.55961
C          6.31711       -3.24547        2.64977
N          5.86469       -2.83321        3.97716
N          6.46675       -1.78891        4.59385
C          6.62577       -0.66346        3.95588
C          6.24819       -0.29005        2.53366
O          5.94885        1.11324        2.58289
H          1.85337        1.83683        3.08523
H          3.06291        0.78865        0.10841
H          4.29800       -1.23420        2.73910
H          6.15031       -2.46064        0.64868
H          4.65332       -3.09930        1.27883
H          7.39613       -3.08011        2.54536
H          6.15891       -4.32360        2.52987
H          5.88417       -3.64045        4.60744
H          7.16836        0.12097        4.51315
H          7.13990       -0.38432        1.90458
H          5.01107        1.19874        2.85136
