23

C          0.98987       -0.42417        0.08762
C          2.40197        0.08515        0.26770
C          3.39061       -0.21955       -0.84002
C          2.86273        1.17418       -0.68074
N          2.93020        0.11998        1.64805
C          3.06781       -1.16745        2.34330
C          2.79803       -0.68601        3.70893
N          2.89634       -1.22058        4.88242
S          2.35790       -0.01798        5.97108
N          1.87369        1.14550        4.84349
O          2.24905        2.46043        5.10028
C          2.27896        0.69993        3.60676
N          2.32115        1.12020        2.38506
H          0.67816       -0.39162       -0.96247
H          0.28223        0.17843        0.66518
H          0.90564       -1.46549        0.41363
H          3.05335       -0.79289       -1.69552
H          4.42960       -0.38969       -0.58097
H          2.16329        1.54655       -1.41958
H          3.53460        1.93449       -0.29737
H          4.06924       -1.59171        2.25246
H          2.30042       -1.90128        2.08173
H          1.83989        2.61916        5.96792
