30

C          1.18878       -0.25546       -0.17546
N          2.61707       -0.17401        0.13324
C          3.02656       -1.30554        0.98591
C          4.49518       -1.23334        1.44296
C          4.84348        0.12182        2.08525
C          4.45935        1.23189        1.11070
O          5.27672        1.11057       -0.07336
C          4.55820        2.69681        1.60574
N          5.86001        3.33300        1.37753
C          3.44819        3.44437        0.82295
C          2.69256        2.38660        0.00696
C          2.95144        1.10005        0.78649
H          0.93937       -1.22703       -0.61542
H          0.90489        0.50021       -0.91583
H          0.56750       -0.11389        0.71715
H          2.88924       -2.24371        0.43082
H          2.38725       -1.36176        1.87698
H          5.15105       -1.40844        0.58025
H          4.69404       -2.04137        2.15674
H          5.91024        0.14681        2.32628
H          4.28681        0.22631        3.02705
H          6.20130        1.06705        0.22146
H          4.32604        2.75210        2.67575
H          6.05179        3.29325        0.37581
H          6.59928        2.80059        1.82984
H          3.82519        4.23768        0.16885
H          2.76563        3.91935        1.53891
H          3.10577        2.32727       -1.00723
H          1.62775        2.63192       -0.07437
H          2.38397        1.16529        1.72941
