23

O          0.97174        0.04126        0.10478
C          2.38847        0.08052        0.02954
C          2.90331       -1.26911       -0.46718
C          4.42933       -1.34541       -0.55663
C          4.98438       -0.48771       -1.69230
O          5.24131        0.87355       -1.36949
C          4.30396        1.58323       -0.56950
C          2.86328        1.21882       -0.84062
C          2.17994        1.91363       -1.77222
C          0.80260        1.66264       -2.24303
O          0.29697        2.38415       -3.09951
H          0.72707       -0.69588        0.69086
H          2.73284        0.24928        1.05713
H          2.45593       -1.50176       -1.44347
H          2.54345       -2.05650        0.20716
H          4.69439       -2.39136       -0.75045
H          4.87906       -1.06412        0.40242
H          4.34053       -0.52968       -2.57876
H          5.94986       -0.90533       -1.99953
H          4.47509        2.65130       -0.74955
H          4.56193        1.42654        0.48446
H          2.66040        2.72880       -2.30782
H          0.26349        0.80002       -1.84144
