32

C          0.99964       -0.29278        0.24925
C          2.45113       -0.11584       -0.11580
C          2.97503       -0.83648       -1.12595
C          3.23527        0.88030        0.74390
C          4.73444        0.55227        0.87062
C          5.48659        1.64528        1.62762
C          5.24588        3.05622        1.03234
C          6.01364        4.10374        1.89039
C          7.31520        4.25908        1.16227
C          7.24650        3.77581       -0.08093
C          5.88821        3.22549       -0.37756
N          3.79391        3.31577        1.04146
C          3.03986        2.33220        0.24932
H          0.50957       -1.05170       -0.37167
H          0.45170        0.64453        0.11863
H          0.90651       -0.61493        1.29118
H          2.37112       -1.54061       -1.69009
H          4.01080       -0.75399       -1.43366
H          2.82472        0.82108        1.76291
H          5.19994        0.43227       -0.11154
H          4.86118       -0.40414        1.39324
H          6.55572        1.40085        1.63619
H          5.15909        1.62893        2.67700
H          6.17123        3.76388        2.91890
H          5.50567        5.07476        1.92318
H          8.18592        4.73855        1.58975
H          8.04940        3.80821       -0.80478
H          5.95540        2.28975       -0.93439
H          5.34233        3.95057       -0.99350
H          3.61604        4.24894        0.66868
H          3.30870        2.41741       -0.81080
H          1.97817        2.59846        0.31791
