28

C          1.43868       -0.03866        0.61614
C          2.78078       -0.24656       -0.00752
C          3.04732       -1.61663       -0.58202
C          4.55210       -1.55493       -0.91546
C          4.73742       -0.64741       -2.14432
C          4.20508        0.78054       -1.90422
C          3.56573        0.95765       -0.53355
C          3.19884        2.37807       -0.19607
C          4.10486        0.13138        0.61719
N          5.18537       -0.82891        0.22749
N          5.49229       -1.56497        1.32236
C          6.73455       -1.92749        1.31000
H          0.66990       -0.51430       -0.00521
H          1.15644        1.01471        0.69321
H          1.39027       -0.48227        1.61334
H          2.42940       -1.82133       -1.46103
H          2.85225       -2.38603        0.17632
H          4.98748       -2.54414       -1.09175
H          4.21732       -1.08555       -3.00521
H          5.79765       -0.59690       -2.41967
H          3.46605        1.02804       -2.67639
H          5.03062        1.49126       -2.01462
H          2.41145        2.73888       -0.86372
H          4.07203        3.02996       -0.30865
H          2.85026        2.48724        0.83701
H          4.13366        0.55141        1.61515
H          7.13895       -2.52954        2.13550
H          7.43846       -1.66404        0.49908
