26

C          3.37373       -0.40420        1.17853
C          2.50810        0.03234        0.00230
C          2.93321       -0.62860       -1.30649
C          2.07211       -0.24475       -2.49509
C          2.27069       -1.41804       -3.42422
C          2.43514       -2.59268       -2.46881
O          2.84760       -2.05891       -1.20027
C          3.37316       -3.63585       -3.06323
N          4.66328       -3.75962       -2.98816
N          5.32870       -2.83746       -2.25343
C          2.80746       -4.64730       -3.92547
C          2.32138       -5.46562       -4.65583
H          3.15419        0.21052        2.05769
H          4.43893       -0.29980        0.94964
H          3.18005       -1.44837        1.44505
H          2.56665        1.12143       -0.10335
H          1.46718       -0.22274        0.23504
H          3.97975       -0.37659       -1.51836
H          2.37336        0.70501       -2.94429
H          1.01586       -0.17318       -2.21467
H          3.16848       -1.27161       -4.03628
H          1.43013       -1.56022       -4.11025
H          1.46265       -3.06893       -2.29833
H          6.20774       -3.22775       -1.91135
H          4.79619       -2.53305       -1.43115
H          1.89607       -6.18917       -5.31316
