30

C          2.47326       -1.33350        0.78370
C          2.62333       -0.09399       -0.09295
C          2.85315        1.20054        0.70850
C          1.69002        1.58036        1.65778
C          0.39442        2.05538        0.98963
C         -0.64926        2.38968        2.06133
C          0.50391        3.21238       -0.02174
C          1.76597        4.10259       -0.07806
O          2.03542        4.45754       -1.44650
N          2.40099        3.35083       -2.26430
C          3.01058        2.39423       -1.62772
C          3.34795        2.39870       -0.14029
O          2.95244        3.58993        0.51242
H          2.42218       -2.23024        0.15816
H          1.56152       -1.29922        1.38501
H          3.33025       -1.44320        1.45696
H          1.74005        0.00038       -0.73390
H          3.48468       -0.26541       -0.75039
H          3.68627        0.98008        1.39446
H          2.03615        2.35289        2.35915
H          1.46104        0.72309        2.30030
H         -0.01365        1.19718        0.43817
H         -0.36982        3.28592        2.62506
H         -0.76449        1.56127        2.76838
H         -1.62941        2.56556        1.60393
H         -0.35674        3.88945        0.08232
H          0.32321        2.77550       -1.01348
H          1.54962        5.03736        0.44786
H          3.33481        1.52122       -2.21552
H          4.44592        2.37085       -0.11566
