26

C          0.55574        0.50371       -0.68508
C          1.88393       -0.04249       -0.16156
N          2.89212        1.04297       -0.19490
C          4.07998        0.31298        0.23236
C          3.55434       -1.06200        0.26629
C          3.73249       -2.12947        1.03996
C          3.30536       -3.20334        0.12039
O          3.48869       -2.39919       -1.11430
C          2.52427       -1.33076       -0.88775
C          1.35421       -2.35838       -0.89213
C          1.81683       -3.54299       -0.04808
N          0.91734       -3.73271        1.08600
H          0.36708        1.50621       -0.28002
H         -0.27844       -0.10325       -0.30680
H          0.51152        0.53821       -1.77208
H          1.64087       -0.25459        0.90288
H          2.65962        1.75481        0.49619
H          4.47103        0.67228        1.18311
H          4.87593        0.42552       -0.53811
H          4.36212       -2.20666        1.91166
H          3.97836       -4.06978        0.12905
H          1.23566       -2.70336       -1.93315
H          0.36738       -1.99706       -0.61435
H          1.74379       -4.44244       -0.67146
H          0.95295       -2.94375        1.72568
H          1.15642       -4.57324        1.60430
