24

C          3.35566       -2.58229       -0.79365
C          2.81264       -2.28794        0.60008
O          2.99693       -0.89404        0.91885
C          2.58137       -0.56123        2.23258
C          3.37025       -1.30989        3.31323
N          3.39772       -0.44333        4.48391
N          3.03584        0.85786        4.12583
C          2.77977        0.86724        2.76747
N          2.68196        1.92408        2.04253
C          3.08594       -0.87508        5.75432
O          2.87681       -2.03428        6.08770
C          1.39490       -2.68938        0.68086
C          0.25135       -3.02188        0.77780
H          4.41343       -2.31184       -0.87045
H          2.81957       -2.01569       -1.56057
H          3.25645       -3.65057       -1.02617
H          3.40270       -2.88583        1.30084
H          1.50343       -0.74235        2.34102
H          4.40705       -1.47302        3.00128
H          2.92429       -2.28236        3.54413
H          3.59188        1.61625        4.51416
H          2.80869        2.76112        2.61557
H          3.06267       -0.04462        6.48042
H         -0.77078       -3.32047        0.88491
