24

O          1.12141       -0.15804        0.00615
C          2.41112        0.25200        0.06393
O          2.89878        0.96979       -0.79315
C          3.13876       -0.23730        1.29713
C          4.21116        0.76165        1.75226
C          4.62334        0.58515        3.18894
C          4.43420       -0.50824        3.95160
C          3.89343       -1.83886        3.51222
O          4.38421       -2.18602        2.22853
C          3.68032       -1.66446        1.09512
C          4.68126       -1.77925       -0.02839
C          4.52016       -2.47213       -1.16207
H          0.81210       -0.68499        0.76773
H          2.37635       -0.24552        2.08843
H          3.81851        1.78094        1.64797
H          5.10245        0.72134        1.11687
H          5.08957        1.45659        3.64827
H          4.73875       -0.45814        4.99534
H          2.80069       -1.88813        3.56740
H          4.27820       -2.59921        4.20064
H          2.83683       -2.33878        0.89846
H          5.63446       -1.27289        0.12139
H          3.61163       -3.02761       -1.38093
H          5.31512       -2.49975       -1.90127
