24

C         -4.22304        1.51219       -3.52696
N         -2.76992        1.39510       -3.12088
C         -2.43964        0.26261       -2.13712
C         -3.55330       -0.43327       -1.17935
C         -4.47055       -0.49848       -2.37197
C         -5.09122        0.91249       -2.41202
O         -5.04583        1.94132       -1.36704
C         -4.06077        1.90363       -0.42929
C         -3.30161        0.82823       -0.26968
O         -6.45304        0.55884       -2.54301
N         -6.94012       -0.06748       -1.31373
C         -6.10354       -0.52915       -0.41596
N         -4.69394       -0.71326       -0.24118
H         -4.39466        1.00585       -4.48476
H         -4.45695        2.57030       -3.68062
H         -2.17853        1.33904       -3.94820
H         -1.51691        0.55912       -1.60841
H         -2.04105       -0.55419       -2.76560
H         -5.17143       -1.35573       -2.34430
H         -4.00373       -0.81635       -3.32299
H         -3.99912        2.81175        0.15497
H         -2.51134        0.79859        0.47828
H         -6.60599       -0.96069        0.46852
H         -4.42855       -0.86096        0.72876
