22

C          1.01401       -0.26734        0.01393
C          2.51563       -0.13724       -0.04906
C          3.24722       -1.30657        0.58251
O          4.47870       -1.68821       -0.05886
C          5.56326       -0.86715        0.00363
O          6.70038       -1.33024        0.07303
C          5.29564        0.62969       -0.19266
O          4.44183        1.19875        0.81706
C          3.08244        1.21250        0.29831
C          3.09722        0.75847       -1.14334
C          4.52053        0.77512       -1.48591
C          5.06291        1.02554       -2.68576
H          0.68579       -0.36770        1.05519
H          0.68216       -1.15022       -0.53992
H          0.50798        0.60599       -0.41165
H          2.61224       -2.19901        0.54331
H          3.44226       -1.12085        1.64675
H          6.24149        1.17948       -0.20323
H          2.42661        2.02868        0.57462
H          2.41721        1.23490       -1.83965
H          4.44145        1.19211       -3.55993
H          6.13898        1.09134       -2.81983
