32

C          0.92678       -0.12281       -0.08501
C          2.42862        0.01548        0.07617
C          3.03271        1.08802        1.04742
C          4.08660       -0.02060        1.33155
N          3.03079       -1.01239        0.97540
C          3.60227       -2.11369        0.20756
C          2.21121        1.65218        2.22067
N          1.76510        0.63802        3.20326
C          3.03798        2.74236        2.94857
N          2.24195        3.32043        4.01803
C          2.71146        4.20016        4.92368
N          1.81710        4.45923        5.89297
N          3.84329        4.80297        4.92781
H          0.53560        0.70350       -0.68807
H          0.38714       -0.11780        0.86418
H          0.67525       -1.05540       -0.60094
H          2.89702        0.06954       -0.92029
H          3.44969        1.93166        0.47637
H          4.46159       -0.09146        2.35598
H          4.95044        0.02308        0.65418
H          4.13851       -2.79038        0.88057
H          4.29787       -1.79309       -0.57692
H          2.80328       -2.69379       -0.26665
H          1.30872        2.12673        1.81641
H          2.58426        0.20997        3.63930
H          1.34041       -0.14135        2.69450
H          3.32738        3.52907        2.24030
H          3.95629        2.30583        3.35772
H          1.61076        2.62308        4.41586
H          0.87881        4.58749        5.53696
H          2.11920        5.26632        6.42671
H          4.38951        4.49801        4.12380
