28

C          0.84093        0.35210        0.61597
C          2.31718        0.47831        0.80495
C          3.15546       -0.55429        0.62247
C          4.62541       -0.56611        0.81153
C          5.06667       -0.87647        2.22533
C          5.43638       -1.18198       -0.32000
C          4.81324       -1.72160       -1.56838
O          5.83838       -2.18941       -2.43012
C          5.49338        0.31734       -0.08582
C          6.76612        0.91335        0.37779
C          8.00148        0.45272        0.11007
C          6.67111        2.20360        1.17569
N          6.59228        3.27396        1.83761
H          0.38422        1.34251        0.52880
H          0.38651       -0.15783        1.47138
H          0.60148       -0.20445       -0.29763
H          2.70299        1.44580        1.11698
H          2.71236       -1.51311        0.35044
H          4.55014       -1.76750        2.59883
H          4.83131       -0.03904        2.89096
H          6.14134       -1.07334        2.29394
H          6.25380       -1.82315       -0.00351
H          4.21954       -0.97397       -2.10586
H          4.16806       -2.57342       -1.33518
H          6.33438       -1.40833       -2.72999
H          4.97118        0.95188       -0.79912
H          8.16123       -0.44577       -0.47618
H          8.88976        0.96138        0.47609
