33

C          0.95616        0.00942        0.01614
C          2.36976       -0.37737       -0.38782
C          3.62823        0.31921        0.25255
C          3.38869        1.82036        0.01109
C          3.28234        1.77468       -1.53699
C          3.01726        0.26824       -1.64897
N          2.65460       -0.37782       -2.88870
C          4.39479       -0.18947       -1.07429
C          4.89786       -1.62401       -1.17360
C          5.47415        0.80368       -1.57981
C          4.67423        1.97348       -2.18476
C          5.32846        3.32751       -1.90086
N          4.58571        1.84918       -3.64763
H          0.82467       -0.10167        1.09759
H          0.23214       -0.64913       -0.47472
H          0.70022        1.03509       -0.26030
H          2.41023       -1.47271       -0.32287
H          3.96783       -0.01569        1.23122
H          4.19976        2.43802        0.39953
H          2.46227        2.16863        0.47741
H          2.49608        2.42247       -1.93334
H          1.75640       -0.05506       -3.25140
H          2.56363       -1.39231       -2.81657
H          4.15990       -2.37124       -0.87236
H          5.78248       -1.76768       -0.54488
H          5.18124       -1.86050       -2.20644
H          6.13613        0.34374       -2.32306
H          6.10969        1.12258       -0.74663
H          5.51991        3.49060       -0.83675
H          4.69878        4.15074       -2.25559
H          6.30054        3.40838       -2.40317
H          4.07957        0.98199       -3.85984
H          5.51482        1.72668       -4.04043
