26

C          2.21084        0.20998        0.06845
C          0.73126        0.09835       -0.07095
N          0.11622       -1.03253       -0.22051
N         -1.17821       -0.70285       -0.41378
C         -2.24567       -1.68875       -0.29977
C         -3.01095       -1.76472       -1.57137
C         -2.67996       -2.11253       -2.86560
C         -1.37097       -2.54875       -3.39687
C         -3.88869       -1.92701       -3.57031
N         -4.88291       -1.51968       -2.77897
O         -4.32564       -1.41843       -1.51464
C         -1.51160        0.65615       -0.01718
C         -0.14471        1.31555       -0.10118
H          2.66367       -0.78289        0.13254
H          2.45267        0.77798        0.96955
H          2.61368        0.73084       -0.80474
H         -2.90452       -1.46365        0.54747
H         -1.82170       -2.67975       -0.09609
H         -0.64571       -2.72686       -2.59734
H         -0.95797       -1.78699       -4.06582
H         -1.47778       -3.48128       -3.96026
H         -4.08539       -2.06859       -4.62399
H         -1.88189        0.69222        1.01330
H         -2.23702        1.13664       -0.67947
H          0.06215        1.97200        0.74716
H          0.00777        1.84519       -1.04609
