30

C          1.69366        0.30606        0.75869
C          3.21293        0.27137        0.47906
C          3.53865        1.77598        0.31859
C          4.77857        1.23573       -0.41141
C          4.39636        0.65483       -1.85958
C          3.88091       -0.80344       -1.89419
C          3.40733       -2.10028       -1.84786
C          3.18914       -2.76394       -0.30796
C          4.43243       -2.11443        0.21423
N          5.34358       -3.21295       -0.32856
C          5.49533       -1.07241        0.46574
C          4.75699        0.20651        0.82061
C          3.42948       -0.86098       -0.51803
H          1.35423        1.11781        1.41008
H          1.28366       -0.63985        1.10769
H          1.16874        0.50111       -0.20489
H          3.68033        2.21705        1.32576
H          2.84113        2.42290       -0.21156
H          5.60085        1.96041       -0.42674
H          5.31803        0.72083       -2.46985
H          3.67372        1.33449       -2.32849
H          3.41008       -2.79591       -2.67454
H          3.05426       -3.81787       -0.23314
H          2.49030       -2.40061        0.51763
H          5.47294       -3.87392        0.44635
H          4.90841       -3.79354       -1.04771
H          6.18354       -0.89217       -0.37359
H          6.14652       -1.39276        1.29203
H          5.07727        0.60171        1.79526
H          2.30321       -1.01583       -0.70309
