27

C          0.83501        0.57233       -0.33713
C          2.35453        0.48747       -0.31619
C          2.94950        0.78964        1.07673
O          2.41073       -0.14514        2.02298
C          4.51290        0.78161        1.09256
C          5.11100        1.84351        0.16515
N          6.45807        2.07973        0.69558
C          6.32038        2.05204        2.15549
C          5.09115        1.18215        2.47238
O          5.44020        0.08347        3.31328
C          4.93741       -0.62405        0.69974
C          5.30156       -1.82983        0.36279
H          0.46431        0.34297       -1.34149
H          0.49547        1.57743       -0.07049
H          0.38445       -0.14392        0.35639
H          2.75345        1.18474       -1.06024
H          2.62525       -0.52586       -0.63546
H          2.59560        1.77567        1.39742
H          2.83860       -1.00901        1.88840
H          4.53410        2.77609        0.21007
H          5.16653        1.52233       -0.87983
H          6.82225        2.97955        0.38307
H          6.15273        3.07004        2.52597
H          7.23732        1.67062        2.61524
H          4.36967        1.79328        3.02757
H          6.12339       -0.43134        2.84630
H          5.60325       -2.81372        0.08411
