23

O          2.46257       -0.31904        2.85472
C          2.01299        0.29655        1.89437
N          2.72823        0.70443        0.78470
C          4.15371        0.53647        0.77038
C          4.65834       -0.82613        0.32425
C          5.08649        0.41405       -0.39345
C          4.82849        0.62027       -1.86022
C          5.86667        1.63769       -2.27351
C          6.66885        1.96731       -1.24778
C          6.33271        1.17730       -0.02375
O          5.97105        2.03200        1.05931
C          4.93503        1.34661        1.79122
H          0.96060        0.62493        1.85015
H          2.29718        1.36390        0.14882
H          3.95249       -1.48079       -0.17816
H          5.36488       -1.34624        0.95579
H          3.81896        0.97675       -2.07716
H          5.01120       -0.30980       -2.41221
H          5.95447        2.03842       -3.27399
H          7.48112        2.67814       -1.28606
H          7.15516        0.52023        0.27628
H          4.32330        2.09888        2.29866
H          5.39823        0.69758        2.54198
