22

C          1.15131       -0.30756       -0.13876
O          2.55721       -0.14262        0.03239
C          3.07663       -0.63245        1.22089
C          4.06515        0.05842        1.79770
O          4.73974       -0.33455        2.91964
C          4.10586        0.21523        4.07411
C          2.98456       -0.63885        4.57685
C          2.08821       -0.21292        5.48505
C          2.90799       -2.07604        4.23297
O          2.98377       -2.92562        5.12221
C          2.60632       -2.53084        2.84937
C          2.65515       -1.95414        1.63937
H          0.82983        0.36737       -0.93755
H          0.59993       -0.04882        0.77093
H          0.92081       -1.32930       -0.45568
H          4.43691        0.99821        1.40982
H          3.76571        1.24385        3.88463
H          4.87544        0.27925        4.85137
H          2.10872        0.80088        5.87113
H          1.34176       -0.88448        5.90362
H          2.29145       -3.57466        2.86777
H          2.37441       -2.59565        0.80374
