28

C          1.06605       -1.50684        1.16216
N          2.51339       -1.36809        1.29218
C          2.95932        0.02693        1.52630
C          2.36192        0.61203        2.81633
C          4.51428        0.07297        1.49627
C          5.23578       -0.81940        2.57674
C          5.97635        0.16191        3.48067
C          6.61451       -0.14432        4.61871
N          5.84546        1.40753        2.90417
C          6.27152        2.67864        3.13149
C          5.72772        3.41324        2.09138
N          4.97115        2.62054        1.25143
C          5.06995        1.42921        1.78314
H          0.82827       -2.54006        0.88966
H          0.66410       -0.85433        0.38029
H          0.54709       -1.30997        2.10466
H          2.93557       -1.70127        0.42376
H          2.60118        0.64394        0.69042
H          2.68448        0.06006        3.70393
H          1.26721        0.60747        2.79497
H          2.64665        1.66188        2.94119
H          4.85564       -0.24491        0.50166
H          5.97272       -1.45802        2.07199
H          4.55003       -1.46160        3.13732
H          6.65057       -1.16733        4.98131
H          7.11566        0.61132        5.21557
H          6.90328        2.94857        3.96487
H          5.83904        4.47427        1.90619
