31

C          0.99181       -0.20649        0.19310
N          2.45048       -0.10806        0.16880
C          3.00589        0.81085        1.20016
C          2.54121        0.47947        2.65187
C          2.91444       -0.93158        3.12727
C          2.97119        1.55097        3.66658
C          4.56250        0.85823        1.01451
C          5.08924        1.36075       -0.34771
O          5.98733        0.48969       -1.02719
C          5.40810       -0.76682       -1.35603
N          5.34610        0.53134        2.00262
N          6.67243        0.65080        1.82194
H          0.64503       -0.59558       -0.77020
H          0.51146        0.76523        0.34590
H          0.65554       -0.91115        0.95944
H          2.70475        0.23559       -0.75452
H          2.65871        1.82503        0.96176
H          1.44328        0.51634        2.66894
H          3.98579       -1.13428        3.07992
H          2.40889       -1.69252        2.52490
H          2.60484       -1.08267        4.16692
H          4.03459        1.79378        3.62184
H          2.75296        1.23137        4.69088
H          2.41850        2.48000        3.48811
H          5.62750        2.29641       -0.15762
H          4.26317        1.62069       -1.01479
H          6.10827       -1.30931       -1.99792
H          4.47280       -0.63447       -1.90641
H          5.24263       -1.36280       -0.45370
H          7.17472        0.17753        2.57382
H          6.98904        0.22817        0.94135
