26

C          0.92673        1.51783        1.80245
N          2.38146        1.48567        1.79699
C          2.91319        1.10140        0.47890
C          4.47516        1.08895        0.40807
N          5.07308        0.18802        1.41090
C          4.94227        0.77920       -1.03139
C          5.49065       -0.37105       -1.44601
C          4.92121        2.02676       -1.82982
O          5.97190        2.99482       -1.75044
C          4.89123        3.17321       -0.82834
C          5.00099        2.52867        0.50208
N          5.51049        3.22689        1.47227
O          5.58385        2.50911        2.66739
H          0.57209        1.82804        2.78948
H          0.50248        0.53417        1.58280
H          0.54413        2.24355        1.07631
H          2.72338        0.85029        2.51261
H          2.51107        1.79630       -0.27049
H          2.53776        0.10307        0.22093
H          4.42778       -0.56497        1.61626
H          5.14642        0.74481        2.26982
H          5.60386       -1.22304       -0.78022
H          5.91010       -0.46426       -2.44383
H          4.23737        2.06309       -2.66961
H          4.18634        3.97946       -0.97215
H          6.20265        3.05410        3.19139
