27

C          1.12453        0.00124       -0.41175
C          2.53085       -0.21478        0.15463
C          3.47704        0.88394       -0.32095
N          3.18673        2.26305        0.13852
C          4.62288        2.43127        0.48387
C          4.73836        0.90801        0.58020
C          5.84807        0.16937       -0.04434
C          5.70683       -1.16163       -0.18359
C          4.52351       -1.97642        0.29612
O          4.79652       -3.33041       -0.09367
C          3.09861       -1.60565       -0.23507
O          3.06056       -1.82151       -1.65789
H          0.73142        0.97667       -0.11107
H          0.44155       -0.76160       -0.02413
H          1.11094       -0.04185       -1.50291
H          2.44340       -0.18729        1.24689
H          3.67280        0.85855       -1.40138
H          2.87093        2.88614       -0.60453
H          4.77837        2.96064        1.42942
H          5.22416        2.91034       -0.29707
H          4.57459        0.58144        1.61952
H          6.73715        0.68854       -0.39203
H          6.52457       -1.72020       -0.64091
H          4.51760       -1.96759        1.39167
H          4.28336       -3.48587       -0.90872
H          2.41002       -2.36072        0.16911
H          3.76114       -1.27600       -2.05751
