29

C          1.16323        0.18506       -0.48433
C          2.61163       -0.08922       -0.09622
C          2.96320       -1.58898       -0.09568
N          2.09726       -2.32265        0.88771
C          3.26376       -3.09653        1.36293
C          3.62987       -4.34143        0.53549
N          4.60520       -3.92036       -0.49942
C          5.29426       -2.78554        0.13828
C          4.19191       -1.99498        0.82272
O          4.71929       -1.04599        1.78008
C          3.91092       -3.41935       -1.69702
C          2.88736       -2.27073       -1.50185
O          3.05870       -1.31336       -2.55479
H          1.00574        1.26096       -0.61046
H          0.47911       -0.16007        0.29567
H          0.88048       -0.30999       -1.41938
H          2.77831        0.35158        0.89362
H          3.28132        0.44811       -0.77797
H          1.32574       -2.86235        0.50527
H          3.26889       -3.26605        2.44464
H          2.75607       -4.85029        0.11744
H          4.13202       -5.06620        1.18960
H          5.86301       -2.17859       -0.57504
H          6.01220       -3.16881        0.87503
H          5.07024       -0.31190        1.24960
H          3.40782       -4.25789       -2.19435
H          4.67731       -3.10854       -2.42232
H          1.88055       -2.68286       -1.64410
H          3.97957       -1.00372       -2.54511
