31

C          0.79068        0.96803        2.07383
C          2.28612        1.03755        2.33645
C          3.06428        0.01077        1.49698
C          4.59899       -0.01940        1.75882
C          5.25134       -1.09098        0.86914
N          5.17093        1.29039        1.36543
C          4.88205       -0.27530        3.24865
C          4.37093       -1.55396        3.87850
N          5.54406       -2.13289        4.57736
C          6.34618       -0.98376        5.04680
C          6.14939        0.04463        3.97458
N          5.03278        0.95857        4.09147
H          0.26795        1.70739        2.68946
H          0.39578       -0.02134        2.32725
H          0.56449        1.17439        1.02442
H          2.43892        0.85407        3.40436
H          2.63993        2.05210        2.12214
H          2.87737        0.21314        0.43300
H          2.64324       -0.98434        1.68989
H          5.11672       -0.86129       -0.19532
H          4.81332       -2.07976        1.03955
H          6.32694       -1.17307        1.06166
H          4.86781        1.51490        0.41793
H          6.18513        1.21506        1.32176
H          3.99787       -2.27972        3.14993
H          3.56630       -1.34622        4.59137
H          6.10382       -2.62855        3.88595
H          7.39415       -1.26180        5.17419
H          5.96017       -0.63337        6.01273
H          7.03991        0.35508        3.45301
H          5.11232        1.73864        3.42519
