25

N          0.97654       -0.86925        1.65994
C          1.93236       -0.63990        1.04091
C          3.11030       -0.36127        0.26708
C          3.82288        0.96047        0.57425
O          5.11302        0.28084        0.49652
C          4.42363       -0.97750        0.80104
C          4.90101       -2.19981        0.09093
C          4.28890       -3.36979        0.35521
C          4.66671       -4.66980       -0.29342
C          5.99821       -4.60888       -1.04143
C          6.12946       -3.30809       -1.82715
C          6.02881       -2.08825       -0.90343
H          2.95288       -0.49851       -0.81140
H          3.66846        1.38819        1.57149
H          3.72179        1.74080       -0.18373
H          4.44287       -1.12372        1.89283
H          3.46808       -3.42062        1.06851
H          3.86525       -4.94747       -0.98879
H          4.71759       -5.45654        0.46769
H          6.08035       -5.46890       -1.71581
H          6.82614       -4.68589       -0.32523
H          5.33717       -3.26097       -2.58555
H          7.08463       -3.28870       -2.36398
H          5.90398       -1.19625       -1.52757
H          6.97202       -1.96889       -0.35520
