25

C          1.35038        0.15207       -1.14889
C          2.56180        0.28771       -0.21013
O          2.44458        1.46042        0.70745
C          1.30333        1.30710        1.49971
C          0.82977        1.93705        2.79396
N         -0.14144        0.82850        3.25953
C          0.40382       -0.18583        2.66847
N          0.12748       -1.49486        2.40369
O          1.32077       -2.26545        2.20282
C          1.79290       -2.19041        0.82028
C          2.92982       -1.13744        0.43692
O          3.87260       -0.99259        1.50245
O          1.56273        0.08902        2.09484
H          1.13082        1.10032       -1.64735
H          0.44033       -0.13333       -0.60836
H          1.51985       -0.62160       -1.90350
H          3.42283        0.56358       -0.83234
H          0.43029        1.31776        0.83214
H          0.30070        2.87995        2.64020
H          1.61952        2.06757        3.54439
H         -0.55211       -1.92793        3.02292
H          0.95942       -2.19748        0.11224
H          2.28084       -3.16756        0.69574
H          3.48501       -1.63871       -0.36824
H          3.36924       -0.54641        2.21320
