28

C          2.86002        1.40417        0.15276
C          2.52830       -0.08022        0.20933
C          3.06376       -0.75952        1.47381
C          2.70836       -2.23566        1.53095
C          3.77884       -2.97170        1.84998
C          4.24210       -4.19629        1.13054
O          5.43501       -3.72462        0.43867
C          5.91334       -2.48238        1.04602
C          5.56873       -1.13484        0.33541
C          6.76527       -0.20724        0.14969
C          4.61959       -0.73810        1.53395
C          4.92534       -2.09400        2.15390
H          2.47080        1.84185       -0.77269
H          3.93941        1.57630        0.17346
H          2.40903        1.93699        0.99578
H          2.91610       -0.56498       -0.69419
H          1.43665       -0.19141        0.17348
H          2.64707       -0.27090        2.36369
H          1.84133       -2.62968        1.01229
H          3.52888       -4.57258        0.39436
H          4.53103       -4.98952        1.82655
H          6.95093       -2.58715        1.37768
H          5.03658       -1.26902       -0.61419
H          7.47981       -0.30433        0.97622
H          6.44263        0.83777        0.11018
H          7.28680       -0.43751       -0.78123
H          4.98779        0.11427        2.11617
H          5.29221       -2.11552        3.18324
