25

C          2.04910       -0.33745       -1.39739
C          2.37065       -0.30950        0.07211
C          1.89139       -1.22417        0.92826
C          3.33408        0.70455        0.50551
C          3.04764        2.23653        0.12137
C          4.14499        2.42351        1.25546
N          3.25802        1.30296        1.93635
C          5.32739        1.64639        0.77551
C          4.79296        0.48864        0.33016
C          5.84483       -0.30697       -0.04630
N          6.99756        0.39384        0.02685
N          6.63558        1.60891        0.50702
N          7.47216        2.71494        0.41001
H          1.50038       -1.24034       -1.68350
H          2.96961       -0.31411       -1.99243
H          1.44283        0.53089       -1.67452
H          1.21774       -2.00835        0.59545
H          2.17371       -1.22827        1.97710
H          2.04703        2.63417        0.34236
H          3.33443        2.56353       -0.88347
H          4.24878        3.38353        1.75826
H          2.32393        1.60478        2.20579
H          5.86201       -1.33324       -0.37973
H          8.38616        2.35793        0.13452
H          7.18129        3.27765       -0.38497
