30

C          0.92526       -0.13896       -0.03466
C          2.42750       -0.06121        0.16638
N          2.94432       -1.04028        1.14298
C          3.80628       -0.16711        1.99137
C          4.44268        0.81473        0.96041
C          2.93079        1.23201        0.79889
C          2.59945        2.58493        0.11724
C          1.36960        3.34765        0.55530
N          3.44112        3.01020       -0.78740
N          3.20584        4.22678       -1.32053
C          2.88845        1.07273        2.38749
C          1.63341        0.72492        3.17659
O          3.51898        2.17089        3.10947
H          0.64118       -1.12393       -0.42156
H          0.60168        0.60870       -0.76662
H          0.35070        0.04021        0.87495
H          2.90452       -0.22452       -0.80945
H          3.45718       -1.77075        0.64679
H          4.43020       -0.64149        2.74776
H          4.94383        0.35853        0.09769
H          5.12646        1.57416        1.35690
H          0.77378        2.75543        1.24939
H          0.73765        3.56539       -0.31002
H          1.66500        4.27931        1.04807
H          3.86895        4.40817       -2.07624
H          2.27399        4.31805       -1.72325
H          1.13574       -0.18434        2.83466
H          0.90789        1.54271        3.14114
H          1.88325        0.55842        4.23105
H          4.40185        1.85430        3.36597
