20

C          1.25876       -0.22998        0.72697
C          2.51516        0.06401       -0.05235
C          2.93298        1.33286       -0.20696
C          3.29256       -0.93740       -0.68943
C          3.28286       -1.52257       -1.94981
N          4.26669       -2.48840       -2.08545
C          4.87154       -2.46177       -0.93240
N          5.87584       -3.10757       -0.30809
N          5.76811       -2.75340        1.06730
C          4.84459       -1.72424        1.22701
O          4.54259       -1.03255        2.17643
N          4.28518       -1.62194       -0.03704
H          0.83685        0.66860        1.18981
H          1.46342       -0.95170        1.52406
H          0.49780       -0.65336        0.06270
H          2.38776        2.16321        0.23339
H          3.82383        1.59020       -0.77341
H          2.61029       -1.29804       -2.76827
H          5.98838       -4.09861       -0.52113
H          6.55305       -2.87764        1.69655
