28

C          1.04560       -0.38858       -0.23342
C          2.46749        0.05078       -0.08788
C          2.97336        0.74186        0.95775
C          4.43439        1.15846        0.93685
N          5.03070        1.27218        2.26405
C          4.33248        2.26566        3.07791
C          2.86305        1.97636        3.18374
C          2.01861        2.91944        4.00686
C          0.95299        2.03810        4.65653
C          1.50440        0.64371        4.44229
N          1.14360       -0.33824        5.19987
N          2.45031        0.57189        3.43667
C          2.17795        1.18406        2.12074
H          0.99699       -1.32127       -0.80294
H          0.47607        0.37191       -0.77932
H          0.56168       -0.56855        0.73086
H          3.12071       -0.21409       -0.91648
H          4.52734        2.11521        0.40801
H          5.02167        0.42353        0.37256
H          6.01456        1.51564        2.18388
H          4.48961        3.26880        2.66529
H          4.77164        2.25471        4.08228
H          1.56245        3.69689        3.38361
H          2.61824        3.41324        4.77951
H         -0.01045        2.11731        4.13934
H          0.81596        2.26729        5.71570
H          0.47297       -0.02757        5.90675
H          1.12767        1.37625        1.92653
