25

C          1.11381        0.02735       -0.09928
N          2.56816       -0.01985       -0.11051
C          3.11949       -0.93474       -0.82892
N          4.48995       -0.93482       -0.80377
C          5.06985       -1.83083       -1.53702
C          6.58297       -1.85235       -1.52419
N          4.35296       -2.73800       -2.30231
C          5.05431       -3.72389       -3.12858
C          4.17430       -4.68144       -3.94307
C          2.69605       -4.54047       -3.80247
C          2.11642       -3.62149       -3.02766
C          2.97242       -2.68788       -2.26215
N          2.33906       -1.81063       -1.54051
H          0.78953        0.88165        0.50302
H          0.68613       -0.87283        0.35632
H          0.70023        0.16761       -1.10447
H          6.97657       -1.07263       -0.86605
H          6.96351       -1.68031       -2.53446
H          6.93456       -2.82245       -1.16292
H          5.70515       -4.32921       -2.48537
H          5.71287       -3.19532       -3.82925
H          4.44747       -5.71180       -3.68200
H          4.42860       -4.57041       -5.00487
H          2.06980       -5.22517       -4.36847
H          1.04201       -3.52025       -2.93231
