30

C          0.95624       -0.50048        1.37647
C          1.82278       -0.02772        0.20166
C          1.22212       -0.83831       -1.08794
C          2.02970       -0.56144       -2.41083
C          2.85567        0.70005       -2.12552
C          3.92153        0.27627       -0.95884
C          4.43903        1.49994       -0.20160
C          3.22069        2.13736        0.41945
C          2.21448        2.54942       -0.59464
N          1.84195        1.50582        0.41174
C          2.53858        2.18488       -2.01363
C          2.39772        2.98471       -3.07771
C          3.26461       -0.54164        0.18588
H         -0.06294       -0.10076        1.26274
H          1.33771       -0.16122        2.34525
H          0.86561       -1.58997        1.40761
H          0.16277       -0.60336       -1.22990
H          1.28338       -1.91842       -0.90015
H          1.34173       -0.41207       -3.26300
H          2.68084       -1.40633       -2.69278
H          1.83937        0.88107       -1.77273
H          4.75449       -0.28105       -1.40318
H          4.96398        2.18918       -0.87370
H          5.16382        1.21353        0.57168
H          3.44484        2.81631        1.23308
H          1.73388        3.51169       -0.44937
H          2.06559        4.01165       -2.96216
H          2.52994        2.61452       -4.08852
H          3.75392       -0.40716        1.15991
H          3.32408       -1.61998       -0.01460
