34

C          1.03743        0.12426        0.13711
C          2.57737        0.12706        0.01582
C          3.03838        1.59303       -0.10520
C          3.10080       -0.43023        1.36300
C          3.10020       -0.75618       -1.20407
C          2.58589       -0.31219       -2.60430
N          1.14254       -0.38945       -2.77223
C          4.65693       -0.81406       -1.22863
N          5.18506       -1.77383       -2.18336
C          6.41311       -2.38164       -2.10850
N          7.38351       -2.01507       -1.34074
C          6.67710       -3.59161       -3.02487
O          7.57500       -4.48967       -2.39467
H          0.71611        0.58036        1.08195
H          0.63841       -0.89561        0.11622
H          0.55683        0.71254       -0.64881
H          2.65061        2.19583        0.72371
H          2.68296        2.05325       -1.03223
H          4.12911        1.68035       -0.07953
H          2.66792        0.11549        2.21067
H          4.18445       -0.33163        1.46569
H          2.83423       -1.48665        1.48095
H          2.74132       -1.78383       -1.03860
H          3.00730       -0.95261       -3.38340
H          2.92209        0.70519       -2.82824
H          0.80821       -1.33885       -2.61263
H          0.88241       -0.14085       -3.72696
H          5.01780       -1.11875       -0.24384
H          5.07951        0.17103       -1.44998
H          4.58133       -2.06487       -2.94127
H          7.10828       -1.18899       -0.80561
H          7.11792       -3.24055       -3.96164
H          5.74110       -4.11571       -3.23655
H          8.13026       -3.90856       -1.83182
