28

N          0.67202       -0.07619       -0.23747
C          2.09564       -0.31837        0.00153
C          2.71952        0.88427        0.75015
C          4.49123        0.76584        1.17951
C          5.10425        2.23289        0.31477
C          6.58296        2.35649        0.00990
C          6.64892        2.13915       -1.43795
C          5.43657        1.78113       -1.84279
C          4.39481        1.63106       -0.69697
C          3.58216        2.70138        0.80777
N          2.46850        2.40519        0.05765
C          3.70137        3.12258       -0.71075
H          0.34638       -0.66696       -0.99908
H          0.57890        0.89432       -0.55747
H          2.56648       -0.51064       -0.96619
H          2.21301       -1.22470        0.60539
H          2.19404        0.92441        1.72218
H          4.94029       -0.16949        0.81877
H          4.64137        0.87340        2.26159
H          7.17188        1.61137        0.55477
H          6.95351        3.35302        0.27082
H          7.52432        2.22765       -2.06295
H          5.18220        1.52944       -2.86370
H          4.15919        0.56779       -0.79715
H          3.82674        3.79568        1.06874
H          3.50293        2.41222        1.89027
H          3.75662        4.24288       -0.62487
H          3.53135        3.01535       -1.81662
