23

C          1.31233       -0.03385        0.23023
C          2.62153       -0.04432       -0.04514
C          3.36076       -1.23783       -0.52728
O          2.89710       -2.36076       -0.59936
N          4.64214       -0.85267       -0.84545
C          4.81063        0.40017       -0.55508
N          5.95198        1.17500       -0.67048
C          7.22760        0.44249       -0.52755
C          6.79978        0.96258       -1.85434
C          3.55624        1.10007        0.03822
C          3.66926        1.81820        1.38682
O          2.85025        2.91611        0.89382
C          3.07026        2.45840       -0.47274
H          0.71691       -0.93739        0.11856
H          0.79751        0.86341        0.55743
H          7.15181       -0.62113       -0.34002
H          7.96713        0.98763        0.03987
H          6.41261        0.27364       -2.59281
H          7.26835        1.86572       -2.21988
H          4.66659        2.17788        1.66308
H          3.21749        1.32097        2.25023
H          3.81068        3.09078       -0.97259
H          2.14248        2.46989       -1.05404
