22

C          2.48753       -1.51843        0.14108
C          2.20584       -0.27250       -0.26317
N          2.98174        0.48836       -1.15266
N          4.08428        0.02283       -1.83037
C          4.63014        1.10404       -2.39376
C          3.88672        2.25919       -2.15787
C          2.79407        1.85241       -1.43258
N          1.78941        2.65425       -0.97750
C          1.99459        4.09997       -1.06177
C          3.24277        4.51435       -1.81702
C          3.29248        4.32956       -3.30341
N          4.18943        3.55070       -2.45328
H          1.85839       -2.02572        0.86240
H          3.36466       -2.04308       -0.22574
H          1.34414        0.23758        0.14539
H          5.55753        0.99977       -2.93827
H          1.11179        2.34590       -0.28946
H          2.04678        4.49920       -0.04333
H          1.11811        4.55189       -1.54033
H          3.75358        5.35610       -1.36971
H          3.81157        5.07664       -3.88820
H          2.52299        3.76358       -3.81073
