30

C          0.99778        0.24669        0.13952
N          2.45126        0.15152        0.10941
C          2.97163        0.61092       -1.18361
C          4.51786        0.58972       -1.22242
C          5.08117       -0.81813       -0.94206
C          5.07407        1.15140       -2.56022
C          4.73935        2.61301       -2.71308
N          3.92142        3.25412       -3.48064
N          3.05387        2.71097       -4.39330
C          3.12195        1.54651       -4.92681
C          4.00398        0.37641       -4.74989
C          3.80555       -0.76341       -5.71003
C          4.84744        0.24650       -3.72668
H          0.62940       -0.11420        1.10619
H          0.53986       -0.36698       -0.64413
H          0.66575        1.28262        0.02529
H          2.71520       -0.82195        0.26096
H          2.62636        1.63661       -1.35391
H          2.56732       -0.01687       -1.98652
H          4.87800        1.24335       -0.41333
H          4.64780       -1.56615       -1.61657
H          4.87315       -1.13925        0.08313
H          6.16872       -0.83424       -1.06897
H          6.16933        1.17963       -2.44416
H          5.28353        3.26692       -2.00368
H          2.34822        1.38251       -5.69924
H          3.25094       -0.46193       -6.60545
H          3.23823       -1.56120       -5.22072
H          4.76526       -1.17295       -6.04052
H          5.43693       -0.67128       -3.68877
