24

C          1.13331        0.57250        0.12790
C          2.21198       -0.50129        0.16095
C          3.02007       -0.33941        1.45706
C          4.01632       -1.52532        1.61885
C          5.34031       -1.05930        2.05234
C          5.74054        0.23003        2.26624
C          4.88909        1.43100        2.12172
C          3.54980        1.09615        1.47590
C          2.83107        2.06401        0.87937
O          1.65739        1.90266        0.19738
N          7.05149        0.23966        2.65173
N          7.47083       -1.02259        2.68520
N          6.44270       -1.81195        2.32747
H          0.42557        0.43243        0.95409
H          0.56329        0.49550       -0.80428
H          2.87797       -0.37924       -0.70458
H          1.76136       -1.49798        0.09393
H          2.32456       -0.41378        2.30686
H          4.10582       -2.10044        0.69042
H          3.61127       -2.21312        2.37463
H          5.41964        2.16891        1.50879
H          4.71657        1.87177        3.10922
H          3.12720        3.10689        0.85799
H          6.57912       -2.81750        2.30080
