20

O          0.99114        0.11298        0.08641
C          2.41186        0.04753        0.08760
C          2.91060       -0.29873        1.48107
C          3.33842       -0.59576        2.67639
C          2.88216       -1.07215       -0.87836
N          1.95777       -1.82488       -1.42504
N          4.23288       -1.25468       -1.09621
C          4.76995       -2.46414       -1.43676
C          4.23329       -3.72089       -1.20081
O          3.06590       -4.07714       -0.65978
S          5.36478       -4.90467       -1.70459
N          6.50752       -3.84174       -2.25738
C          6.05895       -2.60731       -2.04447
H          0.73418        0.62346        0.87282
H          2.81939        1.00801       -0.24206
H          3.68317       -0.85217        3.65246
H          1.04478       -1.42836       -1.13069
H          4.85516       -0.49390       -0.83914
H          2.46825       -3.31390       -0.84373
H          6.70740       -1.79987       -2.35756
