24

C          1.81045       -1.52014        2.48308
C          2.48260       -0.70833        1.65549
C          3.11049       -1.14699        0.35956
C          4.60670       -0.91615        0.34149
C          5.13882        0.21090       -0.16680
C          5.46201       -1.96615        0.85107
C          6.35867       -1.86296        1.84687
N          7.08231       -3.00146        2.08229
C          6.82003       -4.06891        1.26003
S          5.51380       -3.57717        0.13835
N          7.43207       -5.21229        1.30110
N          7.00058       -6.14570        0.36161
C          7.66918       -7.24267        0.47277
H          1.35857       -1.13715        3.39300
H          1.69059       -2.57780        2.27028
H          2.56480        0.34695        1.90770
H          2.63885       -0.57239       -0.44866
H          2.87147       -2.19505        0.14464
H          4.51121        1.00131       -0.56682
H          6.21273        0.36914       -0.21068
H          6.55764       -0.98379        2.44466
H          7.82086       -3.04328        2.76619
H          7.45374       -8.08816       -0.19797
H          8.46777       -7.38896        1.22031
