25

C          0.97406       -0.22133        0.04762
N          2.43140       -0.18494       -0.02035
C          2.89732        1.06636       -0.63343
C          4.43486        1.22088       -0.52169
N          4.94083        2.47767       -1.13836
C          4.66826        3.71655       -0.54286
S          3.97545        4.00974        0.95543
N          5.03333        4.83023       -1.23863
C          5.63219        4.87644       -2.53957
C          6.08214        3.53249       -2.94698
C          5.73983        2.41514       -2.28795
C          6.31871        1.11431       -2.82006
N          6.79895        0.03517       -3.26149
H          0.65106       -1.16691        0.49414
H          0.52186       -0.14553       -0.94670
H          0.58561        0.58504        0.67904
H          2.76220       -0.98080       -0.56497
H          2.39857        1.90514       -0.14013
H          2.60214        1.09917       -1.68862
H          4.90598        0.34564       -0.98237
H          4.73375        1.21517        0.53176
H          4.78769        5.70727       -0.79518
H          6.48036        5.56426       -2.47729
H          4.90392        5.28431       -3.24727
H          6.71755        3.48114       -3.82775
