32

C          0.95493       -0.09544       -0.03874
C          2.47556       -0.06981       -0.10148
N          2.98073        1.10507       -0.02299
C          4.41076        1.31813       -0.11588
C          5.29592        0.08898       -0.14144
C          4.63643       -1.27410       -0.11924
N          3.18859       -1.25258       -0.24959
N          2.51808       -2.51300       -0.14755
C          2.30176       -3.05493       -1.49483
C          1.47447       -4.34858       -1.48748
C          0.09305       -4.18737       -0.91248
C         -0.88977       -3.19539       -1.48105
C         -1.10634       -4.66512       -1.69472
H          0.55397        0.92370       -0.01359
H          0.62779       -0.61218        0.86742
H          0.55138       -0.59675       -0.92109
H          4.71323        1.95118        0.72671
H          4.60801        1.91639       -1.01342
H          5.99772        0.14669        0.70212
H          5.94801        0.15212       -1.02357
H          4.90807       -1.78688        0.81215
H          5.05853       -1.87751       -0.93310
H          1.62603       -2.43184        0.34199
H          3.27237       -3.27771       -1.95347
H          1.80294       -2.31267       -2.12943
H          2.00175       -5.12604       -0.92107
H          1.40921       -4.71503       -2.51940
H          0.08281       -4.34364        0.16161
H         -0.60243       -2.59815       -2.33868
H         -1.54581       -2.68124       -0.78710
H         -0.96782       -5.04771       -2.69994
H         -1.91207       -5.14486       -1.15035
