29

C          2.84527        3.39434        1.48014
C          2.34896        1.98356        1.75096
C          2.97734        0.92415        0.83436
N          4.44438        0.77632        0.93581
C          4.93615       -0.24862       -0.00839
C          4.72640       -1.70662        0.42322
N          5.64606       -2.24027        1.42672
C          6.30530       -1.54988        2.29851
C          6.28602       -0.04150        2.43787
C          4.87779        0.52547        2.31656
N          7.12863       -2.23098        3.18173
O          6.71586       -3.55476        3.39479
H          2.40368        4.08902        2.20208
H          2.55543        3.72151        0.47661
H          3.93322        3.46788        1.56696
H          1.26205        1.96305        1.60632
H          2.51702        1.73000        2.80376
H          2.72006        1.18526       -0.19990
H          2.48360       -0.03150        1.04862
H          5.99950       -0.07465       -0.21424
H          4.44711       -0.09701       -0.97943
H          4.84889       -2.32656       -0.47147
H          3.70008       -1.87611        0.75996
H          6.98682        0.40449        1.72419
H          6.66795        0.21440        3.43472
H          4.86698        1.48607        2.84711
H          4.17483       -0.13892        2.83722
H          7.41569       -1.75569        4.03361
H          6.23693       -3.76153        2.56046
