26

C          4.55854        0.83084       -0.54791
C          3.39020       -0.11104       -0.39991
C          3.37298       -0.98231        0.82781
C          3.33518       -0.30383        2.14615
C          3.73947       -1.04958        3.19752
C          4.01587       -2.39253        2.74679
C          4.24148       -3.39171        3.60654
C          3.98641       -2.39185        1.25117
C          2.75504       -2.31137        0.43933
C          1.37277       -2.61622        0.76670
C          0.96673       -3.53284        1.66517
C          0.29150       -2.11408       -0.17622
N         -0.60551       -1.69751       -0.95845
H          4.43595        1.39308       -1.47862
H          5.50069        0.27908       -0.59211
H          4.60358        1.54728        0.27626
H          3.30808       -0.70833       -1.31914
H          2.46517        0.48551       -0.36731
H          3.15351        0.75638        2.25044
H          3.86740       -0.70287        4.21247
H          4.22978       -3.23337        4.68367
H          4.41817       -4.41138        3.26910
H          4.90214       -2.73145        0.78021
H          2.95359       -2.68087       -0.56915
H          1.66972       -4.07109        2.28909
H         -0.08091       -3.80908        1.76087
