25

C          6.87377       -1.31918       -0.28848
C          5.54094       -0.66674        0.02697
O          5.21284        0.23840       -1.03767
C          4.50303        1.38846       -0.79214
N          3.56633        1.49239        0.11816
O          3.22855        0.30822        0.77465
N          4.88449        2.43937       -1.67386
N          5.85796        2.13270       -2.67591
C          6.10738        3.06686       -3.53689
N          5.53398        4.30622       -3.57367
C          4.65506        4.65438       -2.58936
C          4.32564        3.75833       -1.63644
C          3.39949        4.18824       -0.53250
H          7.13145       -2.05859        0.47449
H          7.66849       -0.56783       -0.33372
H          6.84254       -1.81304       -1.26523
H          5.61980       -0.13880        0.98342
H          4.77168       -1.44331        0.07815
H          2.51312        0.59815        1.36981
H          6.84473        2.90416       -4.33934
H          5.81330        4.99858       -4.25519
H          4.27313        5.66762       -2.62977
H          3.16296        5.25699       -0.59265
H          3.86397        4.03035        0.44638
H          2.44741        3.65168       -0.58546
