29

C          0.94818       -0.06020       -0.40658
C          2.48489       -0.16201       -0.28730
C          2.92664       -1.63890       -0.38934
N          3.08805        0.53485       -1.43341
C          2.83886        0.24475       -2.73690
N          3.25278        0.91140       -3.75660
C          2.93744        0.49614        1.07828
C          2.34757       -0.09650        2.37200
C          3.79105       -0.31502        2.07660
O          4.71736        0.38533        2.92198
C          3.12087        1.98434        1.08019
N          2.03627        2.75974        1.30120
N          4.28511        2.49281        0.87798
H          0.56901       -0.62853       -1.26335
H          0.63068        0.97981       -0.54249
H          0.43878       -0.44657        0.48095
H          2.55172       -2.12209       -1.29701
H          2.57168       -2.23913        0.45291
H          4.02143       -1.70932       -0.42825
H          3.52497        1.43310       -1.23926
H          2.21960       -0.65206       -2.90471
H          3.81773        1.70171       -3.44230
H          1.69490       -0.96100        2.31709
H          2.08565        0.56790        3.18842
H          4.08463       -1.32883        1.83341
H          4.33968        1.17979        3.33923
H          1.28985        2.39121        1.87490
H          2.28275        3.72150        1.51694
H          4.98537        1.74349        0.78155
