35

C          0.86083       -0.00845       -0.02973
C          2.34693       -0.08871        0.05710
C          3.11306       -0.89033       -0.95757
C          3.22318        0.62195       -0.96065
C          4.55047        1.33385       -0.60443
C          5.05904        0.96799        0.80345
C          5.60496        0.85840       -1.63839
C          4.34378        2.90361       -0.73303
N          3.23933        3.39472        0.10141
C          5.60190        3.72126       -0.46767
C          5.55274        5.22691       -0.60888
C          5.81914        4.61605        0.73585
N          7.15430        4.74959        1.31705
H          0.40670       -0.66771        0.71740
H          0.48559       -0.30683       -1.01433
H          0.52413        1.01420        0.17174
H          2.66842       -0.15789        1.08889
H          2.57384       -1.35134       -1.77970
H          3.94427       -1.48854       -0.60425
H          2.72895        1.11277       -1.79736
H          5.21416       -0.11211        0.90548
H          4.35760        1.27137        1.58749
H          6.01884        1.44996        1.02097
H          5.67025       -0.23526       -1.66830
H          6.60959        1.21937       -1.40506
H          5.34402        1.19284       -2.64829
H          4.05824        3.11161       -1.77346
H          3.43290        3.18108        1.07700
H          2.39269        2.86945       -0.12238
H          6.47640        3.26955       -0.92196
H          4.59000        5.70432       -0.75773
H          6.36598        5.71700       -1.13057
H          5.01810        4.72051        1.46218
H          7.88278        4.66573        0.61169
H          7.32725        4.01530        2.00094
