27

C          1.05096        0.07166       -0.32698
C          2.56668        0.09611       -0.18975
C          3.06603       -0.23776        1.22544
O          2.69447       -1.57392        1.59559
C          2.93288       -1.81442        3.00331
S          2.48905       -3.46679        3.60719
N          3.19766       -4.46038        2.45214
O          3.19743       -3.71122        4.84336
O          1.06215       -3.65154        3.49121
C          4.57794       -0.11080        1.30390
C          5.40780       -1.07173        0.49597
C          5.17191        0.78327        2.11370
H          0.75516        0.52747       -1.27850
H          0.56615        0.63288        0.47795
H          0.67031       -0.95406       -0.31715
H          2.92384        1.09496       -0.47447
H          2.97405       -0.61275       -0.92644
H          2.58167        0.46208        1.91974
H          2.37534       -1.09743        3.61443
H          4.00378       -1.72909        3.21890
H          4.21555       -4.45378        2.46990
H          2.76164       -4.35488        1.53835
H          4.78824       -1.75186       -0.09591
H          6.01940       -1.69352        1.15962
H          6.06202       -0.53172       -0.19357
H          4.59877        1.46918        2.73115
H          6.25406        0.84115        2.19190
