31

C          0.98307       -0.35943       -0.35598
C          2.45988       -0.17296       -0.09214
C          3.02795        1.04596       -0.38752
C          4.38524        1.70638        0.02374
C          4.88192        1.64346        1.57824
C          4.32451        0.34313        2.11472
N          2.99375        1.04357        2.28750
C          3.85856       -0.83586        2.96556
N          2.94715       -1.66717        2.04815
C          3.11292       -1.43572        0.56188
C          4.56000       -1.45856        0.22919
C          5.12980       -2.05708       -0.83003
C          5.30527       -0.60408        1.18334
H          0.48589        0.58161       -0.62038
H          0.48583       -0.72626        0.55137
H          0.81464       -1.07710       -1.16064
H          2.38250        1.78124       -0.87081
H          4.32558        2.77127       -0.23544
H          5.16256        1.31103       -0.64455
H          4.55731        2.56425        2.08563
H          5.97707        1.71812        1.62758
H          2.91545        1.43062        3.23108
H          2.20494        0.41335        2.16126
H          3.28636       -0.57706        3.87215
H          4.65827       -1.47218        3.35978
H          1.97208       -1.53277        2.29556
H          2.64817       -2.30774        0.08102
H          4.54008       -2.61715       -1.54746
H          6.19496       -1.96544       -1.02028
H          6.09695       -0.06356        0.64713
H          5.90990       -1.25210        1.83552
