24

C          1.05626        0.09060       -0.09479
C          2.54129       -0.01594       -0.11633
C          3.32079       -0.76465       -1.17879
C          2.67829       -1.47350       -2.33008
O          3.68171       -2.12097       -3.12999
C          4.36444       -1.31816       -3.98582
C          5.37187       -2.11640       -4.76555
O          4.19706       -0.11288       -4.11730
C          3.33094        0.75314       -1.15564
C          4.56843        1.47891       -0.76686
O          4.95939        2.40317       -1.67165
O          5.16965        1.25475        0.27211
H          0.64242       -0.59409        0.65155
H          0.59847       -0.14016       -1.06057
H          0.76216        1.10802        0.18471
H          2.94017       -0.03658        0.89486
H          4.19857       -1.29712       -0.82426
H          2.06330       -0.81480       -2.95489
H          2.02132       -2.26378       -1.95222
H          5.34022       -3.17225       -4.47844
H          6.37360       -1.73392       -4.55681
H          5.14732       -2.04449       -5.83232
H          2.73878        1.25537       -1.91522
H          4.43252        2.37893       -2.49250
