28

C          0.89157       -0.48076       -0.12848
C          2.41173       -0.35063       -0.06972
C          2.97703       -0.48398        1.35921
C          2.62337       -1.80871        1.92013
N          2.34403       -2.86200        2.33282
C          4.51702       -0.33007        1.38442
N          5.08392       -0.45522        2.78322
C          5.92694        0.75570        2.92152
C          6.50762        0.89605        1.52347
C          5.11751        1.03800        0.89854
N          4.40203        2.13623        1.62448
C          5.16162        3.20680        2.26418
C          4.94856        1.91977        3.00562
H          0.54046       -0.29616       -1.14748
H          0.41234        0.24975        0.53243
H          0.55934       -1.48168        0.16203
H          2.66583        0.63081       -0.48495
H          2.86117       -1.10239       -0.73124
H          2.51775        0.28913        1.98838
H          4.96875       -1.12988        0.77826
H          5.67913       -1.28421        2.81971
H          6.64635        0.71429        3.74031
H          7.05509        0.00831        1.18343
H          7.15240        1.76581        1.37221
H          5.12172        1.16412       -0.18616
H          4.58462        4.06636        2.59259
H          6.14894        3.47790        1.91429
H          4.20310        1.84894        3.78695
