29

C          7.39386       -2.86671       -3.14233
C          6.29254       -1.97001       -2.63528
C          5.25434       -1.66120       -3.42876
C          5.31223       -1.49901       -4.95044
C          3.84786       -1.56927       -5.37220
C          3.21614       -2.37740       -4.25456
N          3.93089       -1.87249       -3.06968
C          3.44645       -2.18981       -1.83072
N          3.89296       -2.19362       -0.64638
C          5.21408       -1.79758       -0.19666
C          6.37063       -1.50411       -1.17565
C          6.68750        0.00875       -1.17849
O          7.56759       -2.08254       -0.59820
H          7.25868       -3.16861       -4.17981
H          7.34939       -3.80230       -2.56922
H          8.38173       -2.42424       -3.03457
H          5.89982       -2.26523       -5.45680
H          5.71571       -0.51211       -5.21300
H          3.71361       -2.01458       -6.36073
H          3.40245       -0.56598       -5.38773
H          3.45283       -3.44437       -4.39060
H          2.13070       -2.26334       -4.20531
H          2.39480       -2.53851       -1.91454
H          5.53655       -2.59917        0.48306
H          5.08199       -0.93867        0.46490
H          5.87036        0.61289       -1.59026
H          7.59948        0.22700       -1.75104
H          6.89473        0.36433       -0.16007
H          7.37166       -3.02092       -0.44071
