26

C          1.88418       -0.34754       -0.26743
C          3.11355        0.53263       -0.25007
C          3.08330        1.89839       -0.21991
C          1.95132        2.63290       -0.78019
C          1.86171        3.96407       -0.89821
C          0.81110        4.63416       -1.72838
N         -0.01907        5.47754       -0.89694
C          4.34488        2.54516        0.15684
C          5.25784        2.65236       -0.81260
C          6.20167        1.49944       -0.78953
O          7.39837        1.65679       -1.02172
C          5.62899        0.12448       -0.57780
C          4.36930       -0.25598       -0.31033
H          0.94774        0.18211       -0.45794
H          1.77338       -0.81509        0.71927
H          1.96522       -1.14590       -1.01362
H          1.19494        2.04275       -1.29280
H          2.61377        4.62053       -0.46464
H          0.18899        3.90360       -2.25624
H          1.30430        5.24444       -2.49739
H         -0.52248        4.88795       -0.23365
H         -0.73311        5.91474       -1.47894
H          4.66489        2.23899        1.16170
H          4.98415        2.89665       -1.83243
H          6.39186       -0.63740       -0.68892
H          4.21376       -1.33764       -0.23202
