24

O          1.26380       -0.05844       -0.16292
C          2.48136       -0.02686       -0.11109
C          3.33271        1.22431        0.06647
C          4.71905        0.62466        0.44410
C          4.38523       -0.80988        0.80280
C          3.39204       -1.19215       -0.28501
C          3.15365       -2.61806        0.05304
N          4.53580       -3.11230        0.32365
C          5.21952       -2.06518        0.71792
N          6.53219       -2.03908        1.15871
C          6.99107       -3.29912        1.79151
C          7.51592       -2.88465        0.46389
H          2.92508        1.85960        0.85613
H          3.38500        1.76163       -0.88394
H          5.15643        1.16979        1.28776
H          5.42017        0.69317       -0.39344
H          3.92920       -0.81826        1.80887
H          3.83444       -1.11084       -1.29077
H          2.71988       -3.16483       -0.79316
H          2.51753       -2.76819        0.93251
H          6.26918       -4.10641        1.83142
H          7.58555       -3.13364        2.67787
H          7.15797       -3.37850       -0.42747
H          8.50962       -2.45881        0.43028
