29

C          9.67748        2.11228       -1.74173
C          8.91476        1.44487       -0.64240
N          8.63205        0.18560       -0.71070
N          7.85032       -0.20498        0.37250
C          7.53007       -1.45837        0.27591
C          6.61620       -2.10812        1.28680
N          7.29479       -3.25133        1.91664
C          6.38211       -3.89499        2.89345
C          6.86909       -5.25492        2.36728
C          7.21183       -4.48145        1.06928
C          8.52518       -4.75983        0.37948
C          8.92555       -6.09578       -0.17913
N          8.55353       -4.99925       -1.06465
H         10.06888        3.06748       -1.38428
H          9.00026        2.29739       -2.57973
H         10.50169        1.47675       -2.07383
H          8.55592        2.08334        0.18377
H          7.86834       -2.07556       -0.57419
H          5.68897       -2.38952        0.77326
H          6.36594       -1.36427        2.05286
H          5.30989       -3.72454        2.73605
H          6.62069       -3.69252        3.94206
H          6.10477       -6.03090        2.27625
H          7.73605       -5.66105        2.90500
H          6.36414       -4.49894        0.36933
H          9.32645       -4.14487        0.78090
H          8.23293       -6.92578       -0.11014
H          9.97648       -6.35856       -0.16410
H          7.61774       -5.14922       -1.44589
