19

C          1.09067       -0.05579       -0.15077
C          2.60186       -0.05445       -0.08531
N          3.14949       -1.30503       -0.69731
C          4.14890       -0.96458       -1.46135
N          4.87501       -1.90492       -2.14647
C          4.45970        0.54230       -1.57480
O          4.60853        0.91513       -2.92819
C          5.68478        0.86125       -0.80939
C          6.66177        1.09794       -0.15658
C          3.23694        1.08994       -0.85596
O          2.85217        2.25314       -0.84630
H          0.68240       -0.90514        0.40762
H          0.72966       -0.12602       -1.18103
H          0.68235        0.86348        0.28543
H          2.94503       -0.00186        0.95413
H          4.40659       -2.80274       -2.21467
H          5.31778       -1.60780       -3.00944
H          5.54945        0.82305       -3.14893
H          7.51748        1.29910        0.44993
