26

C          6.37500       -5.60359       -0.73032
C          6.27432       -5.72575        0.79645
O          7.49694       -5.25761        1.43456
C          7.56445       -3.88579        1.37784
C          6.88735       -3.21871        2.31332
C          5.64236       -2.59627        1.78261
C          4.57423       -3.69608        1.64985
C          3.55432       -3.44231        0.56857
C          3.05034       -4.59730        0.13204
N          3.72803       -5.67642        0.64226
C          3.39989       -6.98741        0.39292
O          4.03612       -7.96316        0.75737
C          4.91446       -5.22597        1.43406
H          7.41336       -5.71047       -1.06300
H          6.01121       -4.63564       -1.08646
H          5.78628       -6.38442       -1.22360
H          6.31063       -6.80568        0.99118
H          7.61342       -3.55643        0.34324
H          6.80278       -3.64736        3.31264
H          5.81812       -2.07605        0.83290
H          5.29580       -1.82818        2.48619
H          4.00163       -3.64949        2.59093
H          3.20771       -2.46322        0.26901
H          2.21624       -4.72383       -0.54691
H          2.48406       -7.09134       -0.21384
H          4.85397       -5.70929        2.41953
