30

C          3.10036        0.59212        1.58399
C          2.16501        0.00855        0.52588
C          2.88300       -0.40907       -0.76319
O          3.95504       -1.29686       -0.37153
C          1.99861       -1.23624       -1.70967
C          0.88871       -0.51211       -2.46158
C          1.16447        0.86179       -3.10180
N          0.50182        1.91769       -2.30270
C          1.55154        2.77681       -1.77627
C          2.89312        2.12539       -2.02244
C          2.62474        1.31346       -3.27925
O          3.68427        0.38920       -2.92874
C          3.52691        0.77706       -1.51060
H          2.54251        0.81011        2.50091
H          3.56123        1.52170        1.23915
H          3.89821       -0.11003        1.84947
H          1.36301        0.72199        0.31918
H          1.69765       -0.87846        0.97515
H          3.56549       -2.14365       -0.09278
H          1.54995       -2.07424       -1.15519
H          2.63439       -1.73878       -2.45348
H          0.01502       -0.45701       -1.79636
H          0.54832       -1.18424       -3.26212
H          0.67961        0.86471       -4.08591
H         -0.05725        1.53103       -1.54160
H          1.38611        3.03510       -0.72678
H          1.50221        3.71931       -2.34261
H          3.67008        2.89545       -2.13151
H          2.83058        1.85292       -4.21096
H          4.51109        0.99075       -1.06765
