30

C          0.86444       -0.06922        0.28017
N          2.29941       -0.13617        0.06803
C          2.81799        0.62606       -1.08607
C          2.26659        0.20020       -2.46083
C          1.48221        1.26112       -3.22488
N          2.16124        2.57491       -3.14547
C          2.08742        3.05259       -1.75568
C          0.62324        3.24943       -1.30641
N         -0.29051        2.23345       -1.77673
C          0.01832        1.32667       -2.75362
O         -0.84620        0.56034       -3.16878
C          2.90835        2.15282       -0.80311
C          4.38763        2.59124       -0.82583
H          0.61459       -0.62653        1.18955
H          0.30442       -0.52507       -0.53891
H          0.52455        0.95498        0.44164
H          2.56297       -1.11684       -0.03949
H          3.85817        0.26884       -1.11203
H          1.67826       -0.72240       -2.37838
H          3.12949       -0.07742       -3.08403
H          1.44681        0.97913       -4.28404
H          1.64384        3.22176       -3.74295
H          2.53954        4.05350       -1.73291
H          0.24540        4.19878       -1.70405
H          0.53582        3.29948       -0.21651
H         -1.26754        2.26891       -1.51466
H          2.57329        2.34975        0.22424
H          4.82832        2.47098       -1.82088
H          4.97915        2.00469       -0.11438
H          4.48346        3.64323       -0.53474
