28

C          1.06140        0.59621       -0.71200
N          2.51107        0.46219       -0.59901
C          2.92056       -0.90800       -0.94005
C          4.45403       -1.11862       -0.89683
C          5.08829       -0.92615        0.48648
C          4.86651       -2.44933       -1.51342
C          5.74725       -2.56834       -2.58654
O          6.41374       -1.64566       -3.27703
S          5.91418       -4.21623       -2.98791
N          4.90598       -4.78773       -1.82697
C          4.43263       -3.78161       -1.09748
N          3.61558       -3.97855       -0.03340
C          3.03954       -5.27684        0.25800
H          0.76868        1.62534       -0.48147
H          0.54415       -0.06612       -0.00958
H          0.72032        0.37532       -1.72832
H          2.78176        0.67953        0.35997
H          2.57334       -1.13466       -1.95685
H          2.41054       -1.59690       -0.26316
H          4.86898       -0.31283       -1.52276
H          4.85285       -1.74834        1.16984
H          4.76827        0.00803        0.95695
H          6.17801       -0.88211        0.39370
H          6.21900       -0.77419       -2.89975
H          3.20873       -3.22033        0.49139
H          3.67228       -6.11318       -0.05982
H          2.06070       -5.37302       -0.22029
H          2.89817       -5.37326        1.33903
