28

N          2.87782       -0.93263       -0.69839
C          2.47087        0.31979       -0.02009
C          2.40717        0.11084        1.50857
O          1.52823       -0.96997        1.83361
C          3.40447        1.44339       -0.46265
C          4.81316        1.34496       -0.15171
C          4.11863        2.38497        0.69556
N          2.95812        3.32749        0.77845
C          2.53607        3.74489       -0.57013
C          1.03475        3.42229       -0.73856
C          1.41305        2.61957       -1.99947
C          2.84630        2.48932       -1.45045
H          2.30599       -1.67734       -0.28841
H          3.82372       -1.16585       -0.39459
H          1.44821        0.51593       -0.36092
H          2.04002        1.00682        2.01995
H          3.39137       -0.13285        1.92085
H          0.63082       -0.67372        1.60109
H          5.51010        1.66732       -0.92310
H          5.20385        0.47887        0.37263
H          4.94711        3.10355        0.68093
H          3.11505        4.08167        1.44469
H          2.90209        4.70207       -0.94386
H          0.38596        4.28427       -0.91547
H          0.57544        2.80186        0.04001
H          1.36520        3.23142       -2.91148
H          0.85569        1.69991       -2.18591
H          3.59342        2.68283       -2.23302
