18

C          0.93828        0.03521       -0.06392
C          2.41593        0.00690       -0.06600
C          3.31781        0.99665       -0.05988
C          4.67453        0.40667       -0.06452
O          5.69488        1.06881       -0.07845
N          4.48443       -0.94892       -0.06983
C          5.29757       -2.04919       -0.07435
S          4.19058       -3.42464       -0.11206
N          2.78348       -2.46573       -0.10186
C          3.17354       -1.24261       -0.07973
N          6.58295       -1.99895       -0.08019
C          7.30696       -3.15857       -0.05552
O          7.01645       -4.19166        0.53580
H          0.55496        1.05994       -0.06016
H          0.54819       -0.47573        0.82235
H          0.54517       -0.47048       -0.95177
H          3.14622        2.05997       -0.05427
H          8.26657       -3.09420       -0.59781
