24

C          1.55680       -1.31019        0.15175
C          2.39860       -0.28840       -0.02533
C          3.06708        0.35770        1.12696
N          3.03604       -0.08328        2.35707
N          3.74478        0.61381        3.31228
C          3.21486        1.85248        3.92732
C          3.67090        3.14469        3.25887
C          4.76608        3.81330        3.66351
C          2.83766        3.68131        2.10643
C          2.60433        2.71033        1.01631
O          3.35754        2.60325       -0.18051
C          3.71481        1.65687        0.83265
H          1.02872       -1.74511       -0.69062
H          1.36375       -1.72555        1.13660
H          2.56474        0.14407       -1.00745
H          3.89565       -0.03963        4.08681
H          3.58933        1.87041        4.96066
H          2.12456        1.81551        4.01709
H          5.39261        3.45184        4.46991
H          5.08328        4.72838        3.16475
H          3.24689        4.61465        1.70100
H          1.85717        3.94716        2.52728
H          1.56059        2.43798        0.92869
H          4.71872        1.79105        1.22356
