30

C          1.00420       -0.01182        0.10973
C          2.44845        0.36786        0.15114
C          2.97437        1.28358        0.98607
N          2.23480        1.95085        1.93636
C          1.67123        3.00055        1.44309
N          1.49590        4.13705        2.18993
N          2.00522        5.30669        1.54632
C          3.48507        5.29108        1.46521
C          4.10889        4.31882        0.43668
C          4.81520        3.12063        1.02942
C          5.29155        2.12682       -0.00202
C          6.76151        1.87470       -0.03600
C          4.40585        1.63363        1.10346
H          0.86293       -0.88114       -0.54278
H          0.39443        0.80332       -0.29362
H          0.63029       -0.28578        1.10289
H          3.10665       -0.14617       -0.54121
H          1.51939        3.17890        0.35611
H          1.84367        3.96928        3.14044
H          1.71658        6.12971        2.08147
H          3.93243        5.17797        2.46052
H          3.75282        6.30187        1.12642
H          4.89037        4.88317       -0.09222
H          3.39790        4.04023       -0.34814
H          5.50449        3.43496        1.81108
H          4.87314        2.16587       -1.00200
H          7.17710        1.73293        0.96773
H          7.26928        2.73510       -0.48663
H          6.99207        0.98941       -0.63411
H          4.89560        1.03494        1.87112
