30

C          1.00092        0.13034        0.46110
C          2.46480       -0.14331        0.10812
O          2.48346       -1.34738       -0.69156
C          2.29296       -0.94790       -2.07291
C          3.49804       -0.63205       -2.88372
C          2.72690        0.49530       -2.19908
C          1.94820        1.45313       -3.05115
N          2.89545        2.19459       -3.87083
C          3.08302        0.94952       -0.79286
C          4.60421        1.07172       -0.61097
O          4.90781        1.61097        0.68219
C          6.25880        1.69223        0.88599
C          6.77526        2.04911        2.06139
H          0.62517       -0.65678        1.12404
H          0.35856        0.10891       -0.42659
H          0.87578        1.09576        0.95905
H          3.03929       -0.30696        1.02592
H          1.39839       -1.28466       -2.58235
H          3.41394       -0.72105       -3.96256
H          4.46101       -0.95398       -2.51212
H          1.35938        2.14567       -2.43987
H          1.24765        0.91952       -3.70282
H          3.47263        2.78894       -3.27831
H          2.38516        2.82185       -4.49259
H          2.63808        1.92048       -0.53861
H          5.00075        1.74467       -1.37931
H          5.09127        0.09394       -0.71358
H          6.88586        1.45475        0.03408
H          6.13128        2.28369        2.90505
H          7.84804        2.11112        2.20475
