27

C          1.29407       -0.44985       -0.07369
C          2.77034       -0.31432       -0.18136
N          3.47407       -0.86659       -1.33128
C          3.40771        0.59569       -1.21225
C          4.62733        1.34956       -0.82405
C          5.84076        0.78699       -0.65619
C          4.48064        2.85156       -0.58420
C          3.46948        3.22356        0.51444
C          2.18435        3.60994       -0.22162
O          1.52480        4.67942        0.42234
C          2.68572        4.02888       -1.56313
C          3.93681        3.59912       -1.77258
H          1.04219       -1.33712        0.51633
H          0.80853       -0.54274       -1.05023
H          0.87413        0.42270        0.43515
H          3.26503       -0.43510        0.77652
H          2.82888       -1.18394       -2.05648
H          2.77457        1.07277       -1.95315
H          5.98482       -0.27989       -0.80102
H          6.71029        1.36033       -0.35811
H          5.45276        3.28602       -0.31666
H          3.84960        4.07787        1.09286
H          3.29723        2.41943        1.23790
H          1.49245        2.76858       -0.31328
H          2.10786        5.45409        0.37380
H          2.08402        4.55983       -2.28707
H          4.49637        3.74658       -2.68698
