30

C          0.87794        0.06696       -0.30853
C          2.38537        0.01733       -0.12005
N          3.03513        0.52290       -1.32688
C          4.33172        0.43023       -1.41992
N          5.14436       -0.09909       -0.46517
C          6.50594       -0.53799       -0.60939
C          6.67684       -1.83181        0.12841
C          7.63774       -2.05537        1.03055
N          4.86112        0.86018       -2.60279
C          6.08162        1.26840       -3.08836
N          7.18175        1.48723       -2.44095
N          8.24025        1.87204       -3.18647
C          9.52823        1.92355       -2.50299
H          0.37006       -0.30216        0.58856
H          0.56744       -0.55418       -1.15529
H          0.53569        1.08947       -0.49853
H          2.67563       -1.02189        0.07451
H          2.65405        0.63083        0.74766
H          4.78237       -0.14639        0.47651
H          7.18365        0.22987       -0.22355
H          6.75099       -0.76776       -1.64932
H          6.01207       -2.64104       -0.16597
H          8.34268       -1.27845        1.30987
H          7.75690       -3.03545        1.47954
H          4.09408        1.08418       -3.22639
H          6.03835        1.39984       -4.18582
H          8.33340        1.36993       -4.07116
H          9.41308        2.02295       -1.41777
H         10.09700        2.78646       -2.86050
H         10.11298        1.01881       -2.69977
