25

C          1.08115        0.16004        0.12434
C          2.61259        0.18911        0.05394
C          3.06447        0.51801       -1.37482
O          4.47930        0.47205       -1.54117
C          3.23763       -1.10315        0.57495
C          3.47445       -0.82176        2.04260
N          3.66566        0.63078        2.15924
C          3.13295        1.16994        1.10026
N          2.95696        2.53169        0.87831
C          2.76164        3.34223        2.10148
C          4.01551        3.45264        1.30836
H          0.67295       -0.63772       -0.50523
H          0.65481        1.10913       -0.22204
H          0.72239        0.00166        1.14799
H          2.72052        1.50702       -1.69426
H          2.64362       -0.21527       -2.07178
H          4.86719        1.12561       -0.93447
H          4.20049       -1.31702        0.09749
H          2.60357       -1.98381        0.42631
H          4.35703       -1.35498        2.40963
H          2.61546       -1.12020        2.65298
H          2.79266        2.80754        3.04312
H          1.99440        4.09454        1.99401
H          4.91890        2.98377        1.67215
H          4.12728        4.30987        0.65921
