28

C          0.80900       -0.35211        0.19555
C          2.28129       -0.49243       -0.15722
O          2.46431       -1.24860       -1.36168
C          3.75236       -1.88502       -1.47755
C          5.00662       -0.96511       -1.40936
C          5.22559        0.57800       -1.70147
C          4.58958        0.75220       -0.29387
N          5.21542       -0.59802        0.02493
C          5.04801        1.63204        0.80096
C          5.87614        2.67212        0.66210
C          2.99588        0.80978       -0.47422
N          2.54495        1.84253       -1.14402
N          1.31792        1.75592       -1.69749
H          0.50602       -1.16758        0.86018
H          0.16362       -0.42685       -0.68505
H          0.60207        0.58602        0.72183
H          2.77325       -0.97769        0.69426
H          3.74529       -2.42896       -2.42759
H          3.82167       -2.65117       -0.69129
H          5.83341       -1.55100       -1.83626
H          4.68241        0.97583       -2.55952
H          6.27994        0.88195       -1.79254
H          6.21233       -0.50630        0.24373
H          4.67600        1.38533        1.79399
H          6.27782        2.98059       -0.29225
H          6.15203        3.25180        1.54366
H          1.19018        2.50571       -2.38084
H          1.21262        0.88172       -2.22379
