32

C          4.86189        3.13929       -4.02401
C          4.21041        2.57921       -2.77267
C          5.21381        1.81701       -1.90554
C          4.56744        1.26266       -0.64887
C          3.49954        0.18787       -0.86875
O          4.81552       -0.13822       -0.41499
C          4.56824        2.13295        0.61303
C          3.82656        1.52412        1.81941
C          3.87129        2.39849        3.06890
C          5.99060        2.37816        0.94932
C          7.21992        2.62262        1.30856
C          8.65303        2.90761        1.72736
N          9.35011        1.65341        1.95003
H          4.12611        3.69033       -4.61927
H          5.26374        2.33523       -4.64966
H          5.67668        3.82489       -3.77487
H          3.38733        1.91769       -3.07300
H          3.76459        3.39733       -2.19489
H          6.05307        2.47227       -1.65381
H          5.64063        0.98923       -2.48973
H          3.24088       -0.10628       -1.87995
H          2.67068        0.08691       -0.18007
H          4.09101        3.08867        0.36229
H          4.23087        0.53518        2.07149
H          2.77216        1.37797        1.55938
H          4.85311        2.35203        3.54856
H          3.13183        2.04992        3.79627
H          3.64803        3.44316        2.83066
H          8.64914        3.50820        2.64263
H          9.15376        3.47951        0.94014
H          8.84818        1.11927        2.65728
H         10.27400        1.84474        2.32901
