26

C          1.32098       -0.29279       -0.55746
C          2.71829       -0.23336       -0.00737
N          2.85359       -0.29107        1.32448
O          4.23640       -0.17202        1.85317
C          5.08233       -0.53041        0.80690
C          4.77630       -2.17464        0.68565
C          5.95101       -3.08179        0.15706
C          6.69803       -2.49532       -1.06353
C          6.19628       -1.08759       -1.09373
C          6.49802       -0.40400        0.32238
C          4.97583       -0.87919       -1.72538
C          3.89779        0.01298       -1.07392
O          4.67801        0.58368       -0.07303
H          0.61666       -0.60404        0.22206
H          1.27357       -0.99373       -1.39246
H          1.03821        0.70636       -0.90064
H          3.89765       -2.38825        0.06419
H          4.52023       -2.54726        1.68644
H          5.56521       -4.07863       -0.08745
H          6.66417       -3.23152        0.97869
H          6.46946       -3.05065       -1.97754
H          7.78318       -2.53031       -0.91260
H          7.21488       -0.95239        0.94068
H          6.88799        0.61233        0.18349
H          4.64871       -1.53970       -2.52329
H          3.57292        0.78262       -1.78015
