26

C          1.32373        0.41752       -0.91548
C          2.38961       -0.06419       -0.26047
C          2.94195        0.46125        1.01053
C          2.33065       -0.14148        2.27078
C          2.80820        0.39315        3.61742
O          2.38249        1.74479        3.75857
N          2.84291        2.26212        4.97622
C          2.59513        3.52379        4.96430
N          2.90699        4.28734        6.04444
C          2.63805        5.62126        6.14901
O          2.88016        6.28386        7.15089
C          4.39913        0.90258        0.97861
N          3.32167        1.87947        0.99711
H          0.97568       -0.04224       -1.83427
H          0.77571        1.27578       -0.53829
H          2.89221       -0.93721       -0.67198
H          2.51291       -1.22371        2.24935
H          1.24339        0.00348        2.21575
H          3.89502        0.31568        3.72717
H          2.34229       -0.19562        4.41734
H          2.12761        4.05611        4.11821
H          3.32491        3.82797        6.84093
H          2.17222        6.05574        5.25088
H          4.96406        0.83578        0.05621
H          5.00329        0.85909        1.87482
H          3.16876        2.28048        0.07092
