33

C          0.99626       -0.28981        0.10824
N          2.41146       -0.05305       -0.16053
C          2.73606        0.69244       -1.40408
C          2.26268       -0.09402       -2.63997
C          2.05487        2.07302       -1.37100
C          4.30086        0.83408       -1.42166
C          4.96754        1.51042       -2.64424
N          4.65521        2.90441       -2.80562
C          5.68126        3.61536       -3.37795
O          5.56580        4.72102       -3.86835
C          6.92506        2.77816       -3.35167
C          6.50902        1.53368       -2.55147
C          7.17003        0.28068       -3.11217
H          0.89840       -0.85932        1.03823
H          0.51295       -0.87632       -0.67868
H          0.43564        0.63596        0.26438
H          2.88990       -0.95488       -0.16786
H          1.17123       -0.17330       -2.67964
H          2.67628       -1.10900       -2.64734
H          2.56622        0.39581       -3.57019
H          0.98149        2.01333       -1.17437
H          2.11344        2.57350       -2.33753
H          2.49994        2.71910       -0.60500
H          4.73109       -0.17570       -1.34452
H          4.61506        1.36376       -0.51394
H          4.66813        1.00663       -3.57033
H          3.73504        3.28237       -2.98464
H          7.72776        3.32506       -2.85382
H          7.21105        2.54248       -4.38150
H          6.82536        1.67242       -1.50878
H          6.86416        0.09988       -4.14872
H          6.90873       -0.60159       -2.52206
H          8.26039        0.38679       -3.10265
