30

N          1.94384       -0.14101        0.95580
C          3.34504        0.15208        0.65661
C          3.98922       -1.10276        0.01882
C          4.62727       -1.86171        1.20078
N          4.96033       -0.88645        2.26773
C          5.62557        0.32069        1.77288
C          6.21353        1.44349        2.53586
C          6.03324        2.74642        1.73142
C          4.56680        3.09545        1.38931
N          4.12519        2.66005        0.05534
C          2.66227        2.64203       -0.02109
C          3.46478        1.37239       -0.23122
C          4.12493        0.25440        1.91936
H          1.41727       -0.21379        0.08809
H          1.53585        0.62274        1.48760
H          4.77559       -0.81964       -0.69355
H          3.27870       -1.72633       -0.53552
H          5.51255       -2.42228        0.88361
H          3.90416       -2.57908        1.60683
H          6.12228        0.21841        0.81398
H          7.28209        1.26315        2.69698
H          5.75561        1.55221        3.52655
H          6.62560        2.69799        0.80804
H          6.45893        3.56658        2.32304
H          4.51945        4.19518        1.36095
H          3.89586        2.81538        2.20967
H          2.23193        3.11922       -0.89365
H          2.08955        2.76518        0.88892
H          3.54904        1.06768       -1.27323
H          3.61279        0.71004        2.75449
