26

C          0.51138        0.11557       -0.03278
C          1.97204        0.17721        0.21445
C          2.94687       -0.80689       -0.37962
C          2.78171       -1.60050       -1.64795
N          3.30324       -0.69412       -2.70365
C          2.86126        0.66239       -2.28629
C          2.99620        0.64249       -0.79220
N          4.73537       -0.78006       -2.79998
C          5.70534       -0.89545       -1.71674
C          6.96075       -0.37987       -2.43047
O          8.06025       -0.29906       -1.89780
N          6.65695        0.00965       -3.72506
C          5.38643       -0.21954       -3.86400
H          0.06473       -0.63289        0.63087
H          0.25102       -0.13918       -1.06127
H          0.05709        1.08197        0.20902
H          2.15808        0.46988        1.24592
H          3.71325       -1.20689        0.27002
H          1.72486       -1.81549       -1.84438
H          3.31073       -2.55944       -1.62460
H          1.81574        0.80639       -2.58555
H          3.44523        1.45969       -2.75792
H          3.80674        1.26866       -0.44361
H          5.84473       -1.93570       -1.41250
H          5.51053       -0.23964       -0.86731
H          4.79504       -0.01214       -4.76865
