27

C          5.51127        5.32450        0.32737
C          5.73534        3.82891        0.30756
C          6.97028        3.32737        0.43630
C          7.39286        1.89425        0.30274
N          6.47319        1.21993       -0.59917
N          5.33354        0.67705       -0.17061
C          4.38311        1.52320        0.09928
C          2.99308        0.95266        0.27189
C          4.46473        3.03960        0.11403
O          3.38877        3.64519        0.05666
C          7.07561        0.38765       -1.63490
C          6.38070        0.11247       -2.94919
C          7.48101        1.12604       -2.88975
H          6.45363        5.88343        0.35465
H          4.92739        5.61157        1.20740
H          4.97616        5.64646       -0.57260
H          7.80421        4.01776        0.57100
H          7.46061        1.42312        1.28755
H          8.40338        1.88950       -0.11850
H          3.02259       -0.13847        0.26761
H          2.38450        1.27743       -0.57958
H          2.53830        1.30502        1.20024
H          7.72385       -0.41540       -1.28223
H          5.36461        0.46612       -3.09101
H          6.59169       -0.81464       -3.45957
H          7.19614        2.17258       -2.96379
H          8.44163        0.89056       -3.31813
