30

C          0.87643        0.06601       -0.04518
C          2.40791        0.01593       -0.13495
O          2.89236        1.34214       -0.42285
N          2.49017        1.72158       -1.71466
C          2.90435        2.92191       -1.93728
C          3.04305       -0.44651        1.22141
N          2.59232       -1.78299        1.65656
C          4.56393       -0.46750        1.28580
C          5.36076       -0.69053        0.22007
C          5.25826       -0.17654        2.58423
C          4.45263        0.09378        3.87271
C          5.47556       -0.82858        4.54622
N          5.74615       -1.43266        3.22173
H          0.43743        0.40049       -0.99121
H          0.55682        0.78459        0.71847
H          0.44388       -0.91205        0.18144
H          2.70139       -0.66289       -0.94566
H          2.65810        3.41974       -2.88763
H          3.50176        3.49661       -1.20938
H          2.69727        0.28668        1.95952
H          2.79503       -2.45053        0.91287
H          1.58221       -1.78507        1.77571
H          4.97278       -0.89478       -0.76811
H          6.44541       -0.68775        0.32175
H          6.06119        0.56416        2.45000
H          3.43458       -0.30383        3.93120
H          4.44842        1.13039        4.22102
H          5.06910       -1.51775        5.29213
H          6.34038       -0.31120        4.97683
H          5.12288       -2.21661        3.01235
