27

C          1.92669       -2.50217       -1.15862
C          2.97842       -1.59862       -1.80296
N          2.92741       -0.35045       -1.01812
C          3.49785        0.60315       -1.68493
N          4.71257        1.09183       -1.22963
O          5.65465        0.00003       -1.03532
C          5.49680       -1.00812       -2.05602
C          6.75956       -1.78827       -2.23229
C          7.14829       -2.36599       -3.57093
C          6.55661       -3.26478       -2.52873
C          5.05606       -3.37614       -2.15387
C          4.72529       -3.20715       -0.69866
C          4.45864       -2.05925       -1.68110
H          0.94618       -2.01149       -1.16797
H          2.14879       -2.69955       -0.10286
H          1.83817       -3.45825       -1.68180
H          2.71505       -1.44461       -2.85639
H          3.44977        0.68053       -2.78507
H          4.56071        1.45056       -0.28370
H          5.27282       -0.54259       -3.02596
H          7.54424       -1.50242       -1.54381
H          8.20726       -2.47156       -3.77972
H          6.55038       -2.14372       -4.44607
H          7.22897       -3.96769       -2.04288
H          4.43784       -4.02258       -2.76546
H          5.52128       -3.06919        0.02267
H          3.94810       -3.86923       -0.34218
