29

C          2.09353        0.90427       -1.56556
C          3.32518        0.64141       -0.70758
C          3.36118       -0.85971       -0.19291
C          4.37537       -1.37791       -1.17626
C          5.54516       -0.43225       -0.61008
N          5.50227       -1.51962        0.42716
C          4.21945       -1.20840        1.08816
C          4.77742       -0.08308        1.91561
C          5.54402        0.58793        0.77448
C          6.33076        1.73486        0.29159
C          5.78748        1.96944       -0.91852
C          4.82927        0.85648       -1.34431
N          4.90881        0.80125       -2.80871
H          1.22033        0.94646       -0.89190
H          1.89027        0.11930       -2.29081
H          2.15090        1.87739       -2.06027
H          3.13567        1.31696        0.13235
H          2.40872       -1.39240       -0.24692
H          4.10295       -1.24261       -2.23117
H          4.55586       -2.47267       -1.16405
H          6.31384       -1.51322        1.04472
H          3.82233       -2.05243        1.65632
H          5.43357       -0.40202        2.72919
H          3.95237        0.50570        2.34677
H          4.73809        1.33540        0.86512
H          7.05745        2.32784        0.82237
H          6.07231        2.80883       -1.54793
H          5.83930        0.47748       -3.06955
H          4.78102        1.72060       -3.19911
