28

C          0.97628        0.00151        0.18916
C          2.50526        0.03311        0.20484
N          2.99152       -0.03379        1.57067
C          3.04309        1.23540       -0.50960
C          3.79380        0.85856       -1.56636
C          4.40615        1.78600       -2.56547
N          5.75722        2.10091       -2.16094
C          6.58575        2.89036       -2.88063
N          7.78549        3.20333       -2.55262
C          3.84114       -0.60525       -1.62451
C          4.43173       -1.50634       -2.58847
C          5.55226       -1.29666       -3.28822
C          3.08735       -1.07925       -0.61246
H          0.55233        0.86732        0.71229
H          0.59080       -0.90284        0.67564
H          0.58074        0.01293       -0.83414
H          2.67173        0.78182        2.08709
H          4.00896        0.00739        1.56264
H          2.81673        2.25675       -0.23867
H          3.82261        2.71339       -2.61671
H          4.38847        1.35228       -3.57107
H          6.06861        1.72694       -1.27455
H          6.15119        3.27137       -3.82126
H          8.02367        2.76294       -1.66114
H          3.91854       -2.45756       -2.72587
H          6.15291       -0.39976       -3.19060
H          5.91418       -2.05364       -3.97797
H          2.90019       -2.12259       -0.39930
