27

C          0.83363       -0.11163       -0.73728
C          2.25423       -0.07200       -0.16887
O          3.11442       -0.58796       -1.19018
C          2.73474        1.37194        0.17897
C          2.42727        1.84593        1.62991
O          3.52294        2.70554        2.06271
C          1.00470        2.44146        1.84690
N          0.87624        1.68683        3.09997
C          1.96649        0.76548        2.71683
C          1.44885       -0.52017        2.12730
C          1.82070       -1.93517        1.87735
C          2.49731       -0.90223        1.04972
H          0.77965        0.46110       -1.67136
H          0.07374        0.29059       -0.06866
H          0.55177       -1.14209       -0.98884
H          3.00904       -0.03315       -1.98143
H          2.36037        2.09799       -0.55246
H          3.82823        1.38457        0.05150
H          3.41146        3.53131        1.56371
H          0.26424        2.17833        1.08544
H          0.97224        3.52774        1.97907
H         -0.03100        1.26225        3.27696
H          2.68751        0.59566        3.52388
H          0.39964       -0.38003        1.88558
H          1.11388       -2.58923        1.37841
H          2.40763       -2.44461        2.63569
H          3.56134       -0.84232        1.29251
