31

C          4.43233        1.09062        1.48715
C          3.89234       -0.26855        1.87933
C          2.53853       -0.26500        2.62962
N          2.16961       -1.47807        1.87947
C          3.12359       -1.07922        0.79526
C          3.81847       -2.29832        0.17192
C          4.82592       -1.83746       -0.90404
N          5.40915       -2.95470       -1.67236
C          4.31190       -3.77915       -2.21094
C          3.31942       -4.25867       -1.13360
C          3.92263       -5.31326       -0.19270
O          2.97662       -5.69376        0.80447
O          2.79371       -3.13678       -0.39794
H          4.84281        1.60606        2.36119
H          3.65309        1.72738        1.05568
H          5.23404        0.99104        0.74837
H          4.65742       -0.86467        2.39764
H          1.89205        0.59440        2.41884
H          2.59929       -0.40456        3.71264
H          1.20049       -1.53003        1.56681
H          2.64221       -0.44450        0.03683
H          4.33866       -2.86498        0.95281
H          5.64022       -1.27301       -0.43656
H          4.33892       -1.15447       -1.61172
H          5.98244       -3.52214       -1.04884
H          4.73295       -4.63820       -2.74550
H          3.77019       -3.17930       -2.95341
H          2.45050       -4.70864       -1.62881
H          4.81168       -4.94924        0.32852
H          4.20639       -6.20986       -0.75267
H          2.62872       -4.86021        1.17838
