28

C          1.40117        0.44044       -0.13731
C          2.85847       -0.03697       -0.16940
C          3.53200        0.49194       -1.46331
N          4.71871       -0.17462       -2.00842
C          5.94134       -0.03639       -1.23597
C          5.19218       -1.34894       -1.27751
C          4.54747       -1.86160       -0.02939
C          3.07051       -1.54428       -0.01640
C          2.08403       -2.52369       -0.62171
O          2.52005       -3.87298       -0.90863
C          2.60824       -4.56354        0.34529
O          2.62535       -3.60717        1.41922
C          2.15258       -2.35566        0.87718
H          1.35394        1.53264       -0.20652
H          0.89472        0.15393        0.78828
H          0.82318        0.03661       -0.97512
H          3.36340        0.43372        0.68620
H          3.74528        1.56210       -1.33420
H          2.78984        0.44751       -2.27127
H          5.92429        0.55917       -0.33303
H          6.86009        0.02461       -1.80881
H          5.55159       -2.14844       -1.91458
H          5.01623       -1.40044        0.85021
H          4.75454       -2.93168        0.05634
H          1.21013       -2.16078       -1.14176
H          3.52104       -5.16447        0.37141
H          1.73170       -5.20864        0.45895
H          1.31651       -1.88651        1.37739
