30

C          2.89957       -0.85270       -1.12053
C          2.43885        0.20579       -0.15372
C          2.77249       -0.02960        1.30905
C          4.19995       -0.09166        1.89104
N          5.32504       -0.12790        1.06935
C          6.60557       -0.62109        1.57846
C          7.65911       -0.84095        0.51981
N          8.74956       -0.13022        0.54672
N          9.68253       -0.50862       -0.35363
N          4.14405       -0.15555        3.19644
N          5.27586       -0.12822        3.92653
C          2.11383        1.59455       -0.67439
C          0.99462        0.64828       -0.36903
H          3.97379       -1.02934       -1.03780
H          2.69515       -0.57039       -2.15843
H          2.37454       -1.79519       -0.92682
H          2.30040       -0.98019        1.59318
H          2.25900        0.74172        1.90064
H          5.42805        0.72216        0.50876
H          6.45507       -1.59723        2.05276
H          7.03661        0.08280        2.29048
H          7.49575       -1.65932       -0.19864
H         10.50417        0.09070       -0.25287
H         10.02422       -1.45401       -0.15820
H          5.03758       -0.20374        4.91583
H          5.74070        0.77544        3.82646
H          2.27356        1.82635       -1.72229
H          2.22880        2.44923       -0.01812
H          0.43110        0.22413       -1.19458
H          0.37396        0.85968        0.49323
