31

C          0.86468       -0.18101       -0.46701
C          2.30900       -0.18773       -0.10158
C          3.40321       -0.73575       -1.01474
C          4.65343       -1.41590       -0.51979
O          4.54220       -2.80673       -0.82635
C          4.95373       -1.29479        0.97815
C          5.57973        0.03482        1.39530
C          4.73791        1.31998        1.22825
N          5.71933        2.42951        1.47438
C          3.64288        1.49642        2.31894
O          4.22971        1.71275        3.61126
C          4.19837        1.49522       -0.22102
N          3.16194        0.69284       -0.86035
H          0.36975       -1.07778       -0.08325
H          0.70071       -0.12582       -1.54591
H          0.38009        0.68883       -0.00464
H          2.41810       -0.38233        0.94619
H          3.10809       -1.13055       -1.98159
H          5.50611       -1.05011       -1.09842
H          3.78396       -3.16426       -0.33523
H          5.67871       -2.08075        1.23693
H          4.07716       -1.52781        1.59163
H          6.51153        0.14119        0.81992
H          5.90074       -0.06162        2.44131
H          5.88784        2.45515        2.48735
H          5.25398        3.32224        1.29688
H          2.98549        0.63845        2.43489
H          3.02139        2.37190        2.09938
H          4.55673        0.85217        3.92640
H          5.06294        1.47890       -0.90221
H          3.82259        2.52487       -0.29740
