26

N          4.04320       -0.90205        0.48505
C          2.99462       -0.03007       -0.02739
C          3.41437        0.60697       -1.34489
N          3.53379        1.90517       -1.39976
N          3.56988        2.57015       -2.63931
C          3.12686        1.95983       -3.69207
C          2.77462        0.53203       -3.64546
C          3.95829       -0.33762       -3.89222
N          3.56001       -1.36418       -4.89824
C          2.17319       -1.02367       -5.33381
C          1.56464       -0.09303       -4.25449
N          0.54310        0.84539       -4.67995
C          3.34993       -0.28924       -2.51881
H          3.69977       -1.34889        1.33465
H          4.82365       -0.31353        0.78330
H          2.73257        0.74441        0.69926
H          2.08936       -0.62100       -0.21750
H          3.10501        2.48052       -4.66822
H          4.94672        0.09974       -4.03034
H          3.56551       -2.29488       -4.47560
H          1.56768       -1.92693       -5.45916
H          2.22714       -0.51165       -6.30115
H          1.09067       -0.73171       -3.49838
H          0.89005        1.44336       -5.43078
H          0.29026        1.45745       -3.90143
H          2.95527       -1.26653       -2.25516
