26

C          0.99057        0.51566        1.60039
C          2.19283        0.71252        0.74593
N          3.36618        1.04860        1.18946
N          4.20239        1.15568        0.09864
C          3.48675        1.31803       -1.19161
C          2.16972        0.62356       -0.78580
C          2.71453       -0.69074       -1.41906
O          1.83647       -1.35970       -2.35170
C          2.34731       -1.13439       -3.66903
C          3.03263        0.22625       -3.55937
C          3.75960        0.16514       -2.19220
C          5.19208       -0.31553       -2.33888
H          0.73149        1.45703        2.09159
H          1.19100       -0.25155        2.35279
H          0.15076        0.19699        0.97747
H          5.01111        1.75158        0.28710
H          3.42968        2.33978       -1.56931
H          1.27809        1.04740       -1.25978
H          3.14403       -1.40124       -0.70407
H          1.53194       -1.14938       -4.39557
H          3.06009       -1.93560       -3.89664
H          2.26853        1.01345       -3.55355
H          3.70313        0.41938       -4.40264
H          5.85005        0.52151       -2.60491
H          5.28808       -1.06475       -3.13558
H          5.57153       -0.76766       -1.42003
