25

C          0.84390       -0.18120       -0.23582
C          2.33734       -0.04053       -0.28470
C          3.01893        1.12288       -0.21961
N          2.48990        2.39370       -0.06166
C          3.21134        3.51967        0.20221
N          2.83753        4.71575       -0.07378
O          4.43932        3.37303        0.76861
C          4.90867        2.02036        0.98490
C          4.55385        1.12483       -0.21524
C          5.10903        1.73349       -1.52541
C          5.12703       -0.26104       -0.07136
C          4.34002       -1.33823       -0.15482
O          2.97949       -1.27847       -0.33339
H          0.31697        0.77454       -0.29977
H          0.54906       -0.66535        0.70142
H          0.49688       -0.80796       -1.06376
H          1.54334        2.55155       -0.38192
H          3.62874        5.31357        0.19677
H          4.48180        1.64886        1.92760
H          5.99375        2.07607        1.12576
H          4.60669        2.66189       -1.81953
H          5.00275        1.04484       -2.37131
H          6.17438        1.97289       -1.42036
H          6.20005       -0.37804        0.04289
H          4.68683       -2.36264       -0.10678
