24

C          7.82770       -4.53068        2.32135
C          6.92858       -3.32803        2.59912
N          5.58315       -3.67854        2.02851
C          5.19191       -2.70638        1.13819
N          4.23697       -2.81117        0.30920
C          6.09848       -1.56242        1.25576
C          5.85062       -0.27544        1.51635
C          6.96809        0.21117        2.30461
C          7.84673       -0.78524        2.52950
C          7.39588       -2.04561        1.82486
C          6.91021       -3.03108        4.09143
N          5.83088       -3.06042        4.80933
O          6.13624       -2.53512        6.07376
H          7.78091       -4.81920        1.26535
H          7.49986       -5.39744        2.90472
H          8.87038       -4.32192        2.57869
H          4.89015       -3.83171        2.75943
H          3.86581       -3.77055        0.39168
H          4.88798        0.20998        1.45160
H          7.00288        1.19681        2.74749
H          8.73501       -0.70400        3.13866
H          8.09087       -2.29736        1.01424
H          7.87607       -2.71940        4.53976
H          5.26119       -2.25149        6.40057
