29

C          3.79795       -2.32725       -0.24737
C          3.61382       -0.87115        0.13789
C          4.36333        0.07448       -0.79341
O          4.07242        1.41013       -0.37998
N          4.90799        2.30121       -1.06666
C          4.64059        3.53542       -0.74543
C          5.44977        4.64836       -1.37131
C          4.49920        5.65425       -2.01821
N          3.41238        6.08244       -1.12352
C          2.65618        4.93269       -0.61233
C          3.53687        3.97535        0.19249
C          4.05262        4.64955        1.44028
O          5.13771        4.40351        1.95995
H          3.29897       -2.97619        0.48019
H          4.85756       -2.59900       -0.27345
H          3.36482       -2.52891       -1.23210
H          3.95804       -0.71393        1.16736
H          2.54607       -0.62026        0.13805
H          4.02908       -0.05524       -1.82869
H          5.44241       -0.10977       -0.73709
H          6.14107        4.24490       -2.11757
H          6.04319        5.13073       -0.58708
H          4.06878        5.23006       -2.93279
H          5.06899        6.54246       -2.31548
H          2.78312        6.69779       -1.64360
H          2.19037        4.40014       -1.45208
H          1.84007        5.30695        0.01599
H          2.91228        3.14224        0.52740
H          3.35027        5.33963        1.93769
