27

C          1.13759        0.12325       -0.31778
C          2.60622        0.20463        0.16437
C          2.53133        0.16504        1.70106
C          3.37467       -0.99820       -0.47821
N          4.84659       -0.87912       -0.51867
C          5.43338       -1.71510       -1.57701
C          6.78428       -1.12438       -1.92845
O          7.04125       -0.59740       -3.00928
N          5.52877       -0.83848        0.64178
C          5.67851        0.32427        1.19468
O          5.20550        1.54469        0.83809
C          4.44834        1.75109       -0.36166
O          3.04913        1.50288       -0.26492
H          0.64534       -0.78845        0.03327
H          1.08079        0.14724       -1.41270
H          0.56161        0.98783        0.03389
H          2.05004       -0.75272        2.05436
H          1.95206        1.01970        2.07205
H          3.49559        0.23611        2.19871
H          3.02381       -1.06862       -1.51620
H          3.08337       -1.93661        0.01216
H          4.83385       -1.69621       -2.49442
H          5.56493       -2.75435       -1.26127
H          7.55047       -1.17846       -1.13598
H          6.24560        0.41914        2.13329
H          4.89762        1.29338       -1.24642
H          4.53656        2.82408       -0.56327
