25

C          5.95919       -1.02205        1.25947
C          6.65571       -1.59910        0.05815
N          7.91113       -1.92776        0.03454
N          8.76916       -0.82946        0.07053
C          9.19928       -0.41149       -1.19403
N         10.30083       -0.86687       -1.70697
C          8.26254        0.46831       -2.00369
C          7.92157        1.71145       -1.34098
C          6.72590        2.25175       -1.09932
C          7.53275       -0.36336       -2.78016
C          6.25401       -1.06460       -2.48672
N          6.46651       -2.51852       -2.26473
C          5.85588       -1.75326       -1.18605
H          4.91226       -0.79720        1.03699
H          6.45425       -0.11066        1.59928
H          5.99134       -1.76127        2.06605
H          8.33211       -0.02938        0.53356
H         10.68356       -1.49962       -0.99160
H          8.81089        2.27366       -1.04144
H          5.80200        1.77421       -1.39395
H          6.66907        3.22007       -0.60480
H          8.14812       -1.00506       -3.42141
H          5.46197       -0.86033       -3.20114
H          7.44344       -2.71630       -1.99863
H          4.81026       -1.99929       -1.04008
