25

C          7.84046       -0.62313       -1.74897
C          7.69703       -0.85944       -0.43856
C          8.09638        0.07658        0.67287
O          9.07634       -0.68318        1.42970
N          9.44914        0.01017        2.60504
C          8.33087        0.14857        3.39538
N          8.10043       -0.59923        4.42626
C          7.30734        1.13327        2.84431
O          6.21305        1.43093        3.69364
C          5.21848        2.16953        3.05575
C          4.89912        1.98899        1.76506
C          5.94211        1.47362        0.80314
C          6.86766        0.48912        1.51975
H          7.56964       -1.38768       -2.47252
H          8.24158        0.30789       -2.13542
H          7.30509       -1.82760       -0.12204
H          8.60051        0.96630        0.26938
H          9.85886        0.90547        2.33545
H          8.89664       -1.24131        4.51223
H          7.84577        2.07366        2.65700
H          5.48280        3.19064        3.36241
H          3.97834        1.40325        1.64572
H          6.50350        2.33914        0.42592
H          5.45473        1.00851       -0.05927
H          6.28304       -0.41216        1.76057
