26

C          1.14778        0.10799       -0.60886
C          2.16493        0.05904        0.53841
N          1.42223       -0.10471        1.87585
C          2.43590       -0.51770        2.91235
C          3.29265        0.73174        3.14719
N          2.98711        1.43313        4.46922
C          2.20798        2.36001        3.93972
C          0.79719        1.87127        3.61658
C          1.16537        1.32727        2.21035
C          2.66186        1.70448        2.10314
N          2.74006        2.96475        2.78985
C          2.96852        1.35555        0.71570
C          3.71584        2.02065       -0.16915
H          1.45432       -0.57381       -1.41011
H          1.04395        1.10879       -1.04014
H          0.15300       -0.21768       -0.28685
H          2.83066       -0.79858        0.38912
H          3.03700       -1.36036        2.55212
H          1.92845       -0.84624        3.82583
H          4.37173        0.58753        3.03313
H          0.11104        2.72021        3.55095
H          0.42174        1.11523        4.30936
H          0.51076        1.80300        1.46691
H          3.71631        3.20549        2.94259
H          4.21344        2.94997        0.09871
H          3.84655        1.65719       -1.18203
