29

C          2.67795       -2.42331        0.28484
O          2.96949       -1.02618        0.24878
C          3.58781       -0.67288       -0.92683
C          4.45292        0.33800       -1.05798
C          4.86184        1.19242        0.11557
C          5.14576        0.68174       -2.37547
C          4.77587       -0.19432       -3.60197
N          3.45741        0.08783       -4.19778
C          3.28976        1.53990       -4.40942
C          3.99815        1.93721       -5.70473
C          3.74352        2.43265       -3.22998
O          5.02132        2.07802       -2.69225
H          2.17130       -2.64442        1.22776
H          3.60273       -3.00963        0.24277
H          2.01104       -2.71046       -0.53723
H          3.27895       -1.30473       -1.75139
H          4.34404        0.91403        1.03950
H          4.63075        2.24229       -0.08361
H          5.93624        1.09817        0.29885
H          6.22041        0.52790       -2.21300
H          4.82574       -1.25614       -3.33569
H          5.53648       -0.05036       -4.37645
H          2.72972       -0.23533       -3.56365
H          2.21932        1.72415       -4.56698
H          5.08664        1.86602       -5.61885
H          3.74955        2.96957       -5.97292
H          3.67647        1.29734       -6.53502
H          3.00159        2.42705       -2.42179
H          3.82277        3.47443       -3.56462
