27

C          4.25511       -3.44912        4.36973
C          3.54407       -3.15459        3.06122
N          4.53869       -3.23318        1.99114
C          4.06114       -2.99086        0.82266
N          4.79872       -2.96645       -0.32348
C          6.21650       -3.27513       -0.36785
C          6.47206       -4.77450       -0.55992
C          5.86533       -5.27574       -1.83640
N          5.96380       -6.67667       -2.24804
C          4.66765       -6.18983       -1.76253
C          3.59948       -6.00540       -2.76422
O          2.74772       -5.13854       -2.60394
H          3.55722       -3.40149        5.21044
H          5.05921       -2.72621        4.54603
H          4.70658       -4.44749        4.35083
H          3.10202       -2.15235        3.10574
H          2.74290       -3.88676        2.90671
H          2.99668       -2.76917        0.64160
H          4.30203       -2.92334       -1.20771
H          6.71694       -2.92988        0.54427
H          6.66297       -2.71550       -1.19805
H          6.08698       -5.33189        0.30258
H          7.55461       -4.94273       -0.58996
H          5.94550       -4.56694       -2.65330
H          6.43592       -7.23391       -1.53284
H          4.34771       -6.57010       -0.79999
H          3.60505       -6.67382       -3.64049
