24

C          2.83021        0.11479        0.64398
C          4.29416        0.22660        0.98895
C          5.17969        1.03236        0.35858
C          4.86474        1.83060       -0.88422
C          5.53683        3.12561       -0.61574
C          6.45483        3.01638        0.36009
C          6.56155        1.56730        0.81459
C          6.91378        1.39219        2.27314
N          7.77775        2.01411        3.02703
N          8.62895        3.02552        2.60073
C          8.27052        3.90652        1.73645
N          7.21031        4.02894        0.88268
O          7.12189        5.29483        0.29522
H          2.56902       -0.87817        0.27051
H          2.48850        0.85097       -0.08823
H          2.24281        0.30835        1.54817
H          4.57944       -0.32739        1.88027
H          3.80522        1.98967       -1.07460
H          5.30961        1.34861       -1.76320
H          5.29422        4.03844       -1.13842
H          7.34373        1.05300        0.23543
H          6.45264        0.52817        2.77993
H          8.96052        4.76400        1.63267
H          6.60805        5.79496        0.95686
