21

N          2.72092       -2.80425        0.80138
N          3.71752       -3.67293        1.08571
C          4.93640       -3.26435        0.87827
C          5.35189       -1.83913        0.38165
O          6.37018       -1.14098        1.12640
C          7.61620       -1.61893        0.79199
C          8.32060       -2.34688        1.66679
O          9.01056       -3.49142        1.26907
C          8.18817       -4.53275        1.00004
C          7.06872       -4.56155        0.16395
C          5.98272       -4.26730        1.07724
C          6.11902       -5.12086        2.16120
S          7.77654       -5.68681        2.25207
H          2.68729       -2.03121        1.46574
H          1.81858       -3.27585        0.89528
H          4.48457       -1.17534        0.40975
H          5.63037       -1.91660       -0.67909
H          7.79472       -1.63512       -0.27568
H          8.08635       -2.40809        2.72103
H          6.93562       -5.41571       -0.49950
H          5.43704       -5.32394        2.97616
