18

N          1.25804        0.07485       -0.12242
C          2.53252       -0.02716        0.02133
C          3.34987       -1.31211        0.10120
N          4.60731       -0.77426        0.62850
C          5.61802       -1.51161        1.23887
C          5.66837       -2.83575        1.47310
C          6.73926       -3.50558        2.15602
C          7.61087       -4.12918        2.71551
C          8.72492       -4.94555        3.45385
N          9.55442       -5.56125        3.99708
C          4.48482        0.59524        0.54092
N          3.33359        1.07717        0.17913
H          0.82165       -0.84811       -0.17863
H          3.47838       -1.71273       -0.91018
H          2.86439       -2.03081        0.76305
H          6.43243       -0.87018        1.57507
H          4.83852       -3.45660        1.14623
H          5.36650        1.20645        0.78967
