28

C          2.99898       -0.55275        0.94240
N          2.18767       -0.64610       -0.26393
C          2.97449       -0.46881       -1.49455
C          3.84733       -1.60267       -1.97815
C          2.60833       -1.24978       -2.73304
O          2.71069       -0.35009       -3.86987
C          2.60684        0.99151       -3.34598
C          3.28906        0.92951       -1.96785
C          3.21381        2.00749       -4.30594
C          2.60916        1.95719       -5.70543
O          1.20663        2.20491       -5.66757
C          2.96675        3.38204       -3.74226
O          3.85031        4.05503       -3.21607
H          2.39833       -0.85084        1.80690
H          3.35352        0.46969        1.10742
H          3.86294       -1.22389        0.89789
H          1.42217        0.02540       -0.20932
H          3.83716       -2.52720       -1.41145
H          4.80930       -1.37180       -2.41644
H          1.76815       -1.93325       -2.69136
H          1.53516        1.18704       -3.20245
H          2.90917        1.71215       -1.30327
H          4.37520        1.05463       -2.05378
H          4.29508        1.84891       -4.39869
H          2.78124        0.99168       -6.19219
H          3.05645        2.73063       -6.34121
H          0.76706        1.36510       -5.42617
H          1.92011        3.73733       -3.74482
