19

O          7.38494       -3.49303       -3.95016
C          6.07564       -3.13106       -3.51326
C          6.03865       -2.89960       -2.00433
O          4.67276       -2.71424       -1.57610
N          4.68044       -1.89111       -0.41268
C          5.87054       -1.36980       -0.32809
O          6.16986       -0.44040        0.60126
N          7.46528       -0.49374        1.16933
C          8.41357       -0.15532        0.36191
N          8.44145       -0.06112       -1.00950
C          7.82856       -1.03132       -1.77853
C          6.75579       -1.74475       -1.41526
H          7.28217       -3.95280       -4.80330
H          5.39730       -3.95719       -3.76012
H          5.73532       -2.25617       -4.07656
H          6.40745       -3.80933       -1.50846
H          9.41842        0.00221        0.78948
H          9.32219        0.26141       -1.40111
H          8.36788       -1.25271       -2.69674
