24

C          1.03104        0.03596        0.23323
N          2.43808        0.05344       -0.09226
C          3.32475        1.01173        0.54993
C          3.83944        2.09989       -0.37658
C          4.48631        3.26076        0.24783
C          4.68939        3.47319        1.55461
C          3.79601        2.07683       -1.72425
N          3.48569        1.08080       -2.62937
C          3.96575       -0.20707       -2.59622
N          4.29728       -0.87699       -3.64522
O          4.14739       -0.77783       -1.37771
C          2.94099       -1.01674       -0.81066
O          2.33069       -2.07116       -0.96817
H          0.69848        1.02373        0.56034
H          0.84790       -0.71061        1.01186
H          0.46508       -0.24477       -0.66116
H          4.17016        0.47004        0.98678
H          2.75617        1.46208        1.37561
H          4.89470        4.01108       -0.43188
H          4.35945        2.79737        2.33467
H          5.22874        4.35836        1.88236
H          4.11491        2.96278       -2.27927
H          3.37450        1.43453       -3.57005
H          4.12007       -0.33831       -4.48666
