20

C          1.18875        0.95292        0.66453
C          2.45586        1.09033        1.09317
C          2.98449        2.46468        1.29264
O          2.32838        3.47801        1.07247
C          3.23148       -0.14634        1.37237
O          2.71204       -1.24243        1.55616
C          4.72470       -0.08468        1.44638
N          5.43451        0.74357        0.75338
O          6.78821        0.46585        1.07677
C          6.81531       -0.38062        2.24330
C          5.46946       -1.06769        2.26414
C          7.05098        0.43331        3.44821
C          7.25427        1.09516        4.43033
H          0.56340        1.81595        0.44946
H          0.73873       -0.02370        0.50769
H          4.00433        2.53821        1.69858
H          7.62461       -1.10919        2.12521
H          5.03937       -1.20877        3.25850
H          5.49227       -2.01901        1.72330
H          7.44740        1.68662        5.29596
