25

C          0.89373        1.38240        1.62865
C          2.36916        1.21923        1.81281
C          3.16421        0.64068        0.89732
C          4.68522        0.58141        0.98542
C          5.24694        1.38768       -0.17844
O          4.58592        1.80505       -1.12241
O          6.55372        1.73978       -0.05883
C          7.47477        0.76073        0.44019
C          7.18509       -0.60533       -0.17044
N          6.24130       -1.38036        0.63041
C          5.15622       -0.87430        1.13067
N          4.38403       -1.69924        1.94658
O          5.12786       -2.70198        2.58418
H          0.41353        1.55417        2.59705
H          0.43755        0.49455        1.18061
H          0.68922        2.25072        0.99399
H          2.79125        1.64557        2.72010
H          2.72321        0.25571       -0.02467
H          4.99196        1.10010        1.90474
H          7.46849        0.76249        1.53579
H          8.46631        1.09425        0.11644
H          8.12115       -1.17374       -0.19777
H          6.82546       -0.52882       -1.20343
H          3.71060       -1.24650        2.56300
H          5.73410       -3.00194        1.87187
