23

C          1.21986       -0.07129       -0.22069
C          2.73431       -0.02904       -0.10422
N          3.20587       -1.39038        0.13885
C          4.47068       -1.52850        0.31222
C          5.12349       -2.87499        0.60640
N          6.52719       -2.47515        0.70932
C          7.34191       -3.10650        1.72762
C          6.53386       -1.10960        0.54231
O          7.73131       -0.49277        0.58252
C          7.79505        0.52520        1.47493
O          7.11075        0.68112        2.47235
N          5.41058       -0.51619        0.27687
H          0.81941        0.92978       -0.41068
H          0.76886       -0.45272        0.70103
H          0.90867       -0.72798       -1.03928
H          3.00923        0.63603        0.72273
H          3.15514        0.36902       -1.03614
H          4.96926       -3.56103       -0.23061
H          4.72169       -3.28754        1.53581
H          6.99903       -4.12580        1.93154
H          7.30269       -2.54128        2.66545
H          8.38339       -3.16226        1.39712
H          8.64292        1.17235        1.20527
