32

C          2.74024       -1.21172        0.92058
C          2.45136        0.04170        0.10650
C          3.06240       -0.01129       -1.29183
C          2.51094       -1.13205       -2.18621
C          2.53549       -0.56760       -3.62226
C          3.82180       -0.97942       -4.39497
C          5.15820       -0.60541       -3.76262
N          2.50893        0.86569       -3.39827
C          2.77043        1.23576       -2.09837
O          2.81154        2.38885       -1.70558
C          1.27783       -1.02702       -4.44076
C         -0.07286       -0.54994       -3.90245
O          1.36996       -0.57659       -5.79951
H          2.28016       -1.13209        1.91070
H          3.81758       -1.34866        1.05812
H          2.33884       -2.10742        0.43733
H          2.84884        0.91058        0.64575
H          1.36704        0.19187        0.04082
H          4.15128       -0.09297       -1.20553
H          1.49395       -1.38065       -1.86638
H          3.09294       -2.05503       -2.08789
H          3.80992       -0.52711       -5.39395
H          3.81274       -2.06696       -4.54468
H          5.23780        0.47348       -3.59827
H          5.97699       -0.89623       -4.42929
H          5.31747       -1.12472       -2.81433
H          2.40842        1.57403       -4.11337
H          1.26834       -2.12264       -4.48086
H         -0.13506        0.54360       -3.89294
H         -0.28333       -0.92029       -2.89704
H         -0.87852       -0.89414       -4.56085
H          1.21372        0.38327       -5.80392
