24

N          0.60190       -0.04835        0.83279
C          1.61643        0.89401        0.84232
C          2.82236        0.60176        1.38092
C          4.10788        1.09809        0.92637
C          4.72167        1.67180        1.96337
N          3.98118        1.71129        3.11873
C          2.84753        1.11803        2.81968
N          1.77477        1.06119        3.68236
C          1.03709        2.31696        3.85446
C         -0.21036        2.34346        2.97895
C         -0.15494        3.19327        1.73490
N          0.44671        3.06657        0.58177
N          1.38100        2.12992        0.27922
H         -0.17425        0.32831        0.29223
H          0.93769       -0.90660        0.38926
H          4.49957        0.97475       -0.06730
H          5.70851        2.11736        1.94011
H          1.13313        0.32517        3.39152
H          1.67182        3.19190        3.68028
H          0.72728        2.35320        4.90579
H         -1.00485        2.81183        3.58012
H         -0.59614        1.35153        2.72895
H         -0.78795        4.09595        1.79286
H          1.57070        2.09723       -0.72423
