18

O          1.89144       -1.77587        0.23308
N          3.25936       -1.55436        0.04847
C          3.61036       -0.56250        0.79617
C          4.97788       -0.07358        0.72057
O          5.58362       -0.00692        2.02660
C          6.25453       -0.81848        1.05764
C          7.37934       -0.15822        0.27125
N          6.66831        0.58967       -0.74491
C          5.39488        0.90729       -0.31432
O          4.71204        1.83948       -0.69943
C          7.90257        0.89998        1.22877
C          8.35139        1.80770        2.05014
H          1.66409       -2.34833       -0.52364
H          2.90871       -0.02866        1.45802
H          6.23973       -1.89566        1.08867
H          8.13330       -0.82212       -0.15237
H          7.13718        1.30400       -1.28721
H          8.70584        2.55170        2.72594
