29

C          1.02384       -0.14860        0.27439
N          2.45178        0.05370        0.19844
C          3.02488        0.64012       -0.80151
C          2.28364        1.28543       -2.02985
C          0.90229        1.97449       -1.90064
N          1.36486        2.98992       -2.87357
C          2.74299        2.72595       -2.41796
N          4.42426        0.80936       -0.85913
C          5.15703        0.65885       -2.12082
N          5.27847        0.68809        0.22512
C          4.82845        1.12957        1.35423
C          5.66013        1.01587        2.60951
O          5.96261        2.31338        3.09701
H          0.81273       -0.86778        1.07372
H          0.60613       -0.56217       -0.64795
H          0.50617        0.77400        0.55082
H          2.28629        0.59532       -2.88858
H          0.67120        2.40303       -0.92019
H          0.04864        1.38547       -2.24835
H          1.03141        3.93627       -2.69370
H          3.05451        3.34696       -1.56767
H          3.50071        2.79794       -3.20217
H          4.50853        0.49383       -2.98584
H          5.83766       -0.19828       -2.07214
H          5.74975        1.55994       -2.30817
H          3.85282        1.62782        1.47615
H          6.59154        0.47327        2.41878
H          5.07799        0.48639        3.36728
H          6.54426        2.73033        2.43681
