24

C          1.00925       -0.09984       -0.19244
C          2.51697       -0.05311       -0.21384
C          3.29694       -1.07008        0.76699
C          4.47317       -0.60385       -0.20740
C          4.67088        0.92231        0.05884
C          4.22524        2.11875       -0.72092
C          4.22700        2.22509       -2.19092
O          4.97262        3.01139       -2.76251
C          3.16267        1.37152        0.02725
O          2.66397        2.03509        1.19519
C          3.37123       -0.82824       -1.34015
C          2.99299       -2.17343       -1.71201
N          2.67713       -3.24473       -2.04116
H          0.61959        0.26836        0.76342
H          0.63691       -1.12066       -0.31933
H          0.58657        0.51833       -0.98949
H          3.00619       -2.12536        0.75484
H          3.39317       -0.75819        1.81157
H          5.37870       -1.21129       -0.24151
H          5.21381        1.06185        0.98778
H          4.53137        3.06582       -0.27538
H          3.50987        1.61883       -2.75959
H          1.82416        2.49181        1.00077
H          3.56782       -0.26825       -2.25162
