28

C          0.75850       -0.24659        0.13518
C          2.23670        0.06532        0.17701
C          2.73220        1.32880        0.01833
C          1.91423        2.53771       -0.38134
O          2.43867        3.09992       -1.58410
O          4.08029        1.69635        0.14856
C          4.77612        1.38772        1.32719
C          5.52650        2.34455        1.88274
C          4.59726        0.05187        1.88780
C          5.45562       -1.16114        1.85306
N          5.22227       -2.28662        2.75780
C          4.50649       -0.92713        0.71156
C          3.06981       -1.20230        0.44936
H          0.12629        0.62860        0.29894
H          0.49842       -0.94424        0.94012
H          0.48864       -0.70636       -0.81946
H          1.97926        3.30054        0.40141
H          0.86013        2.33103       -0.56323
H          3.40845        3.06013       -1.50346
H          5.59233        3.33041        1.43139
H          6.05176        2.17630        2.81430
H          3.82707        0.03349        2.65468
H          6.50973       -0.99390        1.63739
H          4.22954       -2.48009        2.87968
H          5.58638       -2.07984        3.68765
H          5.01507       -0.71606       -0.22885
H          2.63855       -1.74156        1.30161
H          2.98555       -1.86623       -0.41989
