23

C          0.95129        0.22494       -0.01507
C          2.47790        0.13962       -0.00746
C          2.93512       -1.20879       -0.59467
C          4.43553       -1.30276       -0.67365
O          5.13933       -1.90471        0.12336
C          5.07822       -0.51071       -1.79308
C          5.37643        0.93293       -1.48654
C          4.43774        1.47662       -0.43316
O          4.84806        1.90991        0.64179
N          3.06977        1.30312       -0.69078
O          2.79113        1.19541       -2.08284
N          5.28592       -1.13536       -2.91501
O          5.84616       -0.28105       -3.87091
H          0.51414       -0.59304        0.56715
H          0.55134        0.16401       -1.03337
H          0.61171        1.17159        0.41795
H          2.81380        0.18757        1.03727
H          2.52978       -1.37266       -1.60051
H          2.57169       -2.03650        0.02552
H          5.31763        1.56399       -2.37734
H          6.40112        0.98647       -1.10201
H          2.31873        2.03699       -2.24314
H          5.91482       -0.85914       -4.65510
