28

C          2.74493        0.82944        1.15941
O          2.48165       -0.06387        0.08315
C          3.01973        0.34632       -1.21921
C          4.54657        0.38017       -1.22485
C          5.08247       -0.99923       -0.80372
C          5.29779        0.81973       -2.47317
C          2.23403       -0.29399       -2.35885
C          2.44172       -0.26931       -3.80719
C          1.97208        1.11216       -4.08680
O          2.95742        2.01048       -4.41081
C          2.35222        2.25874       -3.08299
C          2.01743        1.16452       -2.03612
H          2.13967        0.51840        2.01563
H          2.48296        1.85665        0.89412
H          3.79439        0.76898        1.45781
H          4.84397        1.10023       -0.45292
H          4.77131       -1.77366       -1.51378
H          4.70939       -1.29192        0.18226
H          6.17852       -0.99992       -0.75046
H          5.26789        0.07062       -3.26604
H          6.35840        0.96113       -2.22846
H          4.95286        1.77444       -2.86303
H          1.45921       -0.99965       -2.07842
H          1.81093       -1.00570       -4.31909
H          3.47126       -0.44601       -4.11391
H          1.00644        1.15792       -4.57041
H          3.11452        2.89188       -2.66548
H          1.09142        1.39254       -1.50086
