23

C          1.51201       -0.54117        1.48526
N          2.56217       -1.43339        0.95320
C          2.05501       -2.70964        0.38758
C          2.29274       -2.83002       -1.28554
O          3.67084       -3.19004       -1.18527
C          4.13013       -1.84604       -1.15199
O          3.84559       -1.52040       -2.48857
C          2.36893       -1.43292       -2.42241
C          1.82969       -0.76682       -1.11762
C          3.13586       -0.85597       -0.27898
C          2.51934        0.06103       -2.65883
C          2.64835        1.34254       -2.86164
H          1.47420       -0.57919        2.56499
H          0.51100       -0.79082        1.10055
H          1.68310        0.51782        1.20541
H          1.00166       -2.91502        0.68073
H          2.67318       -3.48596        0.86584
H          1.67361       -3.64094       -1.69971
H          5.19238       -1.79334       -0.89226
H          1.37617        0.26600       -1.03507
H          0.88362       -1.27762       -0.88418
H          3.62818        0.12325       -0.14459
H          2.76442        2.38750       -3.03544
