26

C          1.06140        0.13994       -0.04469
C          2.54635        0.21752        0.01994
N          3.32462       -0.52789       -0.95938
C          3.38478        0.95654       -1.02049
C          4.74881        1.58669       -0.73589
O          5.24035        1.08305        0.52107
C          5.76557        1.11366       -1.79033
O          5.68530        1.34393       -2.99418
C          4.79694        3.09990       -0.66490
C          4.36082        3.94323       -1.85168
N          3.60952        3.95670       -0.60082
C          3.83266        5.18296        0.16566
H          0.69980       -0.66352        0.60351
H          0.69231       -0.05944       -1.05555
H          0.61925        1.07805        0.30578
H          2.89838        0.18781        1.04578
H          2.73981       -0.87201       -1.72650
H          2.87298        1.41602       -1.85909
H          5.01857        0.13070        0.51152
H          6.62260        0.53731       -1.39599
H          5.68690        3.43082       -0.13568
H          3.87583        3.46639       -2.69533
H          4.97298        4.79815       -2.11826
H          3.08913        5.93633       -0.12015
H          4.82498        5.63304        0.02389
H          3.70979        4.98231        1.23484
