24

C          1.32395       -0.70018       -0.00730
C          2.29181        0.21890        0.04105
C          3.56062        0.49866       -0.81169
C          4.54434        0.10525        0.23288
N          3.89701        0.75821        1.37361
C          2.49031        1.38542        0.88100
C          2.19960        2.26183       -0.43840
C          3.56050        2.09473       -0.97772
C          4.27743        3.13985       -0.00793
O          3.80881        3.28181        1.40419
C          2.56382        2.55288        1.81931
H          1.32840       -1.49379       -0.74714
H          0.50131       -0.66782        0.70076
H          3.60256       -0.05209       -1.75341
H          5.56030        0.46694        0.04774
H          4.58246       -0.97947        0.39416
H          4.49026        1.53106        1.69477
H          1.90553        3.31150       -0.28998
H          1.41786        1.88220       -1.11994
H          3.69424        2.38219       -2.02418
H          4.11331        4.14027       -0.43145
H          5.36054        2.99082        0.01771
H          1.71819        3.25312        1.76759
H          2.67300        2.28619        2.87680
