33

N          0.72386        0.49557       -1.04051
C          2.17616        0.44264       -1.28452
C          2.73534       -0.97230       -1.37741
C          1.93834       -2.02359       -1.61362
C          4.19886       -1.13111       -0.95924
N          4.10267       -1.14590        0.53278
C          4.90185       -2.46888       -1.28832
C          6.42482       -2.17385       -1.17075
C          6.53639       -0.72411       -0.65300
C          5.33742       -0.10710       -1.38772
C          5.79786       -0.01660       -2.88988
C          7.00232       -0.92555       -3.28731
C          7.03557       -2.27477       -2.57541
H          0.44613        1.47072       -0.91428
H          0.51912        0.03804       -0.15518
H          2.63793        0.97633       -0.44632
H          2.40758        0.98949       -2.19318
H          0.87500       -1.91766       -1.77977
H          2.30021       -3.06059       -1.58057
H          3.41862       -1.85160        0.81644
H          3.76571       -0.24467        0.87379
H          4.62359       -2.81180       -2.29520
H          4.62194       -3.28165       -0.60483
H          6.90883       -2.88052       -0.49091
H          7.48457       -0.23108       -0.87964
H          6.42652       -0.66224        0.43108
H          5.09226        0.90000       -1.03689
H          6.16544        1.01113       -3.04923
H          4.96858       -0.15006       -3.58876
H          7.93678       -0.39813       -3.02944
H          7.05935       -1.05752       -4.37328
H          8.07178       -2.62553       -2.49897
H          6.51759       -3.02706       -3.18375
