30

C          2.21108       -0.94019       -1.17185
N          2.33239        0.01127       -0.07764
C          2.89345        1.29996       -0.46058
C          1.99534        2.12812       -1.42078
C          2.54359        3.55842       -1.28070
C          3.69060        3.39270       -0.26397
C          4.83819        2.65228       -0.99064
C          4.32047        1.20902       -1.07375
C          6.12500        2.74539       -0.21554
N          7.17025        3.29610       -0.74525
O          8.22122        3.26001        0.17494
C          3.15951        2.31265        0.69924
N          2.03238        2.74250        1.52423
H          1.72454       -1.84907       -0.80683
H          3.18582       -1.23007       -1.57248
H          1.59086       -0.54878       -1.98372
H          2.89768       -0.39678        0.66657
H          0.94015        2.09877       -1.12198
H          2.05653        1.77876       -2.45700
H          1.76762        4.23223       -0.90050
H          2.88741        3.95746       -2.24056
H          3.99638        4.32928        0.20965
H          5.00888        3.06410       -1.99278
H          4.95407        0.51696       -0.50443
H          4.29310        0.86068       -2.11175
H          6.14874        2.33954        0.81211
H          8.94619        3.69086       -0.31779
H          3.93419        1.94422        1.38001
H          1.22008        2.96507        0.95197
H          2.27418        3.59137        2.03302
