31

C          0.80706       -1.09510       -0.61908
N          2.19584       -0.77187       -0.42758
C          3.20076       -1.76326       -0.03036
C          2.86378       -2.56023        1.20702
C          3.33219       -3.28395       -0.03598
C          2.37732       -4.31976       -0.57562
N          2.89986       -5.03085       -1.73665
C          4.84362       -3.62516       -0.12477
C          5.42311       -2.36323       -0.78009
C          4.61754       -1.21381       -0.18385
C          5.45096       -3.99421        1.20826
C          6.93866       -4.18268        1.36854
O          6.27105       -3.00645        1.84582
H          0.25604       -0.16494       -0.79286
H          0.34431       -1.57468        0.24729
H          0.66131       -1.71547       -1.51296
H          2.24859        0.01666        0.22673
H          1.82606       -2.70422        1.49499
H          3.50880       -2.45628        2.06999
H          1.40018       -3.89665       -0.81918
H          2.21803       -5.06710        0.21175
H          2.83105       -4.43502       -2.55976
H          2.33148       -5.85575       -1.92292
H          5.04320       -4.47061       -0.79039
H          5.22476       -2.40430       -1.85998
H          6.49940       -2.22810       -0.64952
H          4.65466       -0.34731       -0.85502
H          5.01264       -0.89926        0.78739
H          4.80499       -4.60905        1.82172
H          7.57557       -4.08837        0.49854
H          7.29237       -4.88415        2.11333
