24

C          0.98491       -0.82515       -0.28123
O          2.23551       -0.28644        0.13701
C          2.93093       -1.08002        0.98582
C          2.74115       -2.42321        1.22105
N          3.65645       -2.81476        2.16194
C          4.43193       -1.74501        2.51825
C          4.02244       -0.64123        1.79089
C          4.58654        0.74588        1.87443
C          6.06991        0.85084        1.62511
C          6.75961        2.18270        1.79591
C          7.03892        1.06733        2.76276
H          0.46789       -0.05930       -0.86847
H          0.35129       -1.06944        0.57665
H          1.12469       -1.69962       -0.92470
H          2.04157       -3.13959        0.81219
H          3.74192       -3.75017        2.53795
H          5.21358       -1.85355        3.26019
H          4.34296        1.15232        2.86462
H          4.07814        1.38986        1.14643
H          6.38807        0.24396        0.78380
H          6.17840        3.02796        2.14740
H          7.53696        2.44626        1.08665
H          6.65176        1.16589        3.77035
H          8.00757        0.58339        2.70695
