23

C          1.06353       -0.08059        0.01851
C          2.54625        0.03282        0.03607
C          3.34360        1.18048        0.11601
C          4.65321        0.72468        0.10950
C          4.65455       -0.62818        0.03967
C          5.99148       -1.18085        0.01074
O          6.20531       -1.97641        1.15553
C          6.71895        0.22754        0.10864
N          8.10056        0.24825        0.16425
O          8.61146        1.37853        0.81114
N          5.93128        1.28233        0.16207
N          3.38793       -1.06501       -0.04136
N          2.99799       -2.40700       -0.17671
H          0.59681        0.90980        0.03224
H          0.71220       -0.62567        0.90462
H          0.71897       -0.60585       -0.87591
H          2.99286        2.20079        0.17148
H          6.26718       -1.70105       -0.90877
H          5.94855       -1.42916        1.92210
H          8.52941       -0.62266        0.48007
H          8.13490        2.11731        0.37888
H          3.65986       -3.03189        0.28478
H          2.10231       -2.58698        0.26843
