31

C          6.95392        0.68901        1.37074
C          6.07124        1.91978        1.51976
C          5.70513        2.44496        0.14348
C          4.78714        1.57192       -0.73104
C          4.01485        2.87908       -0.96028
O          4.67825        3.47434        0.20290
C          4.24305        3.61355       -2.32426
C          3.79903        5.07935       -2.19104
N          3.88925        5.83722       -3.44027
C          5.62523        3.35806       -2.99852
C          4.88191        2.98863       -4.29729
C          3.59776        2.78533       -3.47355
H          7.31394        0.35138        2.34989
H          7.82121        0.90083        0.73788
H          6.40238       -0.13621        0.91145
H          6.61361        2.69195        2.07823
H          5.17698        1.66587        2.09919
H          6.58696        2.84488       -0.37271
H          4.21529        0.82201       -0.17326
H          5.26148        1.06999       -1.57366
H          2.94477        2.75729       -0.74540
H          4.40973        5.58772       -1.43626
H          2.75908        5.11708       -1.84701
H          4.86769        5.92362       -3.71243
H          3.56973        6.79084       -3.27139
H          6.23872        2.52915       -2.64104
H          6.28689        4.22682       -3.07284
H          5.24861        2.09413       -4.80729
H          4.82638        3.80413       -5.02649
H          3.40061        1.73230       -3.24102
H          2.68965        3.20590       -3.91875
