30

C          1.08791       -0.03010       -0.03100
C          2.60027       -0.02823       -0.00490
C          3.24013        1.21074       -0.64530
N          4.61395        1.19303       -0.10388
C          4.64713        0.03559        0.83859
C          5.71844        0.21655        1.90272
C          3.22091        0.02014        1.38655
C          4.68397       -1.25742       -0.03373
C          3.24973       -1.28512       -0.62143
C          4.98901       -2.52776        0.72219
C          6.05326       -3.28540        0.43651
C          6.34969       -4.55190        1.22297
C          6.60397       -5.63830        1.89759
H          0.68406        0.86016        0.46450
H          0.68694       -0.90629        0.49068
H          0.71131       -0.04490       -1.05710
H          2.73587        2.13140       -0.33825
H          3.25147        1.16696       -1.74066
H          4.77246        2.05963        0.41439
H          5.60226        1.18189        2.41340
H          6.72014        0.18857        1.46469
H          5.65116       -0.55759        2.67302
H          2.95914        0.91738        1.95291
H          2.99120       -0.86468        1.99528
H          5.40740       -1.14876       -0.85365
H          2.69709       -2.19492       -0.34241
H          3.26499       -1.23752       -1.71890
H          4.31819       -2.82870        1.52384
H          6.74627       -3.04948       -0.36577
H          6.81081       -6.52605        2.44835
