20

O          1.38871        0.43868       -0.14732
S          2.77148        0.01725       -0.09664
O          3.65324       -0.00973       -1.24599
O          3.51251        0.88517        1.08310
C          4.12532       -0.28749        1.65784
C          3.09238       -1.25467        1.08981
O          3.61248       -2.53754        0.65808
C          2.70479       -3.32283        0.03541
N          1.65271       -2.82015       -0.50488
C          0.78432       -3.83924       -1.12927
C          1.00749       -5.23948       -0.59313
N          2.10562       -5.64413       -0.02569
N          3.02416       -4.64663        0.12105
H          4.15293       -0.24242        2.75083
H          5.14931       -0.42272        1.28953
H          2.24144       -1.39006        1.77001
H          0.93765       -3.85947       -2.21432
H         -0.26097       -3.57307       -0.94386
H          0.19582       -5.96795       -0.75346
H          3.85343       -4.86553        0.66598
