24

C          0.90430       -0.15225        0.13208
C          2.42024       -0.11711        0.14824
C          3.02714       -1.26721       -0.69133
N          2.90654       -2.51484       -0.40861
N          3.71247       -0.72946       -1.73792
C          3.72414        0.63353       -1.66729
C          3.00117        1.05880       -0.62371
C          2.83813        2.48877       -0.25669
C          3.46623        3.44873       -1.28119
N          4.47283        2.85366       -2.16725
O          5.02803        3.75237       -3.11264
C          4.47595        1.52818       -2.57864
O          5.05811        1.06540       -3.55637
H          0.53267       -1.05272        0.63257
H          0.51166       -0.16261       -0.89107
H          0.48448        0.71700        0.64912
H          2.81734       -0.16150        1.16832
H          2.34870       -2.64162        0.43561
H          4.29922       -1.24010       -2.38227
H          3.29192        2.65602        0.72603
H          1.77447        2.73279       -0.15959
H          3.94771        4.28219       -0.75647
H          2.68071        3.87479       -1.91626
H          4.57498        4.59851       -2.96667
