23

C          2.65475       -0.02883       -1.99804
C          1.96129        1.34806       -2.06726
O          2.84688        2.26764       -2.76937
N          4.08373        2.29608       -2.12353
C          4.19768        3.48760       -1.65328
C          4.33818        3.57394       -0.17258
N          2.96726        3.69134        0.33350
C          1.92240        2.78885        0.21025
C          1.52008        1.82578       -0.65578
C          0.41466        1.00800       -0.03606
O         -0.06259       -0.00024       -0.53259
C          0.78147        1.23395       -2.97164
C         -0.13248        1.06293       -3.73053
H          3.39165       -0.05889       -1.18680
H          3.19794       -0.23518       -2.92833
H          1.95015       -0.84991       -1.83705
H          3.83313        4.39147       -2.17309
H          4.92844        4.44525        0.10881
H          4.80435        2.66774        0.22906
H          2.68743        4.63311        0.60701
H          1.32102        2.95656        1.10624
H          0.06853        1.33394        0.96048
H         -0.92645        0.84905       -4.41049
