31

C          3.03857        1.51063        0.20396
C          2.30733        0.17228        0.21340
C          2.98484       -1.00443        0.99943
C          2.91173       -0.72701        2.53581
C          3.35077       -1.88563        3.43338
C          4.44030       -1.16763        0.47054
O          5.40018       -0.53518        1.31974
C          4.87789       -2.56833        0.24737
C          3.99132       -3.56160        0.19846
N          2.65070       -3.42931        0.36412
C          2.13639       -2.28694        0.72759
N          0.77282       -2.20393        0.94927
C         -0.13026       -3.33019        0.94762
H          2.41607        2.25999       -0.30052
H          3.98085        1.46067       -0.34907
H          3.24152        1.87216        1.21341
H          2.16087       -0.14112       -0.82985
H          1.30189        0.36155        0.60748
H          1.88075       -0.47466        2.81638
H          3.50752        0.15640        2.79284
H          2.69661       -2.75508        3.31727
H          3.30115       -1.58145        4.48412
H          4.37574       -2.20556        3.23518
H          4.54484       -0.67434       -0.50374
H          5.66652       -1.17501        1.99920
H          5.92367       -2.76614        0.04976
H          4.33093       -4.57102       -0.02422
H          0.38409       -1.34515        1.31674
H          0.37708       -4.29386        0.84865
H         -0.84355       -3.22854        0.12528
H         -0.69384       -3.34740        1.88578
