27

C          1.00870       -0.13203       -0.31714
N          2.27085        0.40464        0.12436
C          2.83130        1.54480       -0.72063
C          3.03021        1.05135       -2.18982
C          2.66054       -0.22628       -2.91870
C          3.37183       -0.62107       -4.16329
N          2.84315       -0.54772       -5.32338
N          4.62944       -1.00343       -3.82817
C          5.01340       -0.67755       -2.46710
C          3.68995       -0.31853       -1.84222
C          3.58903       -0.27202       -0.32206
C          4.20617        1.17654        0.09766
N          4.10214        1.39499        1.55189
H          0.23399        0.25846        0.35451
H          0.97879       -1.22158       -0.22497
H          0.67719        0.17203       -1.31043
H          2.39303        2.53332       -0.56951
H          3.61439        1.79455       -2.72191
H          1.71512       -0.72079       -2.77389
H          1.87706       -0.21805       -5.25292
H          5.32236       -1.04626       -4.56235
H          5.69835        0.17820       -2.46043
H          5.48452       -1.53206       -1.97596
H          3.89360       -1.15044        0.24730
H          5.15161        1.48045       -0.35388
H          3.23943        0.95623        1.89242
H          3.99924        2.37561        1.80302
