27

C          0.83811        0.02376        0.17864
C          2.36558        0.05107        0.03199
C          2.88067       -1.15818       -0.64246
C          2.30663       -1.83404       -1.80942
C          2.99606       -3.05510       -2.06067
C          2.27277       -3.59201       -3.28500
N          1.67273       -4.03741       -4.30068
N          3.15021       -0.77664       -2.16957
C          2.57417        0.54653       -2.32557
C          2.94349        1.05630       -0.95740
C          2.42399        2.47317       -0.68308
C          4.46178        1.10717       -0.90630
C          5.76416        1.15081       -0.86247
H          0.53270       -0.79135        0.84455
H          0.31795       -0.14040       -0.77176
H          0.45345        0.95708        0.59861
H          2.81009        0.16609        1.02818
H          3.71982       -1.60889       -0.11881
H          1.24007       -1.80497       -1.99368
H          2.85371       -3.77404       -1.24436
H          4.07261       -2.99695       -2.26874
H          1.50051        0.53864       -2.53892
H          3.07734        1.08479       -3.13513
H          1.34039        2.53331       -0.78201
H          2.85524        3.19604       -1.37941
H          2.68984        2.79877        0.33519
H          6.82882        1.18287       -0.83535
