25

C          1.15368        0.51579        0.28159
C          2.28069       -0.04192       -0.18314
N          2.94311        0.33251       -1.35889
N          2.56043        1.34252       -2.20009
C          3.43377        1.33969       -3.20595
C          4.40738        0.34975       -3.06446
C          4.09349       -0.26792       -1.85768
C          4.88592       -1.38023       -1.20355
C          5.78409       -1.93396       -2.30221
C          7.21494       -2.50633       -2.27143
O          7.50493       -1.69682       -3.48882
C          6.52234       -0.74603       -2.97026
C          5.58028       -0.03232       -3.93206
H          0.69062        0.16185        1.19612
H          0.66753        1.33064       -0.24871
H          2.73162       -0.85650        0.36923
H          3.31880        2.06996       -3.99763
H          4.23094       -2.16863       -0.82067
H          5.47469       -0.97393       -0.37402
H          5.17048       -2.52590       -3.00215
H          7.30210       -3.57757       -2.46514
H          7.85408       -2.20983       -1.43272
H          7.01868       -0.03879       -2.28699
H          5.24333       -0.69337       -4.73836
H          6.05478        0.85011       -4.37117
