24

O          3.69369       -0.73408        3.98010
C          2.98651        0.41001        3.47048
S          3.01189        0.67208        1.67048
O          2.40862       -0.47739        1.02021
O          2.49024        2.00367        1.40728
N          4.69666        0.67820        1.34249
O          5.30365        1.76648        2.07719
C          6.58498        2.01018        1.48877
C          7.47542        0.75351        1.58238
C          8.34910        0.78406        2.81876
C          9.68775        0.75934        2.78163
C          6.67979       -0.52842        1.54369
C          5.34830       -0.58338        1.42931
H          3.70527       -0.64411        4.94758
H          3.40357        1.31257        3.92869
H          1.93382        0.31745        3.75487
H          7.03324        2.86472        2.00825
H          6.44042        2.30911        0.44319
H          8.13370        0.76115        0.70295
H          7.84718        0.82372        3.78389
H         10.23348        0.71302        1.84182
H         10.27556        0.77802        3.69414
H          7.23336       -1.46096        1.61068
H          4.76839       -1.49905        1.37829
