23

C          0.91952       -0.13559       -0.09209
C          2.44136       -0.09125        0.00867
N          2.94223        0.92694        0.95701
C          4.31468        0.57381        1.30281
C          4.27397       -0.92749        1.32600
C          5.10717       -1.68971        2.05647
C          3.05385       -1.41230        0.56403
O          2.18294       -2.04023        1.51453
C          3.40166       -2.32501       -0.54477
N          3.67640       -3.01243       -1.43896
C          2.46589        2.20165        1.04892
N          2.90620        3.15881        1.78380
H          0.54657        0.70592       -0.68526
H          0.44091       -0.08286        0.89150
H          0.58765       -1.05194       -0.59152
H          2.85509        0.14112       -0.98310
H          4.61690        0.97900        2.27324
H          5.00031        0.92721        0.52386
H          5.91822       -1.25451        2.63346
H          4.98414       -2.76832        2.11118
H          2.04334       -1.38887        2.22620
H          1.58034        2.39643        0.42434
H          3.69795        2.85235        2.34959
