26

C          1.03597       -0.02611       -0.03474
C          2.52894        0.01610        0.03240
C          3.28349       -1.10373        0.02666
C          4.79257       -1.01030        0.01610
C          5.29184       -1.66075       -1.26377
C          5.72011       -2.21870       -2.36164
C          5.18144        0.49516        0.03829
C          4.45577        1.31251        1.14057
C          3.28608        1.32999        0.10164
N          4.38512        1.32944       -0.95760
C          2.37739        2.64011        0.07005
N          2.33419        3.32927       -1.10183
N          1.72147        3.06937        1.09736
H          0.67062       -1.05503       -0.13741
H          0.66830        0.53455       -0.89941
H          0.59340        0.38455        0.87654
H          2.83302       -2.09108       -0.01486
H          5.21176       -1.52501        0.88718
H          6.06460       -2.66982       -3.26318
H          6.26489        0.65323       -0.00696
H          4.90135        2.29557        1.34310
H          4.27220        0.80995        2.09325
H          4.78422        2.26109       -1.09081
H          2.48585        2.77553       -1.93866
H          1.55362        3.96928       -1.15528
H          1.87421        2.44166        1.89333
