25

C          2.97664       -1.51699       -0.09924
C          2.78226       -0.02064       -0.25133
N          2.92008        0.41187       -1.64695
N          4.13785        0.25883       -2.37366
C          5.33464        0.74894       -1.70973
C          4.60701        1.58014       -2.72679
C          3.46942        2.44485       -2.37658
C          3.65303        3.73136       -1.58920
N          3.22061        3.75716       -2.97685
C          2.31930        1.57994       -2.05448
N          1.10018        1.93399       -2.25035
C          0.17505        0.92670       -2.20386
O         -0.98695        1.07008       -1.84517
H          2.85075       -1.80550        0.94978
H          3.97686       -1.82792       -0.41530
H          2.24251       -2.06792       -0.69490
H          3.48883        0.51769        0.39098
H          1.78255        0.23725        0.11920
H          6.26009        0.27985       -2.02229
H          5.31113        1.06326       -0.67751
H          5.01846        1.65531       -3.72651
H          4.65772        4.07975       -1.38454
H          2.91062        3.98655       -0.84204
H          3.97872        4.01763       -3.60396
H          0.51122       -0.06563       -2.56405
