29

C          0.70811       -0.13310        0.14901
C          2.19014       -0.24281        0.17987
C          3.09540        0.93937        0.01670
N          2.69352        2.27340       -0.43116
C          3.03795        2.31009       -1.85551
C          4.54288        2.59951       -2.03193
C          2.22741        3.39785       -2.55853
C          2.72186        0.85474       -2.22423
N          1.52995        0.50271       -3.04337
C          2.82659        0.45829       -3.69420
C          3.28522       -0.89653       -4.06589
O          4.38372       -1.05975       -4.58745
C          3.02458       -0.13059       -1.07269
H          0.32967        0.05286        1.16055
H          0.27308       -1.07514       -0.19998
H          0.34292        0.67128       -0.49456
H          2.49369       -1.00225        0.89376
H          3.98478        0.93397        0.64582
H          3.16821        3.01587        0.07812
H          4.80679        3.58841       -1.63929
H          4.82575        2.57087       -3.09009
H          5.17152        1.86259       -1.51807
H          2.49404        4.39241       -2.18303
H          1.14906        3.27433       -2.40993
H          2.41545        3.39681       -3.63784
H          1.00117        1.34146       -3.27326
H          3.00761        1.21959       -4.44131
H          2.60277       -1.73968       -3.86354
H          3.88954       -0.77783       -1.16992
