33

C          2.93263       -0.08134       -1.75657
C          2.54898       -0.21420       -0.28741
C          3.06934       -1.47373        0.39792
N          2.27669       -2.60701        0.49470
C          1.03048       -2.90911        0.05675
N          0.41429       -4.01394        0.28886
C          4.27610       -1.39774        1.00238
C          4.95745       -2.47437        1.82404
C          6.50794       -2.49233        1.75774
C          7.00449       -2.67359        0.31913
O          7.01797       -1.26103        2.28175
C          7.02420       -3.61818        2.68557
C          8.54302       -3.74566        2.74397
H          2.58485        0.88469       -2.14096
H          2.48065       -0.86802       -2.36752
H          4.01896       -0.11303       -1.89478
H          1.46340       -0.12665       -0.17526
H          2.95311        0.66556        0.23338
H          2.67613       -3.32479        1.08169
H          0.53603       -2.12855       -0.54818
H          1.00472       -4.63283        0.84851
H          4.80980       -0.45298        0.93569
H          4.59979       -3.46756        1.52553
H          4.64953       -2.31122        2.86444
H          6.62993       -1.88060       -0.33673
H          6.69021       -3.63851       -0.09249
H          8.09561       -2.60591        0.26172
H          6.77387       -0.54171        1.67742
H          6.60054       -4.58319        2.38179
H          6.67713       -3.42277        3.70879
H          8.95627       -4.04813        1.77767
H          8.82602       -4.51074        3.47390
H          9.01281       -2.80431        3.04490
