31

C          0.73053       -0.52305        2.65661
C          2.24798       -0.52064        2.68834
C          2.90914       -0.55079        1.29345
C          4.46883       -0.61503        1.30089
C          4.97760       -1.87367        2.03278
N          5.10612       -1.33856        3.37669
C          5.44963       -2.24334        4.44429
N          5.37913       -0.01932        3.41863
C          5.01532        0.43047        2.25639
C          5.06611        1.88230        1.89442
C          5.12323       -0.52850       -0.07873
N          4.39832       -0.44943       -1.23147
N          6.41277       -0.50301       -0.24830
H          0.34533       -0.47653        3.68193
H          0.34812       -1.43989        2.19814
H          0.34062        0.33928        2.11013
H          2.55350       -1.39203        3.27590
H          2.56879        0.37507        3.23369
H          2.57752        0.33641        0.73973
H          2.52353       -1.41952        0.74290
H          5.94630       -2.23111        1.66600
H          4.26223       -2.70103        1.97112
H          5.19477       -3.27947        4.19475
H          4.87202       -1.98492        5.33920
H          6.51335       -2.19728        4.69062
H          5.48924        2.46354        2.71787
H          4.05331        2.23896        1.69052
H          5.68168        2.02813        1.00405
H          3.62901        0.20803       -1.23058
H          5.01944       -0.27793       -2.01969
H          6.91101       -0.55567        0.64967
