26

C         -3.86861       -6.77416       -0.17384
C         -3.77803       -5.31812       -0.23145
C         -3.67472       -4.12432       -0.27710
C         -3.53542       -2.60269       -0.29026
C         -3.45538       -1.41082       -0.21189
C         -3.39753        0.04796       -0.01353
C         -3.80592        0.44438        1.41452
O         -3.75224        1.88452        1.54928
C         -3.01325        2.22050        2.74814
C         -3.95696        2.85797        3.79237
N         -3.28654        3.24114        5.04240
C         -2.43687        0.92981        3.21717
C         -2.90149       -0.07504        2.48107
H         -2.95432       -7.22676       -0.56914
H         -4.71289       -7.13839       -0.76613
H         -3.99992       -7.11972        0.85618
H         -4.07218        0.53627       -0.72509
H         -2.39330        0.42919       -0.24293
H         -4.84072        0.13389        1.60696
H         -2.22094        2.92219        2.46551
H         -4.77654        2.16389        4.02044
H         -4.42716        3.74939        3.36113
H         -2.85506        2.41801        5.46064
H         -3.98726        3.56120        5.70946
H         -1.75363        0.84119        4.04903
H         -2.66390       -1.11830        2.63147
