29

C          1.17275       -0.25555        0.15262
C          2.70457       -0.00376        0.15945
O          3.21990       -1.23936       -0.35004
C          4.60092       -1.37956       -0.63637
C          5.02800       -0.62434       -1.88138
C          5.51550        0.78515       -1.56685
C          4.55579        1.68136       -0.76550
N          5.12904        2.01800        0.53515
C          3.10557        1.21039       -0.71404
C          2.22479        1.88430       -1.48951
C          3.01542        0.20634        1.64161
C          3.70977       -0.58068        2.47713
H          0.81699       -0.52802       -0.84867
H          0.60224        0.61193        0.50586
H          0.91029       -1.10690        0.79483
H          4.74400       -2.44936       -0.83220
H          5.22781       -1.13734        0.22546
H          4.21415       -0.58710       -2.61483
H          5.86121       -1.15928       -2.35330
H          5.74190        1.28155       -2.52048
H          6.48529        0.71342       -1.05434
H          4.57396        2.64736       -1.28955
H          5.32597        1.16893        1.06044
H          4.44670        2.54490        1.07663
H          2.53591        2.71972       -2.11210
H          1.17449        1.62678       -1.56473
H          2.58487        1.11358        2.06118
H          4.15277       -1.51764        2.15951
H          3.84214       -0.29767        3.51648
