27

C          1.14820        0.08082        0.05576
C          2.65011       -0.10791       -0.06136
O          3.32964        0.97425        0.57383
N          4.60557        0.46830        0.91292
C          4.49288       -0.95449        1.25365
C          5.68222       -1.84458        0.84154
N          6.87575       -1.66976        1.66603
C          3.16142       -1.38563        0.60489
O          3.25668       -2.43774       -0.35304
C          5.55847        1.37756        1.29318
O          6.66342        1.06905        1.74808
C          5.18020        2.85142        1.11232
O          6.27780        3.73613        1.30240
H          0.85191        1.04097       -0.38031
H          0.82989        0.10062        1.10291
H          0.60961       -0.71880       -0.46317
H          2.92026       -0.08420       -1.12431
H          4.37725       -0.99364        2.34649
H          5.94188       -1.66124       -0.20678
H          5.39574       -2.89847        0.93697
H          7.12988       -0.67102        1.69257
H          7.66860       -2.14683        1.24090
H          2.47612       -1.72805        1.39013
H          3.78748       -2.13018       -1.10923
H          4.40959        3.10376        1.84860
H          4.78995        3.01707        0.10486
H          6.83156        3.33036        1.99700
