26

C          1.01523        0.22784        0.17538
C          2.50796        0.24001        0.25815
C          3.28045       -0.70483        0.82157
N          4.65560       -0.73483        0.66120
C          5.24428       -1.45535       -0.37634
C          4.38889       -1.80054       -1.61388
C          3.33610       -2.87542       -1.52181
C          2.57456       -3.36263       -0.53022
C          2.48242       -3.03445        0.87366
C          2.72675       -1.86361        1.48130
N          6.47204       -1.85312       -0.42291
C          7.38541       -1.49499        0.64792
H          0.69049        0.91062       -0.61669
H          0.56611        0.55696        1.11510
H          0.63151       -0.76299       -0.08879
H          2.99930        1.06040       -0.26075
H          5.11400       -0.96341        1.53499
H          5.09040       -2.11314       -2.39991
H          3.92888       -0.87800       -1.98761
H          3.14957       -3.32336       -2.50000
H          1.88217       -4.16069       -0.80872
H          2.08864       -3.84249        1.49113
H          2.57361       -1.77318        2.55375
H          8.40863       -1.72957        0.33571
H          7.17601       -2.06972        1.55510
H          7.35697       -0.42319        0.87156
