30

C          1.43381        0.59665       -0.71263
N          2.74141        0.14557       -0.18249
C          3.07072       -1.24572       -0.67029
C          2.18978       -1.80648        0.45783
C          2.74683       -3.07071        0.95536
C          4.01700       -2.36363        1.28443
C          4.76633       -3.07685        2.41726
N          5.04151       -4.49143        2.17002
C          4.51065       -1.72524       -0.06043
N          5.05579       -0.58932        0.71723
C          3.98707       -0.87551        1.71792
C          2.57146       -0.47767        1.18158
C          1.82137        0.32067        2.21406
H          1.48393        0.65917       -1.80115
H          1.22035        1.58943       -0.33110
H          0.58426       -0.04407       -0.46930
H          2.84482       -1.51278       -1.70595
H          1.12971       -1.91493        0.20126
H          2.86332       -3.82621        0.16931
H          2.21087       -3.47907        1.80273
H          4.13091       -3.03316        3.31579
H          5.70057       -2.57111        2.68352
H          4.16784       -4.99521        2.02361
H          5.42696       -4.88768        3.03070
H          5.19037       -2.28331       -0.70783
H          4.88843        0.30613        0.24234
H          4.23145       -0.60944        2.74804
H          2.31915        1.28448        2.37966
H          1.82138       -0.19901        3.17974
H          0.77854        0.51077        1.93638
