33

C          1.05911       -0.17333        0.72488
C          2.54995       -0.32853        0.45091
C          2.91666       -1.20392       -0.79627
C          2.18343       -0.65310       -2.04472
C          2.66426        0.69143       -2.56478
C          4.47621       -1.33205       -0.90136
C          5.07779       -1.97620        0.32770
C          6.07472       -2.81930        0.05782
C          6.34513       -2.90805       -1.39709
C          5.16642       -2.14427       -2.05925
C          4.31137       -3.11185       -2.88597
N          5.10480       -3.78970       -3.91608
H          0.90996        0.26236        1.71877
H          0.55065       -1.14183        0.70116
H          0.58159        0.49884        0.00631
H          2.97438       -0.76954        1.35530
H          2.99937        0.66693        0.35591
H          2.51125       -2.20884       -0.61181
H          1.11217       -0.57245       -1.82673
H          2.20627       -1.36679       -2.86559
H          2.72499        1.44283       -1.77384
H          1.95903        1.06463       -3.31634
H          3.64280        0.60252       -3.04443
H          4.88221       -0.31044       -0.93884
H          4.79173       -1.75093        1.34783
H          6.64572       -3.35455        0.80550
H          6.40323       -3.96083       -1.69212
H          7.30507       -2.43395       -1.62719
H          5.59223       -1.41149       -2.76062
H          3.53935       -2.57830       -3.43125
H          3.83078       -3.85621       -2.24370
H          5.47556       -3.10534       -4.57159
H          4.49534       -4.40424       -4.45934
