29

C          0.97831       -0.11005        0.07922
C          2.52441       -0.07464       -0.06174
C          3.19416        0.98065        0.89429
C          3.06042       -0.12704        2.00532
C          3.25977       -1.13366        0.82621
N          4.72232       -1.22687        0.66306
C          5.45088        0.02138        0.44948
C          4.68730        1.28364        0.84235
C          2.76931       -0.09944       -1.58944
C          3.50342        1.06461       -2.26394
C          4.48306       -0.01389       -2.75733
O          5.56263       -0.05768       -3.29287
N          3.75088       -1.00342       -2.18411
H          0.62348       -0.07417        1.11182
H          0.57376       -1.02927       -0.36044
H          0.52696        0.74597       -0.43582
H          2.60036        1.88129        1.08522
H          2.08965       -0.17947        2.50977
H          3.80785       -0.14015        2.80805
H          2.76589       -2.10078        0.95255
H          5.10486       -1.99252        0.11455
H          5.74643        0.09622       -0.59850
H          6.39644       -0.01597        0.99916
H          4.91174        2.10581        0.15752
H          5.02442        1.62661        1.82941
H          1.82730       -0.28075       -2.13350
H          3.97173        1.83039       -1.65040
H          2.95319        1.55539       -3.07281
H          4.20365       -1.82592       -1.82250
