25

C          2.77936        0.72501        1.02319
O          2.37927        0.11752       -0.19869
C          2.98734        0.76009       -1.32300
O          4.40671        0.68397       -1.23459
N          4.99450        1.24136       -2.37080
C          6.29539        1.19929       -2.29208
C          7.06856        0.61767       -1.10578
C          6.83591       -0.86642       -0.83943
C          7.24957       -1.75953       -1.97731
O          7.83920       -1.37476       -2.98453
C          7.12565        1.78586       -3.38778
C          6.71059        2.85967       -4.07045
H          2.31442        0.17771        1.84726
H          2.44875        1.76747        1.05912
H          3.86496        0.66988        1.15344
H          2.66332        1.80615       -1.37332
H          2.64844        0.23752       -2.22342
H          6.78377        1.19321       -0.21639
H          8.14087        0.79317       -1.25617
H          5.79179       -1.09188       -0.61500
H          7.42235       -1.16966        0.03537
H          7.02305       -2.83110       -1.83608
H          8.08841        1.32880       -3.57776
H          5.74943        3.32693       -3.87626
H          7.32802        3.28917       -4.85031
