27

C          3.40245        0.99145       -0.64045
C          2.33473        0.04623       -0.07032
N          1.86097       -0.81079       -1.16785
C          2.86304       -0.74135        1.12456
C          2.92613       -2.09999        1.18496
C          3.50165       -2.88998        2.28784
C          3.02150       -2.65769        3.69756
C          4.37017       -2.12361        3.25666
C          4.61981       -0.67750        2.90167
O          5.09744        0.00307        4.05412
C          3.39215       -0.00239        2.29081
C          2.78512        1.08545        2.79876
H          3.03105        1.51778       -1.52756
H          4.31019        0.44760       -0.92747
H          3.68915        1.75981        0.08541
H          1.47303        0.64085        0.25454
H          2.66142       -1.30340       -1.56250
H          1.50905       -0.22019       -1.91980
H          2.54107       -2.68605        0.34883
H          3.81548       -3.89385        2.02070
H          2.99797       -3.51498        4.36170
H          2.19562       -1.97282        3.85819
H          5.25601       -2.61006        3.64491
H          5.43161       -0.64273        2.16227
H          4.39552       -0.07486        4.71941
H          3.16482        1.58911        3.68261
H          1.86538        1.48262        2.38254
