24

C         -0.14531       -0.26960       -1.43236
C         -0.53912        0.11278        0.00610
N          0.77343       -0.12507        0.65781
C          0.81611       -1.57966        0.34182
C          0.76387       -1.49707       -1.22420
C          0.30104       -2.76927       -1.83458
C          0.04569       -3.94098       -1.82738
C         -0.03105       -5.16102       -0.93892
C          0.07416       -5.19058        0.25223
C          0.21086       -4.43557        1.50271
C         -0.87920       -3.32678        1.53420
C         -0.53252       -1.99924        0.91266
C         -1.35972       -0.97052        0.65114
H          0.45417        0.53959       -1.86800
H         -1.00575       -0.44739       -2.08591
H         -0.91426        1.12987        0.14756
H          0.67789        0.00102        1.66486
H          1.69597       -2.06257        0.76712
H          1.77418       -1.27681       -1.61221
H          1.20766       -3.99020        1.53265
H          0.13411       -5.07844        2.38188
H         -1.15393       -3.15247        2.57620
H         -1.78602       -3.70028        1.03617
H         -2.42440       -0.92328        0.83762
