32

C          1.01109        0.27503       -0.09971
C          2.52232        0.30277        0.12310
N          2.79034        0.57814        1.53763
C          3.17350       -1.02588       -0.34676
C          4.59884       -0.54590       -0.52060
C          5.66996       -1.44765       -1.08917
C          7.05520       -1.20778       -0.43785
C          7.29413        0.05113        0.43437
N          6.98830        1.34628       -0.17681
C          5.74336        1.97543        0.32191
C          4.68114        1.91395       -0.73726
C          3.23114        1.33446       -0.75610
N          4.40963        0.65309       -1.38009
H          0.54093       -0.53344        0.46968
H          0.76542        0.12662       -1.15740
H          0.54749        1.21982        0.20790
H          2.36140       -0.14512        2.11298
H          2.34074        1.45264        1.80679
H          2.75143       -1.37566       -1.29719
H          3.07948       -1.83064        0.39152
H          4.90314       -0.32455        0.50450
H          5.76559       -1.30047       -2.17318
H          5.39338       -2.50107       -0.95973
H          7.82144       -1.25391       -1.22246
H          7.25600       -2.07058        0.21184
H          8.36637        0.06634        0.66837
H          6.81001       -0.06572        1.41092
H          6.90087        1.22596       -1.18842
H          5.97424        3.03475        0.48896
H          5.41508        1.59425        1.29325
H          4.83533        2.74162       -1.42876
H          2.55512        1.80135       -1.46607
