25

C          1.61442       -0.92576        0.09968
C          2.70431        0.14298       -0.09554
N          2.29913        1.29234        0.77653
C          1.86965        2.33935       -0.19065
C          1.42671        1.55119       -1.45137
C          2.74367        0.77163       -1.52086
N          3.68527        1.93739       -1.56716
C          4.35778        2.48186       -2.65553
O          4.84586        1.88053       -3.59324
C          4.26471        4.04667       -2.47933
O          5.40948        4.84165       -2.37328
C          3.43506        4.15918       -1.22366
C          3.08505        2.93194       -0.83651
H          1.75361       -1.45484        1.04880
H          1.60713       -1.65416       -0.71544
H          0.60589       -0.49288        0.15840
H          3.67992       -0.25972        0.20186
H          3.13596        1.63375        1.25465
H          1.13997        3.04963        0.19661
H          1.28001        2.18732       -2.33542
H          0.53353        0.93931       -1.33144
H          2.87780        0.08845       -2.36131
H          3.65414        4.41804       -3.31259
H          5.95681        4.46544       -1.66599
H          2.92408        5.06514       -0.92799
