26

C          1.28023        0.09564       -0.21135
N          2.72195        0.02860       -0.12323
C          3.50819       -1.11025        0.09837
C          3.07082       -2.46263       -0.16223
C          3.54094       -3.54263        0.48113
C          3.14037       -4.89475        0.17602
C          3.65190       -5.95363        0.81520
C          4.76305       -0.76070        0.46952
C          4.83675        0.68814        0.57139
C          5.84108        1.36336        1.13805
C          3.49398        1.18488        0.04592
N          3.08083        2.37814       -0.26272
N          3.96902        3.39378       -0.20840
H          0.81377       -0.89395       -0.23036
H          0.96955        0.63116       -1.11408
H          0.87685        0.62570        0.65950
H          2.33820       -2.57913       -0.95728
H          4.27713       -3.42219        1.27329
H          2.40361       -5.05106       -0.60884
H          4.39513       -5.84993        1.60011
H          3.33674       -6.96007        0.56054
H          5.58678       -1.42108        0.68002
H          6.71248        0.84975        1.52962
H          5.79341        2.43486        1.29093
H          3.58056        4.21182       -0.68125
H          4.83237        3.16306       -0.70550
