19

C          0.90524       -0.06333       -0.06646
C          2.23867        0.01220       -0.06529
C          3.06111        1.28043       -0.07204
N          4.41763        0.75217       -0.07450
C          4.41083       -0.61201       -0.06727
C          3.16715       -1.09950       -0.06171
C          5.66189       -1.37720       -0.08132
N          6.85462       -0.89594       -0.07938
S          7.11283        0.71366       -0.03706
O          7.67689        1.03758        1.26101
O          7.78999        1.08795       -1.26504
C          5.51670        1.57738       -0.08734
O          5.46005        2.80660       -0.11615
H          0.30109        0.84052       -0.07124
H          0.37681       -1.01060       -0.06355
H          2.91135        1.88421        0.82875
H          2.90424        1.88159       -0.97328
H          2.87969       -2.14019       -0.06020
H          5.54726       -2.47463       -0.10003
