23

N          1.12831        1.60608        1.78762
S          2.78650        1.67139        2.08021
O          2.99493        2.97009        2.67435
O          3.05758        0.44237        2.78847
C          3.42693        1.59190        0.42365
C          4.94769        1.65948        0.36751
C          5.67931        0.46918        1.03418
C          6.69880        1.16337        1.85729
C          6.48956        2.47164        1.77813
O          5.44004        2.87653        0.98768
O          5.36076        1.62450       -1.03202
N          4.84112        2.73204       -1.72865
C          5.62814        3.01481       -2.70981
H          0.67586        2.38611        2.27096
H          0.76231        0.69417        2.06589
H          2.97443        2.43669       -0.10472
H          3.06420        0.66527       -0.03534
H          6.15319       -0.19174        0.30017
H          5.04695       -0.15001        1.67010
H          7.46319        0.68027        2.44740
H          7.02063        3.26854        2.26914
H          5.39079        3.85954       -3.37470
H          6.55400        2.45414       -2.92108
