22

N          1.15787       -0.04801       -0.05411
N          2.49907        0.09436       -0.13547
C          3.09824       -0.70461       -0.96419
C          2.43330       -1.74076       -1.90027
C          3.60883       -2.56355       -2.25560
C          3.99463       -3.71377       -2.81272
N          3.84819       -4.82886       -3.52336
C          5.30521       -4.91985       -3.64586
C          5.34963       -3.78517       -2.72158
N          5.91242       -2.64093       -2.34763
N          4.81136       -1.96704       -1.85715
C          4.59664       -0.81705       -1.11520
C          5.49686        0.03219       -0.61133
H          0.78807        0.59219        0.65338
H          0.68290        0.19236       -0.92531
H          2.02433       -1.22117       -2.77361
H          1.66245       -2.31756       -1.38903
H          3.34403       -4.77354       -4.40423
H          5.72563       -4.75321       -4.64136
H          5.68829       -5.86212       -3.23914
H          6.55912       -0.12745       -0.76520
H          5.18845        0.89929       -0.03548
