23

N          1.16511       -0.27707       -0.61327
C          2.46632       -0.09633        0.02658
C          3.42762       -1.12879       -0.53940
C          4.25222       -2.01443       -1.02490
C          3.03686        1.27782       -0.27216
C          2.29625        2.58266        0.10666
N          3.63135        3.14069        0.47207
C          4.05323        1.75014        0.80520
C          5.51443        1.52033        0.59101
C          6.61791        2.10120        1.42194
O          6.13439        0.77153        1.65213
H          0.83986       -1.22144       -0.41130
H          1.29197       -0.24751       -1.62465
H          2.34632       -0.25814        1.10347
H          4.93063       -2.73715       -1.41623
H          3.41896        1.34664       -1.30459
H          1.60084        2.49995        0.95076
H          1.80115        3.10082       -0.71927
H          3.61590        3.77786        1.26589
H          3.75202        1.47578        1.82872
H          5.73165        1.21500       -0.42459
H          6.36133        2.86609        2.14755
H          7.59510        2.20452        0.97555
