29

C          0.72530       -0.69667       -1.68730
C          2.24800       -0.89142       -1.73590
N          2.85995        0.34688       -2.23044
C          2.91174       -1.28681       -0.42716
C          2.25637       -1.43900        0.73998
C          4.41449       -1.55651       -0.47358
C          4.69145       -2.96928       -0.91260
N          4.24444       -4.01524       -0.26951
N          4.67246       -5.18418       -0.84569
C          5.29417       -4.81362       -2.12357
C          6.66856       -4.23613       -2.12912
C          5.47935       -3.30514       -2.13375
N          5.24860       -2.51674       -3.35181
H          0.33324       -0.42652       -2.67552
H          0.43352        0.09758       -0.99046
H          0.22283       -1.62277       -1.38513
H          2.44860       -1.68094       -2.46605
H          2.63119        1.09837       -1.57724
H          2.41207        0.61490       -3.10673
H          1.18710       -1.29129        0.84181
H          2.77820       -1.76683        1.63551
H          4.85039       -1.43398        0.52582
H          4.93276       -0.83741       -1.11405
H          3.91130       -5.86086       -0.91172
H          4.90550       -5.28806       -3.01671
H          7.24129       -4.35640       -3.04218
H          7.26224       -4.32696       -1.22698
H          5.32049       -1.51563       -3.16043
H          4.30690       -2.66472       -3.70702
