30

C          0.84762       -0.05136        0.13485
C          2.34294        0.14264       -0.07978
C          3.14465       -1.18742       -0.00956
N          3.58545       -1.44643        1.38368
C          2.90907       -2.63715        1.93354
C          2.81560       -2.57629        3.43588
C          1.67571       -2.63690        4.13336
N          4.90776       -1.33202        1.69594
C          5.58833       -0.25344        1.45369
C          5.30507        1.09476        0.85029
C          6.50772        1.85858        0.37351
C          4.08738        1.63037        0.69259
N          2.85256        1.07538        0.95870
H          0.42428       -0.66508       -0.66724
H          0.33144        0.91567        0.12190
H          0.62767       -0.53205        1.09255
H          2.48472        0.59223       -1.07142
H          4.02534       -1.10911       -0.66030
H          2.55715       -2.01134       -0.43390
H          3.45637       -3.54242        1.64136
H          1.89430       -2.73114        1.52822
H          3.76090       -2.48349        3.96756
H          0.70978       -2.72659        3.64522
H          1.68632       -2.58803        5.21880
H          6.64373       -0.34796        1.76835
H          7.44371        1.32109        0.55095
H          6.57894        2.82891        0.87581
H          6.43561        2.02952       -0.70717
H          3.97101        2.60778        0.22506
H          2.97241        0.46179        1.78386
