26

N          0.97871       -0.14870       -0.17818
C          2.38842        0.03871       -0.04296
C          3.37300       -1.04270       -0.54879
C          4.79526       -0.28267       -0.56793
O          5.73933       -0.92593        0.28164
C          4.60192        1.20210       -0.20641
C          3.18296        1.36100       -0.80594
N          3.42247        1.39076       -2.30027
C          4.82011        0.98063       -2.71170
C          5.29975       -0.30471       -2.02273
C          2.94416        0.20875        1.36154
C          3.42088        0.35461        2.56633
H          0.74831       -0.17026       -1.17232
H          0.49595        0.66531        0.19559
H          3.06796       -1.38287       -1.54604
H          3.40638       -1.92384        0.10520
H          5.34484       -0.96933        1.16747
H          5.35187        1.90680       -0.58323
H          4.68233        1.45307        0.84835
H          2.69949        2.29420       -0.48789
H          3.37550        2.37565       -2.57468
H          5.53773        1.78540       -2.48434
H          4.89901        0.88436       -3.80021
H          6.39574       -0.39043       -2.05952
H          4.91543       -1.17520       -2.56900
H          3.79906        0.47444        3.55580
