28

C          0.88874        0.00327        0.10008
C          2.41513       -0.10725        0.06690
N          2.80622       -1.13595        1.03475
C          2.99635       -2.34262        0.62372
C          3.37783       -3.35378        1.69468
C          2.72255       -4.69663        1.42813
C          3.07619       -5.15966        0.02303
C          2.58175       -4.16139       -1.01673
N          2.93350       -2.77343       -0.69151
C          2.65410       -1.81169       -1.76039
C          2.94882       -0.37669       -1.33903
C          4.44141       -0.10061       -1.41881
N          5.67964        0.12842       -1.48500
H          0.54725        0.26710        1.10753
H          0.40515       -0.94184       -0.16490
H          0.53563        0.77601       -0.59044
H          2.82260        0.84849        0.42205
H          3.08624       -2.98125        2.68257
H          4.47043       -3.45146        1.68565
H          1.63363       -4.61072        1.52944
H          3.06346       -5.43242        2.16464
H          2.62986       -6.14174       -0.16979
H          4.16356       -5.27815       -0.06248
H          1.49003       -4.23626       -1.09667
H          2.99722       -4.43235       -1.99437
H          1.59607       -1.89475       -2.03829
H          3.23717       -2.07874       -2.65071
H          2.47521        0.30792       -2.05482
