31

C          2.89542       -0.45553       -1.14216
N          2.37333        0.15257        0.07722
C          3.07438        1.41258        0.40424
C          2.68171        2.54314       -0.56492
N          2.99492        3.80389        0.11876
C          4.41711        4.12902        0.02130
C          2.58819        3.54931        1.51826
C          2.73884        2.02279        1.81972
O          1.44764        1.54802        2.25531
C          3.73736        1.59182        2.91068
C          4.55247        2.43869        3.57500
C          3.72096        0.10791        3.23352
O          4.68830       -0.25366        4.21438
H          2.48498       -1.46084       -1.25791
H          3.98952       -0.54455       -1.12193
H          2.60093        0.11937       -2.02716
H          2.46580       -0.50616        0.84996
H          4.15994        1.25609        0.34933
H          1.60240        2.51862       -0.76620
H          3.18431        2.45428       -1.53575
H          4.70072        4.27230       -1.02641
H          5.07305        3.36272        0.44995
H          4.62231        5.07460        0.53401
H          1.52871        3.83052        1.59819
H          3.10207        4.21966        2.21129
H          0.89505        1.49176        1.45316
H          4.59269        3.50459        3.39344
H          5.20259        2.09397        4.37513
H          3.94894       -0.48540        2.34442
H          2.74058       -0.19699        3.61406
H          5.55966       -0.09221        3.81675
