34

C          1.27310        0.85612       -0.36395
C          2.80377        0.60656       -0.41678
C          3.22907        1.97901        0.35423
C          4.67766        1.71624       -0.08642
C          3.96534        1.11593       -1.34780
N          5.08017        0.96228        1.08726
C          5.92850       -0.19867        1.16173
C          6.54069       -0.14006        2.62102
N          7.37602       -1.26682        3.03478
C          5.08555       -1.46133        1.04286
C          4.40012       -1.58312       -0.30502
C          2.99205       -0.95736       -0.39133
N          2.46615       -1.52298       -1.66540
H          0.98415        1.89051       -0.14116
H          0.84611        0.26506        0.46537
H          0.75858        0.57731       -1.28017
H          2.98786        2.07455        1.41999
H          2.85626        2.91084       -0.10701
H          5.31150        2.58178       -0.30082
H          4.53987        0.42556       -1.96691
H          3.61473        1.88049       -2.06425
H          4.64575        1.18043        1.98407
H          6.75204       -0.16578        0.43078
H          5.71564       -0.07817        3.34636
H          7.12142        0.78351        2.74127
H          6.84512       -2.13340        2.95903
H          7.57302       -1.16511        4.03248
H          4.33713       -1.52180        1.84834
H          5.73768       -2.33780        1.15432
H          4.29107       -2.66432       -0.48412
H          5.08427       -1.25657       -1.09598
H          2.39121       -1.38132        0.42068
H          3.09646       -1.27811       -2.43404
H          1.56623       -1.11943       -1.90607
