31

C          1.10975       -0.18622       -0.00971
C          2.61568        0.03890       -0.01131
C          3.33668       -0.71105        1.17174
C          4.55737       -0.77848        0.19966
C          3.47972       -0.89982       -0.93042
C          5.30014        0.51512        0.17473
C          4.55356        1.62309        0.03458
C          3.03873        1.54671       -0.13608
N          2.46845        2.08672       -1.38405
C          2.60144        3.52757       -1.54651
C          3.38057        2.56767       -2.42324
C          3.01092        2.33425       -3.85401
N          3.21154        3.56024       -4.61995
H          0.86621       -1.24996        0.08841
H          0.64571        0.16654       -0.93614
H          0.64001        0.33931        0.82850
H          2.91975       -1.69422        1.42563
H          3.46736       -0.14856        2.10214
H          5.21468       -1.64340        0.31985
H          3.08123       -1.91451       -1.05810
H          3.75373       -0.51851       -1.91866
H          6.37615        0.54141        0.29929
H          5.02029        2.60230        0.05546
H          2.58829        2.08577        0.70828
H          3.14770        4.09365       -0.80230
H          1.74274        4.03462       -1.96617
H          4.45378        2.52928       -2.28636
H          1.97297        2.00134       -3.95721
H          3.65189        1.54555       -4.26508
H          2.54088        4.25625       -4.29717
H          2.96626        3.37629       -5.59216
