28

N          3.51574       -2.34100        1.01856
N          4.30373       -1.25414        0.57085
C          4.28085       -0.12845        1.37209
N          3.99523       -0.19264        2.63580
C          4.51501        1.21978        0.71073
C          5.22669        2.26228        1.57976
C          4.36411        2.74835        2.78179
N          4.39186        4.19256        2.66930
C          3.28117        5.04216        3.01806
C          3.56770        6.24421        2.08947
N          4.39699        5.71631        0.94969
C          4.79275        4.57189        1.42485
C          5.56617        3.51515        0.72691
H          3.61781       -3.14533        0.39414
H          2.52215       -2.08807        0.99804
H          4.35885       -1.08647       -0.43617
H          3.87064       -1.20679        2.80092
H          3.54125        1.59505        0.37651
H          5.11739        1.04046       -0.18986
H          6.15922        1.82594        1.96065
H          4.81327        2.44120        3.73209
H          3.33648        2.37373        2.73837
H          3.27613        5.32490        4.07363
H          2.32425        4.57968        2.75373
H          4.14363        7.01844        2.61050
H          2.63971        6.68678        1.71371
H          6.63226        3.75482        0.77110
H          5.24879        3.43701       -0.31677
