21

C         -1.83711        0.41487       -0.01877
C         -1.22506       -1.00351        0.08052
C          0.23873       -0.74138        0.12689
C          1.35581       -1.45043        0.31845
C          2.47003       -0.50314        0.02432
N          3.66424       -0.87460       -0.29468
O          4.32932        0.18341       -0.94319
C          4.79514        1.13667       -0.00546
O          3.83805        2.06161        0.51152
N          2.51281        2.04461        0.01471
C          1.92300        0.90068       -0.06304
C          0.47233        0.65444       -0.10372
C         -0.66249        1.34427       -0.17540
H         -2.39817        0.65551        0.89087
H         -2.51553        0.49035       -0.87464
H         -1.47969       -1.58302       -0.81556
H         -1.58347       -1.53729        0.96321
H          1.47672       -2.50819        0.47269
H          5.58885        1.71377       -0.49479
H          5.25554        0.62987        0.84972
H         -0.73253        2.41784       -0.26423
