27

C          2.91460       -1.25263        0.35617
N          2.32024       -0.07817       -0.27912
C          3.07986        1.15496        0.01935
C          2.40854        2.31119       -0.68672
N          2.70106        3.55077       -0.43643
O          3.78448        3.64934        0.46567
C          3.48325        3.03163        1.72258
C          4.68607        3.22813        2.60932
C          4.66082        3.84260        3.80089
C          5.83435        3.95138        4.63457
C          5.83560        4.56995        5.82072
C          3.18910        1.52611        1.51559
O          1.99698        1.14323        2.23802
H          2.45737       -2.15462       -0.06182
H          2.72762       -1.26326        1.43478
H          3.99290       -1.31306        0.18005
H          1.37799        0.01717        0.10553
H          4.08185        1.07985       -0.42313
H          1.65666        2.08899       -1.46153
H          2.61353        3.54368        2.15758
H          5.62208        2.82233        2.22880
H          3.73329        4.26567        4.18123
H          6.75239        3.48366        4.28743
H          4.95234        5.05429        6.22185
H          6.74225        4.61380        6.41900
H          3.98798        0.91318        1.95640
H          1.28213        1.75442        1.98037
