24

C          0.96870       -0.16351       -0.10689
C          2.49995       -0.07642       -0.04865
C          3.09794       -1.39767       -0.51718
O          4.44388       -1.45923       -0.41464
O          2.44296       -2.34933       -0.91804
C          3.07278        1.13704       -0.82881
C          2.76305        1.10552       -2.33095
N          4.57761        1.17651       -0.64404
S          4.93202        2.24017        0.65344
O          4.94655        1.41532        1.83724
O          6.06092        3.02421        0.21902
C          3.46431        3.12330        0.54783
C          2.59961        2.46281       -0.23695
H          0.60972       -0.99225        0.51389
H          0.61189       -0.34802       -1.12607
H          0.49552        0.74946        0.26464
H          2.76431        0.00528        1.01469
H          4.83440       -0.59685       -0.14307
H          3.10001        0.17228       -2.79415
H          3.26441        1.92449       -2.86126
H          1.68901        1.20936       -2.52375
H          5.06881        1.54899       -1.46666
H          3.31530        4.05929        1.05796
H          1.60410        2.84185       -0.43984
