27

C          1.12627        0.09867       -0.30494
S          2.88751        0.20895       -0.08395
O          3.51612       -0.40832       -1.23663
O          3.14120        1.60498        0.22199
C          3.29088       -0.77915        1.37726
C          2.68936       -2.19657        1.28369
C          2.97385       -3.03928        2.50314
C          2.43483       -2.65663        3.85959
C          1.88595       -3.86069        3.14832
C          4.82059       -0.82801        1.56162
O          5.46442       -1.56580        0.52685
C          5.46228        0.48387        1.71948
C          5.97647        1.55880        1.84694
H          0.81690        0.96690       -0.89501
H          0.63988        0.13693        0.66997
H          0.87846       -0.81650       -0.84248
H          2.83519       -0.24314        2.21958
H          3.08430       -2.72184        0.40507
H          1.60635       -2.13433        1.13263
H          3.96193       -3.49077        2.46370
H          1.78533       -1.79560        3.95729
H          3.07010       -2.82666        4.72249
H          0.87511       -3.80386        2.76201
H          2.14952       -4.83867        3.53965
H          5.03304       -1.37595        2.48677
H          5.30251       -1.09697       -0.31814
H          6.41188        2.52907        1.93981
