26

C          1.16042        0.49104       -0.80064
C          2.39429       -0.01831       -0.05331
O          3.36847       -0.41218       -1.02820
C          2.98710        0.97366        1.00664
C          4.23227        0.33377        1.65970
C          1.95703        1.23236        2.11299
C          1.34038        2.41553        2.28352
C          1.59800        3.61710        1.40868
N          2.75536        3.43319        0.55056
N          3.30949        4.44565       -0.13677
C          4.31189        3.81757       -0.75802
N          4.39532        2.46994       -0.52608
C          3.41450        2.25827        0.33087
H          0.85134       -0.23686       -1.55909
H          1.36621        1.42257       -1.33716
H          0.31652        0.65418       -0.12383
H          2.10258       -0.94354        0.46037
H          3.83367        0.39982       -1.31995
H          3.98073       -0.61373        2.15099
H          4.67442        0.99422        2.41575
H          5.01625        0.12156        0.92289
H          1.72532        0.40583        2.78493
H          0.61702        2.53991        3.08451
H          1.78643        4.50135        2.02423
H          0.73821        3.80216        0.75645
H          4.99994        4.35353       -1.39917
