23

C          1.08358        0.26633        0.38168
C          2.34826        0.12817       -0.06253
C          3.27474        1.33219       -0.04150
C          3.76947        1.77166       -1.43080
N          2.88373        1.34616       -2.50569
C          3.07178        0.02798       -3.10807
C          3.03037       -1.15670       -2.17190
N          4.12651       -1.36595       -1.21546
C          2.80053       -1.13208       -0.66944
C          1.74791        2.09076       -2.75339
O          1.44100        3.13750       -2.19800
H          0.70938        1.20908        0.76862
H          0.37625       -0.55704        0.33026
H          4.13214        1.13723        0.61367
H          2.75462        2.18791        0.41036
H          4.77866        1.40024       -1.63874
H          3.85014        2.86634       -1.44596
H          4.03419        0.04499       -3.63224
H          2.29961       -0.11927       -3.87236
H          2.71065       -2.05237       -2.69540
H          4.72902       -0.55520       -1.12052
H          2.37546       -2.02292       -0.21189
H          1.11131        1.65860       -3.54561
