31

C          0.99364        0.12899        0.08143
C          2.53577        0.03937        0.10289
N          2.97509       -0.02014        1.50661
C          3.10508       -1.17558       -0.71929
N          2.26091       -2.36492       -0.82066
C          3.35542       -0.57033       -2.06185
C          3.37122        0.77592       -2.04019
C          3.56760        1.60769       -3.29739
N          2.40300        2.46466       -3.54711
C          4.87269        2.45823       -3.35743
N          6.12073        1.69278       -3.28357
C          3.10154        1.23733       -0.67445
C          3.33998        2.44702       -0.14305
H          0.53635       -0.70734        0.62378
H          0.59567        0.11778       -0.94002
H          0.63987        1.05312        0.55563
H          2.63915       -0.88568        1.92594
H          2.53529        0.73333        2.03059
H          4.07575       -1.49194       -0.31334
H          1.36898       -2.11602       -1.24306
H          2.05150       -2.69920        0.11711
H          3.54712       -1.17056       -2.94068
H          3.61398        0.91871       -4.14881
H          2.32901        3.15923       -2.80287
H          1.55927        1.89512       -3.49551
H          4.87808        3.21110       -2.56549
H          4.88429        3.00794       -4.30766
H          6.13902        1.17349       -2.40473
H          6.90668        2.34254       -3.24608
H          3.77846        3.26691       -0.69307
H          3.12297        2.64225        0.90183
