26

C          4.20901        1.06438        0.59361
C          5.05213        0.31315       -0.35808
C          6.03219       -0.50545        0.07570
C          6.55829       -1.27138       -1.02613
C          6.13169       -0.70531       -2.17631
C          7.21474       -0.32016       -3.15769
C          7.36267        1.13274       -3.51493
C          7.80079        1.56764       -4.70657
C          7.09368        2.13230       -2.46508
N          5.98751        2.72629       -2.15046
O          4.98396        2.42595       -3.06618
C          4.39029        1.14263       -2.90266
C          4.87060        0.11291       -1.85237
H          3.24044        1.30826        0.16400
H          4.69273        1.97902        0.94383
H          4.01794        0.43899        1.47657
H          6.38199       -0.60920        1.09454
H          6.32099       -2.32778       -0.86640
H          7.10102       -0.93112       -4.05889
H          8.18415       -0.60844       -2.71953
H          8.06280        0.85853       -5.48498
H          7.92731        2.62326       -4.92955
H          7.98049        2.36793       -1.82156
H          4.49341        0.66712       -3.88891
H          3.31206        1.30581       -2.79001
H          4.04697       -0.62209       -1.89778
