36

C          3.49901        0.65780        2.52096
N          3.60860        0.26627        1.12161
C          4.09707       -1.11472        0.92033
C          3.16013       -2.13547        1.57926
C          4.21196       -1.35819       -0.61010
C          4.79146       -2.70468       -1.02106
C          3.97423       -3.72858       -1.33076
C          6.30644       -2.80681       -1.10760
N          6.78879       -3.75939       -0.09952
C          6.84708       -3.24015       -2.49072
C          6.50260       -2.29806       -3.66144
C          7.04623       -0.88239       -3.47192
N          7.06718       -2.86313       -4.89377
H          3.21195        1.71285        2.57756
H          4.44930        0.53923        3.04995
H          2.71812        0.09772        3.04289
H          4.23803        0.91589        0.65036
H          5.09547       -1.20866        1.36548
H          2.12916       -2.01131        1.22926
H          3.16382       -2.03865        2.66977
H          3.46781       -3.16340        1.36809
H          4.82750       -0.56850       -1.05781
H          3.21974       -1.23821       -1.06857
H          2.89444       -3.62989       -1.26249
H          4.35590       -4.69964       -1.63254
H          6.75443       -1.84045       -0.85248
H          6.40670       -4.68211       -0.30433
H          6.42294       -3.49785        0.81395
H          6.47916       -4.24801       -2.73253
H          7.94111       -3.33216       -2.42230
H          5.41620       -2.24783       -3.79048
H          8.11259       -0.89057       -3.22157
H          6.51391       -0.35848       -2.67341
H          6.91863       -0.28452       -4.38207
H          8.08299       -2.91892       -4.81488
H          6.88142       -2.23419       -5.67862
