27

C          2.89927        2.48146        2.95968
C          2.51068        1.27896        2.11127
C          3.08085        1.31330        0.69072
N          4.55220        1.28755        0.68003
C          5.22673        2.48102        0.58939
N          6.50054        2.67056        0.56571
C          7.27177        1.55304        0.62993
N          8.54497        1.74386        0.58300
C          6.69777        0.16420        0.74844
C          7.48157       -0.96505        0.07154
C          7.50357       -0.84874        1.56765
C          5.18767        0.06729        0.77539
N          4.58552       -1.07489        0.87873
H          2.41860        2.41947        3.94122
H          2.58369        3.41646        2.48621
H          3.97976        2.52303        3.12607
H          1.41668        1.24458        2.04230
H          2.82433        0.36352        2.62516
H          2.71058        2.20380        0.16624
H          2.68473        0.46261        0.12186
H          4.56526        3.36318        0.54195
H          8.65030        2.76248        0.50360
H          8.39077       -0.70834       -0.46495
H          6.94104       -1.78291       -0.38790
H          8.42667       -0.51280        2.03178
H          6.98088       -1.58737        2.16186
H          5.25160       -1.84689        0.93518
