27

C          1.04556       -0.01425       -0.03241
C          2.53749       -0.06910        0.18611
C          3.11077        0.69057        1.13564
C          3.24738       -1.03956       -0.73491
C          4.75991       -1.10708       -0.54950
O          5.33506       -2.08766       -1.59277
C          6.55586       -1.35184       -1.35055
C          7.58208       -0.80363       -2.31539
N          7.89029        0.50024       -1.65780
C          6.87834        0.87300       -0.79354
N          6.87522        1.74011        0.14402
C          5.67525       -0.03489       -1.21595
O          5.06612        0.53453       -2.42969
H          0.54223        0.64524        0.68303
H          0.60788       -1.01246        0.07524
H          0.82524        0.35479       -1.03942
H          2.51334        1.35285        1.75854
H          4.17583        0.69178        1.34064
H          3.00381       -0.78111       -1.77276
H          2.83177       -2.03984       -0.55815
H          5.03650       -1.42941        0.46652
H          7.05358       -1.72562       -0.43859
H          7.19477       -0.64268       -3.32613
H          8.47679       -1.43093       -2.36119
H          8.85616        0.72233       -1.45330
H          7.79154        2.19859        0.17457
H          4.72039        1.39097       -2.11899
