26

C         -0.87611        1.12606       -1.64557
C         -0.97950        1.37771       -0.11578
N         -1.93161        0.42683        0.51376
C         -1.41362       -0.99847        0.36150
C         -0.87394       -1.30159       -1.11451
C         -1.48675       -0.23873       -2.02005
C         -2.33063       -0.32015       -3.30022
C         -3.62456        0.63448       -3.21396
C         -4.15774        0.84630       -1.78818
N         -3.51454        1.53805       -0.85865
C         -3.27859        0.63730        0.19197
N         -4.29139       -0.21129        0.44427
S         -5.20755       -0.27801       -0.99053
H          0.18025        1.16075       -1.94084
H         -1.35271        1.95059       -2.18852
H         -1.26806        2.41591        0.09277
H          0.00588        1.24305        0.34890
H         -2.20299       -1.72114        0.60220
H         -0.60483       -1.16351        1.08147
H         -1.14498       -2.31795       -1.41923
H          0.22105       -1.23777       -1.12522
H         -2.39828       -0.39227       -1.50280
H         -2.69147       -1.35248       -3.41414
H         -1.74856       -0.08755       -4.19688
H         -3.34843        1.61832       -3.61097
H         -4.41259        0.23186       -3.85996
