27

C          1.22393       -0.03577        0.11837
N          2.67580       -0.09194        0.06316
C          3.22115       -1.07232       -0.56284
N          2.59862       -2.14302       -1.13450
C          3.06130       -2.69282       -2.39083
C          2.35360       -4.03477       -2.67927
N          0.88925       -3.90210       -2.68747
C          4.56146       -2.86276       -2.31710
C          5.16245       -1.54301       -1.86794
O          6.57735       -1.77741       -1.73177
N          7.23641       -0.56943       -1.44574
C          8.49129       -0.81521       -1.28432
O          4.57029       -1.06853       -0.64803
H          0.91474        0.92220        0.54279
H          0.81822       -0.83246        0.74881
H          0.77714       -0.09586       -0.88385
H          1.59117       -2.10004       -1.08976
H          2.80524       -1.98193       -3.18772
H          2.62821       -4.78447       -1.92816
H          2.67790       -4.41273       -3.65524
H          0.55892       -3.76034       -1.73343
H          0.48233       -4.79467       -2.97212
H          4.97559       -3.16549       -3.28675
H          4.82907       -3.64964       -1.60096
H          5.01827       -0.77606       -2.64070
H          9.18276       -0.00113       -1.01867
H          8.92513       -1.82247       -1.40279
