23

C          0.76996       -0.06527        0.12583
C          2.28936       -0.13792        0.02627
C          2.91940       -1.33841       -0.04320
N          4.17332       -1.73717       -0.41370
C          5.23371       -1.01560       -0.49601
N          5.52438        0.27385       -0.14531
C          5.12202        1.33821       -0.90635
N          5.95671        2.03973       -1.61341
N          3.77419        1.59713       -0.92703
O          3.47692        2.85700       -1.47905
C          2.87616        1.24506        0.14231
C          2.17979       -2.43672        0.70319
C          1.54536       -3.37884        1.34345
H          0.26629       -1.02369       -0.03267
H          0.39220        0.59297       -0.66715
H          0.45622        0.33833        1.09286
H          6.13063       -1.49968       -0.92092
H          5.10675        0.39748        0.77283
H          6.89097        1.64447       -1.46230
H          4.26782        3.02418       -2.04122
H          2.07014        1.98869        0.20361
H          3.36619        1.33378        1.12517
H          1.03241       -4.15573        1.86008
