24

C          0.87729       -0.64851        1.71929
O          2.29746       -0.75556        1.70162
C          3.01967        0.29776        1.18523
C          2.50194        1.42714        0.67275
C          4.51722        0.06174        1.21215
C          5.09779       -0.11464        2.62359
N          6.54544       -0.32845        2.58015
C          7.18793       -1.05838        3.54495
O          6.64521       -1.69395        4.43742
C          4.89183        1.14044        3.45200
N          5.41556        2.27449        3.09907
O          5.05651        3.24744        4.03711
H          0.47211       -1.59446        2.09063
H          0.47698       -0.48756        0.71278
H          0.55864        0.14806        2.39963
H          1.43770        1.62539        0.62452
H          3.14452        2.20570        0.27227
H          5.03807        0.88185        0.69909
H          4.73399       -0.83774        0.62122
H          4.62182       -0.95354        3.14410
H          7.09535        0.37821        2.10346
H          8.28360       -1.00586        3.43642
H          4.28110        1.03653        4.36687
H          5.46221        4.05542        3.67077
