24

C          1.04820       -0.04813        0.09487
N          2.48759       -0.07575        0.13976
C          3.30369        1.12471        0.10263
C          3.84321        1.37403        1.54670
C          4.73772        2.62360        1.63990
N          5.90994        2.53998        0.78360
C          2.67056        1.52835        2.50142
C          1.66466        1.66073        3.32037
C          4.38496        0.60089       -0.85809
O          5.05242        1.21819       -1.66776
O          4.41325       -0.77079       -0.71676
C          3.24719       -1.15284       -0.12678
N          3.01316       -2.38700        0.12180
H          0.66078        0.97269        0.16824
H          0.62921       -0.63192        0.91888
H          0.68875       -0.47020       -0.84899
H          2.78110        1.97890       -0.33949
H          4.42896        0.50657        1.88279
H          5.07155        2.76729        2.67491
H          4.16264        3.51644        1.36727
H          6.52633        1.77498        1.05718
H          6.46506        3.39274        0.83868
H          0.84437        1.76285        3.99363
H          3.83429       -2.92173       -0.17050
