26

C          1.51077        1.28998       -0.48730
N          2.47656        0.29269       -0.06205
C          2.98606       -0.58450       -1.15960
C          4.01784       -1.65453       -0.61533
C          5.09410       -0.90637        0.15429
C          6.01732       -0.26460        0.81447
C          7.09358        0.48356        1.58409
O          6.49903        1.50541        2.36701
C          3.15586       -2.62417        0.15106
C          2.59520       -3.85844       -0.52962
C          1.78963       -2.60122       -0.57224
C          1.89410       -1.54145       -1.61765
O          1.17668       -1.46286       -2.59565
H          1.17513        1.84725        0.39403
H          0.62443        0.84778       -0.94928
H          1.96761        2.00887       -1.17101
H          2.07222       -0.27721        0.68182
H          3.41840       -0.00170       -1.97752
H          4.49653       -2.16508       -1.46221
H          7.80769        0.93732        0.89066
H          7.62828       -0.20284        2.24647
H          5.92324        2.01049        1.76756
H          3.14330       -2.51546        1.22199
H          2.19590       -4.65278        0.09148
H          3.04169       -4.21384       -1.44923
H          0.86711       -2.58122       -0.00598
