26

C          3.62464       -1.03706        2.18401
C          3.13797       -0.64748        0.79800
C          3.67234       -1.57804       -0.24921
C          4.45789       -1.17732       -1.26612
C          4.96461       -2.11750       -2.32717
C          4.45794       -1.68800       -3.69436
C          4.02332       -1.31958       -4.86714
C          3.51665       -0.89009       -6.23434
N          3.27603        0.54055       -6.22224
S          6.78049       -2.15751       -2.33481
O          6.99480       -3.23641       -3.52577
O          7.31460       -0.90906       -2.82275
O          7.27278       -2.77446       -1.11523
H          3.22413       -0.34648        2.93336
H          4.71794       -1.00452        2.24095
H          3.29848       -2.04944        2.44839
H          3.44197        0.38329        0.58632
H          2.04459       -0.67357        0.77641
H          3.39049       -2.62573       -0.16045
H          4.73834       -0.12869       -1.34645
H          4.64187       -3.14541       -2.12389
H          2.59506       -1.43154       -6.47017
H          4.26755       -1.13721       -6.99114
H          2.55583        0.75139       -5.53340
H          2.90291        0.82682       -7.12488
H          6.98577       -2.77050       -4.39183
