30

C          9.19543        2.09142       -3.40889
C          7.66502        2.01272       -3.47263
C          7.22025        0.68706       -4.10180
C          6.40463       -0.24129       -3.27326
C          5.98949       -0.03996       -2.00641
C          5.22905       -1.14772       -1.40167
C          4.70123       -1.26052       -0.17669
C          6.33524        1.24928       -1.26511
N          7.22524        0.94555       -0.13391
C          5.10893        1.97653       -0.76877
C          4.94600        3.19677       -1.28911
C          6.01838        3.53112       -2.25445
C          7.03511        2.37567       -2.10848
H          9.63443        1.91191       -4.39724
H          9.60732        1.35810       -2.70886
H          9.51518        3.09102       -3.09388
H          7.39317        2.79475       -4.19651
H          8.09385        0.12603       -4.45902
H          6.63321        0.91137       -5.00183
H          6.15905       -1.16975       -3.78093
H          5.08356       -2.01557       -2.04703
H          4.76530       -0.50036        0.58734
H          4.17230       -2.17144        0.10145
H          6.83412        0.17592        0.39983
H          7.24553        1.74980        0.48812
H          4.39626        1.55846       -0.07367
H          4.11779        3.85325       -1.06628
H          6.49112        4.48443       -1.98722
H          5.60197        3.62147       -3.26125
H          7.84309        2.80612       -1.49305
