24

C          1.25118        0.17176        0.14828
C          2.68591       -0.17720        0.02860
C          3.24306       -1.27928       -0.48512
O          4.62884       -1.34016       -0.54216
C          5.04966       -0.13429        0.19353
C          5.62844        1.04470       -0.64448
C          4.24179        1.69212       -0.70049
C          3.76829        0.74798        0.42387
C          5.90183       -0.50836        1.46968
O          5.64717       -0.35022        2.66092
C          7.25747       -1.11733        1.08045
N          8.03877       -1.49505        2.13818
O          7.62096       -1.22327       -0.07768
H          0.60913       -0.66606       -0.14263
H          1.01208        1.02049       -0.50101
H          1.00368        0.44586        1.17824
H          2.74966       -2.13867       -0.90655
H          6.05101        0.76934       -1.61405
H          6.36384        1.65251       -0.10395
H          3.74380        1.55247       -1.66912
H          4.21565        2.75742       -0.45437
H          3.66854        1.19638        1.41696
H          7.71505       -1.35348        3.08882
H          8.95330       -1.89092        1.96442
