30

C          0.82195        0.07246        0.24595
C          2.35372        0.14227        0.20379
N          2.90215       -1.00363       -0.56762
C          2.93527       -0.14946       -1.77082
C          3.08552        1.09289       -0.82857
C          2.42129        2.34259       -1.42752
C          2.56604        3.53513       -0.47466
C          4.08946        3.79457       -0.48838
C          4.78183        3.31802        0.77341
N          5.08220        1.90391        0.55987
C          4.58443        1.49832       -0.75838
C          4.55565        2.82121       -1.56403
N          3.39175        2.76023       -2.46260
H          0.49204       -0.85036        0.73498
H          0.37326        0.08602       -0.75495
H          0.41039        0.91336        0.80677
H          2.74400        0.18703        1.22782
H          2.30420       -1.82502       -0.64246
H          2.00787       -0.17477       -2.35772
H          3.76182       -0.36730       -2.45373
H          1.40225        2.19432       -1.79268
H          2.16811        3.34471        0.52740
H          2.04578        4.41077       -0.88729
H          4.30530        4.84623       -0.72847
H          4.16868        3.46818        1.66650
H          5.71944        3.86255        0.91717
H          4.77055        1.30141        1.31072
H          5.24297        0.74818       -1.20370
H          5.50720        3.08674       -2.03648
H          3.51706        2.01705       -3.15145
