28

C          1.44761       -0.15475        0.55489
C          2.66074        0.14669       -0.26023
C          2.58076        0.42611       -1.74249
N          1.33771        0.58935       -2.50390
C          0.34174        1.50143       -1.94270
C          0.96048        2.81824       -1.53514
C          0.77623        3.96740       -2.50650
N          0.14193        4.02181       -1.20070
C         -1.20219        3.87666       -1.06254
N         -1.87388        4.35121       -0.06563
C          2.16693        2.73231       -0.61788
C          3.02801        1.51927       -0.81218
O          4.43896        1.80349       -0.82477
H          1.73194       -0.68594        1.47008
H          0.76763       -0.81351        0.00452
H          0.89941        0.73858        0.86326
H          3.49209       -0.46233        0.07821
H          3.36158       -0.05957       -2.32633
H          0.90686       -0.31774       -2.68415
H         -0.18772        1.04767       -1.10168
H         -0.41218        1.64992       -2.72549
H          0.09934        3.86623       -3.34397
H          1.57887        4.68029       -2.63265
H         -1.71854        3.30995       -1.85108
H         -1.19845        4.83559        0.53999
H          1.82767        2.76636        0.42400
H          2.78304        3.63047       -0.75675
H          4.69135        2.24790       -1.65288
